bar_minutes,signal_time,session_date,session_close,bar_id,setup,side,atr,entry_reference_close,profile_poc,profile_val,profile_vah,session_vwap,vwap_upper,vwap_lower,absorption,recent_absorption,accumulation,smoothed_delta_proxy
1,2024-01-02 14:30:00+00:00,2024-01-02,2024-01-02 21:00:00+00:00,568,value_area_bounce,1,7.055714285714463,16714.82,16706.349791666667,16687.278958333336,16710.163958333334,16705.31666666667,16708.844523809526,16701.788809523812,False,False,False,8403.312039622324
1,2024-01-02 14:32:00+00:00,2024-01-02,2024-01-02 21:00:00+00:00,570,value_area_bounce,1,8.91357142857149,16708.82,16704.89,16699.309999999998,16716.050000000003,16707.717091546216,16712.173877260502,16703.26030583193,False,False,False,10723.108282606732
1,2024-01-02 15:00:00+00:00,2024-01-02,2024-01-02 21:00:00+00:00,598,value_area_bounce,1,15.359285714285372,16624.96,16706.128750000003,16614.11375,16719.27375,16640.71280555886,16648.392448416,16633.033162701715,False,False,False,6853.876148047744
1,2024-01-02 15:44:00+00:00,2024-01-02,2024-01-02 21:00:00+00:00,642,value_area_bounce,1,8.497857142856706,16560.95,16604.97,16558.410000000003,16616.61,16614.188316654258,16618.437245225687,16609.93938808283,False,False,False,3447.5015665061533
1,2024-01-02 17:20:00+00:00,2024-01-02,2024-01-02 21:00:00+00:00,738,value_area_bounce,1,6.706428571429569,16612.32,16626.113749999997,16612.055416666666,16630.33125,16605.940863536372,16609.294077822087,16602.587649250658,False,False,False,262.6544585888822
1,2024-01-02 19:13:00+00:00,2024-01-02,2024-01-02 21:00:00+00:00,851,value_area_bounce,1,7.8471428571426385,16541.56,16579.62625,16539.61875,16582.70375,16597.663731921195,16601.587303349766,16593.740160492624,False,False,False,3886.1242590330194
1,2024-01-03 14:30:00+00:00,2024-01-03,2024-01-03 21:00:00+00:00,1948,value_area_bounce,1,10.521428571428519,16466.74,16456.451875,16440.844791666666,16472.058958333335,16457.416666666668,16462.677380952384,16452.155952380952,False,False,False,4991.2878834753255
1,2024-01-03 14:31:00+00:00,2024-01-03,2024-01-03 21:00:00+00:00,1949,value_area_bounce,1,11.780714285714307,16466.01,16458.159583333334,16448.622916666667,16465.31208333333,16458.91257442729,16464.802931570146,16453.022217284433,False,False,False,10161.299429156217
1,2024-01-03 15:01:00+00:00,2024-01-03,2024-01-03 21:00:00+00:00,1979,value_area_bounce,-1,18.214999999999105,16452.24,16458.5825,16431.627500000002,16473.5575,16467.050115709288,16476.157615709286,16457.94261570929,False,False,False,-1027.5196715326238
1,2024-01-03 15:07:00+00:00,2024-01-03,2024-01-03 21:00:00+00:00,1985,value_area_bounce,-1,19.98285714285651,16469.49,16461.5775,16431.627500000002,16476.552499999998,16469.839885009602,16479.83131358103,16459.848456438172,False,False,False,-784.1245200714457
1,2024-01-03 18:16:00+00:00,2024-01-03,2024-01-03 21:00:00+00:00,2174,value_area_bounce,-1,6.849285714285153,16444.01,16429.650416666667,16409.857083333332,16446.96958333333,16441.209530799264,16444.634173656406,16437.78488794212,False,False,False,-1628.7085881647765
1,2024-01-03 18:38:00+00:00,2024-01-03,2024-01-03 21:00:00+00:00,2196,value_area_bounce,1,6.585714285713558,16437.26,16448.802083333336,16432.635416666664,16452.84375,16440.97441763743,16444.267274780286,16437.681560494573,False,False,False,793.5400903685957
1,2024-01-03 18:51:00+00:00,2024-01-03,2024-01-03 21:00:00+00:00,2209,value_area_bounce,1,5.973571428570982,16439.51,16448.802083333336,16432.635416666664,16452.84375,16440.783516147138,16443.770301861423,16437.796730432852,False,False,False,1090.3936247403624
1,2024-01-03 19:10:00+00:00,2024-01-03,2024-01-03 21:00:00+00:00,2228,value_area_bounce,1,18.497142857142666,16433.24,16428.914375,16419.728125,16441.162708333337,16438.96578649082,16448.21435791939,16429.717215062246,False,False,False,7550.3045772195055
1,2024-01-03 20:30:00+00:00,2024-01-03,2024-01-03 21:00:00+00:00,2308,value_area_bounce,1,8.43500000000053,16412.01,16447.282291666666,16402.795208333337,16454.126458333332,16437.796905360545,16442.014405360544,16433.579405360546,False,False,False,2420.0067420320865
1,2024-01-04 14:30:00+00:00,2024-01-04,2024-01-04 21:00:00+00:00,3328,value_area_bounce,1,7.22857142857187,16319.26,16320.92,16308.253333333334,16320.92,16312.51,16316.124285714286,16308.895714285714,False,False,False,3982.0764108720555
1,2024-01-04 14:31:00+00:00,2024-01-04,2024-01-04 21:00:00+00:00,3329,value_area_bounce,1,8.265000000000327,16326.38,16311.947916666668,16309.39625,16320.87875,16316.279315013133,16320.411815013133,16312.146815013133,False,False,False,7554.017380882148
1,2024-01-04 14:38:00+00:00,2024-01-04,2024-01-04 21:00:00+00:00,3336,value_area_bounce,-1,15.770714285714478,16330.13,16327.989375000001,16297.184791666667,16332.728541666667,16329.364126079003,16337.24948322186,16321.478768936146,False,False,False,-264.46741550155775
1,2024-01-04 14:40:00+00:00,2024-01-04,2024-01-04 21:00:00+00:00,3338,value_area_bounce,-1,17.192142857142763,16319.12,16327.989375000001,16297.184791666667,16332.728541666667,16329.30567007723,16337.901741505802,16320.709598648658,False,False,False,-7203.97903994991
1,2024-01-04 14:42:00+00:00,2024-01-04,2024-01-04 21:00:00+00:00,3340,value_area_bounce,-1,18.65785714285695,16322.51,16327.989375000001,16297.184791666667,16332.728541666667,16329.024261461549,16338.353190032978,16319.69533289012,False,False,False,-2579.244379213429
1,2024-01-04 14:43:00+00:00,2024-01-04,2024-01-04 21:00:00+00:00,3341,value_area_bounce,-1,18.677142857142567,16323.64,16327.989375000001,16297.184791666667,16332.728541666667,16328.888166790208,16338.226738218778,16319.549595361637,False,False,False,-1644.98767153932
1,2024-01-04 14:46:00+00:00,2024-01-04,2024-01-04 21:00:00+00:00,3344,value_area_bounce,-1,17.39714285714269,16319.37,16327.989375000001,16311.402291666667,16332.728541666667,16328.840888612578,16337.53946004115,16320.142317184007,False,False,False,-4795.59666581559
1,2024-01-04 14:51:00+00:00,2024-01-04,2024-01-04 21:00:00+00:00,3349,value_area_bounce,1,15.79857142857119,16328.52,16327.989375000001,16311.402291666667,16332.728541666667,16326.123384655553,16334.022670369839,16318.224098941268,False,False,False,3594.759184630432
1,2024-01-04 14:56:00+00:00,2024-01-04,2024-01-04 21:00:00+00:00,3354,value_area_bounce,-1,14.76071428571426,16328.25,16337.467708333334,16318.511041666667,16337.467708333334,16327.648699487792,16335.02905663065,16320.268342344934,False,False,False,-1785.762633286332
1,2024-01-04 15:00:00+00:00,2024-01-04,2024-01-04 21:00:00+00:00,3358,value_area_bounce,1,15.50071428571417,16327.51,16337.467708333334,16316.141458333334,16337.467708333334,16326.229661854024,16333.980018996881,16318.479304711167,False,False,False,859.4261058031616
1,2024-01-04 16:30:00+00:00,2024-01-04,2024-01-04 21:00:00+00:00,3448,value_area_bounce,-1,7.506428571428581,16407.75,16384.664375,16358.034375000001,16411.294374999998,16355.899135201973,16359.652349487687,16352.145920916259,False,False,False,-2986.3215393808478
1,2024-01-04 17:31:00+00:00,2024-01-04,2024-01-04 21:00:00+00:00,3509,value_area_bounce,1,8.165714285714005,16368.89,16367.8525,16360.3075,16377.9125,16361.864828857211,16365.947686000069,16357.781971714354,False,False,False,1612.6634893721844
1,2024-01-04 17:32:00+00:00,2024-01-04,2024-01-04 21:00:00+00:00,3510,value_area_bounce,1,7.997857142856836,16367.77,16367.8525,16362.8225,16377.9125,16361.882466454148,16365.881395025577,16357.883537882719,False,False,False,2175.6585662336843
1,2024-01-04 18:01:00+00:00,2024-01-04,2024-01-04 21:00:00+00:00,3539,value_area_bounce,1,7.249285714285049,16360.62,16370.014375,16354.384375000001,16375.875625,16361.328890915169,16364.953533772312,16357.704248058026,False,False,False,1256.8625617599182
1,2024-01-04 18:51:00+00:00,2024-01-04,2024-01-04 21:00:00+00:00,3589,value_area_bounce,-1,6.857857142857289,16363.88,16359.701874999999,16346.010624999999,16371.871875,16361.713926330709,16365.142854902138,16358.28499775928,False,False,False,-131.03908619727702
1,2024-01-04 19:01:00+00:00,2024-01-04,2024-01-04 21:00:00+00:00,3599,value_area_bounce,1,7.899999999999766,16365.64,16373.393124999999,16361.223125,16374.914375,16361.733156314025,16365.683156314026,16357.783156314024,False,False,False,84.31260537833742
1,2024-01-04 19:58:00+00:00,2024-01-04,2024-01-04 21:00:00+00:00,3656,value_area_bounce,-1,7.27142857142852,16339.14,16333.190833333334,16324.932499999999,16343.100833333334,16359.209105628584,16362.844819914299,16355.57339134287,False,False,False,-195.9424256976135
1,2024-01-04 20:15:00+00:00,2024-01-04,2024-01-04 21:00:00+00:00,3673,value_area_bounce,-1,7.455714285714229,16337.25,16333.752708333333,16326.104374999999,16345.225208333333,16358.787483138358,16362.515340281216,16355.0596259955,False,False,False,-2540.2535318916553
1,2024-01-04 20:38:00+00:00,2024-01-04,2024-01-04 21:00:00+00:00,3696,value_area_bounce,-1,6.646428571428389,16342.64,16340.54125,16332.07875,16347.311249999999,16357.852920710435,16361.176134996149,16354.52970642472,False,False,False,-916.1964043370251
1,2024-01-05 14:54:00+00:00,2024-01-05,2024-01-05 21:00:00+00:00,4732,value_area_bounce,-1,11.08142857142853,16344.43,16337.721875,16305.018124999999,16344.989375000001,16326.936350818389,16332.477065104104,16321.395636532674,False,False,False,-3990.3468783073863
1,2024-01-05 15:00:00+00:00,2024-01-05,2024-01-05 21:00:00+00:00,4738,opening_range_breakout,1,11.551428571428655,16352.82,16338.678541666668,16308.434791666667,16345.399375,16328.949328148345,16334.725042434058,16323.173613862631,False,False,False,3521.494930840011
1,2024-01-05 16:06:00+00:00,2024-01-05,2024-01-05 21:00:00+00:00,4804,value_area_bounce,-1,8.28214285714291,16416.2,16411.25875,16392.189583333333,16419.431249999998,16367.570014443767,16371.711085872339,16363.428943015195,False,False,False,-1282.9151388722016
1,2024-01-05 16:17:00+00:00,2024-01-05,2024-01-05 21:00:00+00:00,4815,value_area_bounce,-1,9.115000000000302,16412.95,16412.659583333334,16402.580416666668,16420.722916666666,16370.856141329514,16375.413641329515,16366.298641329513,False,False,False,-2122.118685700697
1,2024-01-05 18:25:00+00:00,2024-01-05,2024-01-05 21:00:00+00:00,4943,value_area_bounce,1,7.922857142857278,16310.69,16327.379375,16303.715625,16333.833125,16357.077595753088,16361.039024324517,16353.116167181659,False,False,False,1211.536882226142
1,2024-01-05 20:29:00+00:00,2024-01-05,2024-01-05 21:00:00+00:00,5067,value_area_bounce,1,7.102142857143008,16273.7,16275.328958333334,16272.301875000001,16287.437291666667,16346.039390990845,16349.590462419417,16342.488319562273,False,False,False,451.0625133860422
1,2024-01-08 14:52:00+00:00,2024-01-08,2024-01-08 21:00:00+00:00,6095,value_area_bounce,-1,9.875,16445.0,16446.535833333335,16404.6025,16451.7775,16423.909195805965,16428.846695805965,16418.971695805965,False,False,False,-3987.0719373566403
1,2024-01-08 14:53:00+00:00,2024-01-08,2024-01-08 21:00:00+00:00,6096,value_area_bounce,-1,9.404999999999875,16443.14,16446.535833333335,16404.6025,16451.7775,16424.472439148656,16429.174939148656,16419.769939148657,False,False,False,-2611.3262726174407
1,2024-01-08 14:55:00+00:00,2024-01-08,2024-01-08 21:00:00+00:00,6098,value_area_bounce,-1,10.180714285714203,16448.51,16446.535833333335,16404.6025,16451.7775,16425.985147092244,16431.0755042351,16420.894789949387,False,False,False,-1184.9721111073436
1,2024-01-08 15:04:00+00:00,2024-01-08,2024-01-08 21:00:00+00:00,6107,opening_range_breakout,1,12.814285714285818,16502.89,16446.076458333333,16393.332708333335,16451.936875,16438.1870372229,16444.594180080043,16431.779894365754,False,False,False,1480.1485115792873
1,2024-01-08 18:29:00+00:00,2024-01-08,2024-01-08 21:00:00+00:00,6312,value_area_bounce,-1,5.009285714285527,16575.49,16575.814375,16570.871874999997,16579.109375,16501.03775502379,16503.542397880934,16498.533112166646,False,False,False,-653.7975986904987
1,2024-01-08 20:25:00+00:00,2024-01-08,2024-01-08 21:00:00+00:00,6428,value_area_bounce,-1,5.433571428571148,16646.01,16639.6925,16634.2325,16649.247499999998,16524.971710567595,16527.68849628188,16522.25492485331,False,False,False,-58.7953088748107
1,2024-01-08 20:50:00+00:00,2024-01-08,2024-01-08 21:00:00+00:00,6453,value_area_bounce,1,7.372142857142015,16657.5,16643.849166666667,16638.6825,16647.724166666667,16532.041890557997,16535.72796198657,16528.355819129425,False,False,False,927.711951520758
1,2024-01-09 14:39:00+00:00,2024-01-09,2024-01-09 21:00:00+00:00,7462,value_area_bounce,-1,13.615714285714992,16545.06,16550.614375,16520.633125,16555.226875,16554.852972559413,16561.66082970227,16548.045115416557,False,False,False,-2163.763568896047
1,2024-01-09 14:43:00+00:00,2024-01-09,2024-01-09 21:00:00+00:00,7466,value_area_bounce,-1,15.785000000000894,16536.58,16550.614375,16520.633125,16555.226875,16553.41818850511,16561.310688505113,16545.52568850511,False,False,False,-4797.4726597506515
1,2024-01-09 14:55:00+00:00,2024-01-09,2024-01-09 21:00:00+00:00,7478,value_area_bounce,1,14.218571428572043,16547.58,16542.35,16531.15,16551.31,16547.46023282019,16554.569518534478,16540.350947105904,False,False,False,465.0986061889589
1,2024-01-09 17:16:00+00:00,2024-01-09,2024-01-09 21:00:00+00:00,7619,value_area_bounce,-1,5.857142857143637,16679.57,16644.32854166667,16636.169791666667,16685.122291666667,16596.373555328464,16599.302126757037,16593.44498389989,False,False,False,-569.0854079670294
1,2024-01-09 17:35:00+00:00,2024-01-09,2024-01-09 21:00:00+00:00,7638,value_area_bounce,1,5.5921428571431795,16682.81,16680.06604166667,16680.06604166667,16691.838958333334,16601.807578609474,16604.603650038047,16599.0115071809,False,False,False,713.6208525851869
1,2024-01-09 18:09:00+00:00,2024-01-09,2024-01-09 21:00:00+00:00,7672,value_area_bounce,-1,8.178571428571948,16698.83,16680.436041666668,16678.185625,16702.940208333333,16612.393390715297,16616.482676429583,16608.30410500101,False,False,False,-2949.8895915259272
1,2024-01-09 18:37:00+00:00,2024-01-09,2024-01-09 21:00:00+00:00,7700,value_area_bounce,1,10.808571428571927,16677.94,16709.959166666667,16675.139166666668,16712.860833333332,16621.351089782536,16626.75537549682,16615.94680406825,False,False,False,2127.9777865273636
1,2024-01-09 18:38:00+00:00,2024-01-09,2024-01-09 21:00:00+00:00,7701,value_area_bounce,1,10.744285714286368,16680.06,16709.959166666667,16675.139166666668,16712.860833333332,16621.569799268756,16626.9419421259,16616.197656411612,False,False,False,4223.258269509063
1,2024-01-09 19:13:00+00:00,2024-01-09,2024-01-09 21:00:00+00:00,7736,value_area_bounce,-1,6.077142857142982,16694.93,16674.793541666666,16660.381041666667,16703.61854166667,16629.701405148244,16632.739976576817,16626.66283371967,False,False,False,-1680.3337416813326
1,2024-01-09 20:10:00+00:00,2024-01-09,2024-01-09 21:00:00+00:00,7793,value_area_bounce,1,8.294285714285902,16687.94,16677.549375,16675.992291666666,16690.006041666667,16637.915181354,16642.062324211143,16633.76803849686,False,False,False,1590.5846426252228
1,2024-01-09 20:13:00+00:00,2024-01-09,2024-01-09 21:00:00+00:00,7796,value_area_bounce,1,8.841428571428748,16679.68,16677.549375,16675.992291666666,16688.448958333334,16638.333495003502,16642.754209289218,16633.912780717787,False,False,False,2958.5900513110296
1,2024-01-09 20:25:00+00:00,2024-01-09,2024-01-09 21:00:00+00:00,7808,value_area_bounce,-1,8.535000000000894,16684.81,16684.886875,16676.113958333335,16688.396041666667,16639.927235306648,16644.19473530665,16635.659735306646,False,False,False,-1947.52577110625
1,2024-01-09 20:50:00+00:00,2024-01-09,2024-01-09 21:00:00+00:00,7833,value_area_bounce,1,10.02142857142904,16664.94,16680.008125,16663.798125,16688.113125000003,16641.995402160104,16647.00611644582,16636.98468787439,False,False,False,1621.1410032476142
1,2024-01-09 20:51:00+00:00,2024-01-09,2024-01-09 21:00:00+00:00,7834,value_area_bounce,1,10.515000000000457,16673.45,16685.41604166667,16668.89854166667,16690.921875,16642.13677068705,16647.39427068705,16636.87927068705,False,False,False,3665.2027431020706
1,2024-01-10 14:39:00+00:00,2024-01-10,2024-01-10 21:00:00+00:00,8842,value_area_bounce,-1,10.207857142856612,16726.92,16726.972916666666,16702.680416666666,16732.371249999997,16725.02858380613,16730.13251237756,16719.924655234703,False,False,False,-4237.9801405745075
1,2024-01-10 15:02:00+00:00,2024-01-10,2024-01-10 21:00:00+00:00,8865,opening_range_breakout,-1,12.29357142857199,16667.68,16727.651041666664,16695.080625,16732.661874999998,16710.122946310046,16716.26973202433,16703.97616059576,False,False,False,-4044.642010336468
1,2024-01-10 17:26:00+00:00,2024-01-10,2024-01-10 21:00:00+00:00,9009,value_area_bounce,-1,4.5700000000002285,16744.17,16738.97708333333,16728.43625,16745.000416666666,16721.250507259283,16723.535507259283,16718.965507259283,False,False,False,-577.1321045711372
1,2024-01-10 18:01:00+00:00,2024-01-10,2024-01-10 21:00:00+00:00,9044,value_area_bounce,-1,5.095000000000384,16759.17,16753.8775,16746.402499999997,16764.3425,16724.77342778504,16727.32092778504,16722.22592778504,False,False,False,-1360.8558410093547
1,2024-01-10 18:09:00+00:00,2024-01-10,2024-01-10 21:00:00+00:00,9052,value_area_bounce,-1,9.977142857143138,16768.17,16767.77375,16752.56625,16774.291250000002,16726.994882021354,16731.983453449924,16722.006310592784,False,False,False,-3075.6443694383406
1,2024-01-10 18:22:00+00:00,2024-01-10,2024-01-10 21:00:00+00:00,9065,value_area_bounce,1,8.96785714285761,16764.06,16763.119375000002,16755.407708333332,16770.831041666665,16728.944938368724,16733.428866940154,16724.461009797295,False,False,False,742.0188996262947
1,2024-01-10 19:29:00+00:00,2024-01-10,2024-01-10 21:00:00+00:00,9132,value_area_bounce,-1,6.330000000000447,16813.41,16815.709166666667,16784.932500000003,16820.105833333335,16738.361503533673,16741.526503533674,16735.196503533673,False,False,False,-763.6167787819909
1,2024-01-10 20:15:00+00:00,2024-01-10,2024-01-10 21:00:00+00:00,9178,value_area_bounce,1,7.9185714285719895,16824.93,16838.24375,16817.107916666668,16843.121250000004,16746.218812526982,16750.178098241267,16742.259526812697,False,False,False,972.1819120543616
1,2024-01-10 20:33:00+00:00,2024-01-10,2024-01-10 21:00:00+00:00,9196,value_area_bounce,1,10.812857142857736,16808.67,16839.230833333335,16806.319166666668,16841.7625,16750.032058389,16755.43848696043,16744.62562981757,False,False,False,1857.0911879344972
1,2024-01-10 20:42:00+00:00,2024-01-10,2024-01-10 21:00:00+00:00,9205,value_area_bounce,1,8.17357142857197,16789.17,16805.912291666667,16785.448958333334,16828.933541666665,16751.247704139263,16755.33448985355,16747.160918424976,False,False,False,498.6653974004358
1,2024-01-10 20:45:00+00:00,2024-01-10,2024-01-10 21:00:00+00:00,9208,value_area_bounce,1,8.802857142857777,16789.81,16804.235,16778.585,16824.185,16751.550133380446,16755.951561951875,16747.148704809017,False,False,False,561.0748092256383
1,2024-01-10 20:51:00+00:00,2024-01-10,2024-01-10 21:00:00+00:00,9214,value_area_bounce,1,10.847142857143158,16773.16,16805.290625,16757.141875,16820.105625,16751.980533037386,16757.404104465957,16746.556961608814,False,False,False,472.80820102479686
1,2024-01-12 14:39:00+00:00,2024-01-12,2024-01-12 21:00:00+00:00,11591,value_area_bounce,-1,13.383571428571875,16873.71,16853.426666666666,16840.84,16875.45333333333,16862.015668047112,16868.7074537614,16855.323882332825,False,False,False,-2798.5880960810405
1,2024-01-12 14:49:00+00:00,2024-01-12,2024-01-12 21:00:00+00:00,11601,value_area_bounce,-1,12.24500000000028,16896.46,16899.755416666667,16852.619583333333,16899.755416666667,16875.120312016978,16881.24281201698,16868.997812016976,False,False,False,-3345.671176563311
1,2024-01-12 14:53:00+00:00,2024-01-12,2024-01-12 21:00:00+00:00,11605,value_area_bounce,-1,10.807142857143324,16891.95,16900.01479166667,16854.227708333332,16900.01479166667,16877.86822064834,16883.27179207691,16872.464649219768,False,False,False,-5260.93055214951
1,2024-01-12 14:56:00+00:00,2024-01-12,2024-01-12 21:00:00+00:00,11608,value_area_bounce,-1,10.217142857143179,16895.94,16900.01479166667,16854.227708333332,16900.01479166667,16879.179637606514,16884.288209035087,16874.07106617794,False,False,False,-4616.332711260273
1,2024-01-12 14:57:00+00:00,2024-01-12,2024-01-12 21:00:00+00:00,11609,value_area_bounce,-1,10.725000000000364,16885.84,16900.01479166667,16854.227708333332,16900.01479166667,16879.4808158537,16884.8433158537,16874.118315853702,False,False,False,-5505.231278370232
1,2024-01-12 15:43:00+00:00,2024-01-12,2024-01-12 21:00:00+00:00,11655,value_area_bounce,1,14.107857142857288,16819.84,16829.5325,16816.7975,16846.512499999997,16852.067660093362,16859.12158866479,16845.013731521933,False,False,False,1256.5252835808972
1,2024-01-12 15:44:00+00:00,2024-01-12,2024-01-12 21:00:00+00:00,11656,value_area_bounce,1,13.964285714285714,16835.46,16828.587291666663,16816.28854166667,16840.886041666665,16851.767094621133,16858.749237478274,16844.78495176399,False,False,False,5045.665786146477
1,2024-01-12 19:21:00+00:00,2024-01-12,2024-01-12 21:00:00+00:00,11873,value_area_bounce,-1,4.730714285714514,16846.69,16835.39625,16830.332916666666,16850.58625,16833.6804791788,16836.04583632166,16831.315122035943,False,False,False,-1647.892912504045
1,2024-01-12 20:07:00+00:00,2024-01-12,2024-01-12 21:00:00+00:00,11919,value_area_bounce,1,7.292142857143647,16823.59,16822.178125,16812.989791666667,16835.960625,16832.916431022604,16836.562502451176,16829.270359594033,False,False,False,2626.649706453484
1,2024-01-12 20:40:00+00:00,2024-01-12,2024-01-12 21:00:00+00:00,11952,value_area_bounce,-1,6.1278571428569455,16819.82,16809.26375,16809.26375,16823.855416666665,16831.979561248656,16835.043489820084,16828.915632677228,False,False,False,-1067.6511714172725
1,2024-01-17 14:30:00+00:00,2024-01-17,2024-01-17 21:00:00+00:00,15463,value_area_bounce,-1,8.12999999999998,16702.06,16701.1325,16687.1625,16710.44583333333,16706.936666666665,16711.001666666663,16702.871666666666,False,False,False,-4612.40029715202
1,2024-01-17 15:00:00+00:00,2024-01-17,2024-01-17 21:00:00+00:00,15493,opening_range_breakout,-1,13.299285714285881,16569.7,16643.336875,16591.028125,16660.773125,16634.64608913001,16641.295731987153,16627.996446272864,False,False,False,-4345.689509176993
1,2024-01-17 15:01:00+00:00,2024-01-17,2024-01-17 21:00:00+00:00,15494,value_area_bounce,1,13.466428571428748,16580.19,16641.53958333333,16577.331250000003,16660.802083333336,16631.86442990678,16638.597644192494,16625.131215621062,False,False,False,486.5595467024191
1,2024-01-17 15:02:00+00:00,2024-01-17,2024-01-17 21:00:00+00:00,15495,value_area_bounce,1,13.506428571428582,16587.06,16641.53958333333,16577.331250000003,16660.802083333336,16630.327562342456,16637.08077662817,16623.574348056743,False,False,False,1018.7194677894377
1,2024-01-17 15:55:00+00:00,2024-01-17,2024-01-17 21:00:00+00:00,15548,value_area_bounce,-1,12.167142857142608,16635.71,16616.951875,16596.538125,16640.281875,16628.14618218965,16634.22975361822,16622.062610761077,False,False,False,-3160.078662707609
1,2024-01-17 17:44:00+00:00,2024-01-17,2024-01-17 21:00:00+00:00,15657,value_area_bounce,1,7.890000000000198,16659.31,16666.101666666666,16653.721666666665,16688.798333333332,16648.59276206468,16652.53776206468,16644.64776206468,False,False,False,715.2407403809165
1,2024-01-17 18:15:00+00:00,2024-01-17,2024-01-17 21:00:00+00:00,15688,value_area_bounce,1,9.264285714285506,16662.83,16664.953958333335,16658.375208333335,16682.497291666667,16651.12583583765,16655.757978694794,16646.493692980508,False,False,False,1681.1011974575658
1,2024-01-17 20:31:00+00:00,2024-01-17,2024-01-17 21:00:00+00:00,15824,value_area_bounce,1,7.2507142857139115,16693.07,16711.097708333335,16686.652291666665,16712.978124999998,16654.882560318318,16658.507917461175,16651.25720317546,False,False,False,1731.2988821915064
1,2024-01-18 14:37:00+00:00,2024-01-18,2024-01-18 21:00:00+00:00,16850,value_area_bounce,-1,13.039285714285402,16909.39,16901.889583333334,16861.907916666667,16910.457083333335,16911.87086837483,16918.390511231974,16905.351225517687,False,False,False,-1817.1892957757636
1,2024-01-18 14:38:00+00:00,2024-01-18,2024-01-18 21:00:00+00:00,16851,value_area_bounce,-1,14.17428571428536,16900.12,16901.889583333334,16861.907916666667,16913.31291666667,16910.956012989045,16918.043155846186,16903.868870131904,False,False,False,-2379.2029392632103
1,2024-01-18 14:44:00+00:00,2024-01-18,2024-01-18 21:00:00+00:00,16857,value_area_bounce,-1,15.312857142857736,16911.13,16912.324375,16862.051041666666,16918.60854166667,16913.745209689198,16921.401638260628,16906.088781117767,False,False,False,-2941.7597682324395
1,2024-01-18 14:51:00+00:00,2024-01-18,2024-01-18 21:00:00+00:00,16864,value_area_bounce,1,16.08714285714346,16907.88,16912.550416666665,16901.567083333335,16926.279583333333,16912.821634371507,16920.865205800077,16904.778062942936,False,False,False,236.46207602819504
1,2024-01-18 14:56:00+00:00,2024-01-18,2024-01-18 21:00:00+00:00,16869,value_area_bounce,1,14.657142857143429,16914.37,16912.550416666665,16901.567083333335,16926.279583333333,16911.307973239254,16918.636544667825,16903.979401810684,False,False,False,3379.85623518558
1,2024-01-18 15:11:00+00:00,2024-01-18,2024-01-18 21:00:00+00:00,16884,value_area_bounce,1,14.102857142857829,16902.62,16911.849166666667,16900.53583333333,16925.990833333333,16904.692420161842,16911.74384873327,16897.640991590415,False,False,False,3848.8151209662547
1,2024-01-18 15:12:00+00:00,2024-01-18,2024-01-18 21:00:00+00:00,16885,value_area_bounce,1,14.42357142857197,16905.25,16911.849166666667,16897.707499999997,16925.990833333333,16904.620162364707,16911.831948078994,16897.40837665042,False,False,False,5965.600674157262
1,2024-01-18 15:14:00+00:00,2024-01-18,2024-01-18 21:00:00+00:00,16887,value_area_bounce,1,13.922142857143367,16899.75,16911.849166666667,16897.707499999997,16925.990833333333,16904.302814230614,16911.263885659184,16897.341742802044,False,False,False,6631.810114940696
1,2024-01-18 15:16:00+00:00,2024-01-18,2024-01-18 21:00:00+00:00,16889,value_area_bounce,1,12.243571428571938,16902.39,16911.849166666667,16897.707499999997,16925.990833333333,16904.058287214175,16910.180072928462,16897.936501499888,False,False,False,4892.0057415337915
1,2024-01-18 16:00:00+00:00,2024-01-18,2024-01-18 21:00:00+00:00,16933,value_area_bounce,-1,10.903571428571272,16923.26,16900.529791666668,16879.622291666667,16935.375625,16910.921640850465,16916.37342656475,16905.46985513618,False,False,False,-3949.44033039508
1,2024-01-18 16:40:00+00:00,2024-01-18,2024-01-18 21:00:00+00:00,16973,value_area_bounce,-1,7.842142857142919,16966.89,16960.50625,16922.51625,16970.00375,16920.033921665738,16923.95499309431,16916.112850237165,False,False,False,-2612.261523315343
1,2024-01-18 16:45:00+00:00,2024-01-18,2024-01-18 21:00:00+00:00,16978,value_area_bounce,-1,7.974999999999844,16958.63,16960.50625,16922.51625,16970.00375,16921.2462236,16925.2337236,16917.2587236,False,False,False,-2524.3814369546317
1,2024-01-18 18:22:00+00:00,2024-01-18,2024-01-18 21:00:00+00:00,17075,value_area_bounce,1,11.066428571429112,16840.13,16849.414791666666,16833.237708333334,16885.004374999997,16912.517156252536,16918.05037053825,16906.98394196682,False,False,False,1044.8015938289448
1,2024-01-18 20:39:00+00:00,2024-01-18,2024-01-18 21:00:00+00:00,17212,value_area_bounce,-1,7.350000000000104,16974.88,16986.066875,16982.208125,16992.498125,16919.962475295248,16923.637475295247,16916.28747529525,False,False,False,-397.7285184063003
1,2024-01-18 20:41:00+00:00,2024-01-18,2024-01-18 21:00:00+00:00,17214,value_area_bounce,1,7.974285714285933,16982.51,16986.066875,16982.208125,16992.498125,16920.266006062117,16924.25314891926,16916.278863204974,False,False,False,1214.2212273246346
1,2024-01-18 20:43:00+00:00,2024-01-18,2024-01-18 21:00:00+00:00,17216,value_area_bounce,1,7.867142857143075,16984.64,16986.066875,16979.635625000003,16991.211875,16920.48573180352,16924.41930323209,16916.55216037495,False,False,False,1051.1550472939348
1,2024-01-18 20:50:00+00:00,2024-01-18,2024-01-18 21:00:00+00:00,17223,value_area_bounce,1,8.371428571428364,16993.64,16991.211875,16982.208125,16992.498125,16921.320026118818,16925.505740404533,16917.134311833102,False,False,False,2190.0429968671556
1,2024-01-18 20:57:00+00:00,2024-01-18,2024-01-18 21:00:00+00:00,17230,value_area_bounce,1,8.257857142856924,16988.27,16991.93666666667,16981.93666666667,16991.93666666667,16922.7250264403,16926.85395501173,16918.59609786887,False,False,False,882.8832376766159
1,2024-01-19 14:44:00+00:00,2024-01-19,2024-01-19 21:00:00+00:00,18237,value_area_bounce,-1,12.881428571429101,17075.36,17072.466041666667,17057.46854166667,17079.964791666665,17071.62101309478,17078.061727380496,17065.180298809064,False,False,False,-2217.149195287421
1,2024-01-19 14:47:00+00:00,2024-01-19,2024-01-19 21:00:00+00:00,18240,value_area_bounce,-1,12.221428571428987,17079.59,17072.466041666667,17057.46854166667,17079.964791666665,17073.030109758827,17079.14082404454,17066.919395473113,False,False,False,-5227.602059206905
1,2024-01-19 15:02:00+00:00,2024-01-19,2024-01-19 21:00:00+00:00,18255,value_area_bounce,-1,13.852142857142619,17085.11,17072.22604166667,17066.695208333334,17088.818541666667,17078.25516715876,17085.18123858733,17071.32909573019,False,False,False,-5010.709990324113
1,2024-01-19 15:06:00+00:00,2024-01-19,2024-01-19 21:00:00+00:00,18259,value_area_bounce,-1,14.563571428571127,17081.09,17072.22604166667,17066.695208333334,17088.818541666667,17080.105624879314,17087.3874105936,17072.823839165027,False,False,False,-5651.016953857224
1,2024-01-19 15:22:00+00:00,2024-01-19,2024-01-19 21:00:00+00:00,18275,value_area_bounce,-1,12.580714285714098,17075.86,17072.22604166667,17066.695208333334,17091.583958333336,17078.620541850636,17084.910898993494,17072.33018470778,False,False,False,-3038.8601477220886
1,2024-01-19 18:03:00+00:00,2024-01-19,2024-01-19 21:00:00+00:00,18436,value_area_bounce,-1,6.904285714285704,17191.6,17185.405,17144.975,17194.735,17111.35464514656,17114.8067880037,17107.902502289417,False,False,False,-1501.2832864449979
1,2024-01-19 19:36:00+00:00,2024-01-19,2024-01-19 21:00:00+00:00,18529,value_area_bounce,1,11.271428571428519,17280.47,17293.45395833333,17279.756041666667,17312.631041666667,17142.313164061277,17147.948878346993,17136.67744977556,False,False,False,427.8546166795975
1,2024-01-19 20:44:00+00:00,2024-01-19,2024-01-19 21:00:00+00:00,18597,value_area_bounce,-1,5.964285714285974,17308.24,17313.172916666666,17307.149583333332,17317.690416666665,17164.912200658135,17167.894343515276,17161.930057800993,False,False,False,-1530.5151342319589
1,2024-01-19 20:54:00+00:00,2024-01-19,2024-01-19 21:00:00+00:00,18607,value_area_bounce,1,7.703571428571585,17326.85,17313.823333333334,17312.49,17320.49,17167.700457077957,17171.552242792244,17163.84867136367,False,False,False,383.3792447193093
1,2024-01-22 14:38:00+00:00,2024-01-22,2024-01-22 21:00:00+00:00,19596,value_area_bounce,-1,13.782857142856821,17435.87,17449.5575,17407.9075,17449.5575,17445.704749960758,17452.596178532185,17438.81332138933,False,False,False,-1601.41360736982
1,2024-01-22 14:46:00+00:00,2024-01-22,2024-01-22 21:00:00+00:00,19604,value_area_bounce,1,16.20642857142827,17410.12,17439.067083333335,17404.334583333333,17450.644583333335,17429.716955757216,17437.82017004293,17421.6137414715,False,False,False,5498.862717906081
1,2024-01-22 14:48:00+00:00,2024-01-22,2024-01-22 21:00:00+00:00,19606,value_area_bounce,1,16.339285714285715,17420.37,17439.067083333335,17404.334583333333,17450.644583333335,17428.40904814821,17436.57869100535,17420.239405291068,False,False,False,7371.7453715731735
1,2024-01-22 16:02:00+00:00,2024-01-22,2024-01-22 21:00:00+00:00,19680,value_area_bounce,1,12.000714285713912,17345.88,17363.088958333334,17328.17229166667,17384.911875,17397.262484945684,17403.26284208854,17391.262127802827,False,False,False,2401.6909057105777
1,2024-01-22 17:05:00+00:00,2024-01-22,2024-01-22 21:00:00+00:00,19743,value_area_bounce,-1,7.217142857142919,17378.63,17381.588541666668,17369.778958333336,17384.962708333333,17391.35903182549,17394.967603254063,17387.750460396917,False,False,False,-1530.787260747201
1,2024-01-22 19:24:00+00:00,2024-01-22,2024-01-22 21:00:00+00:00,19882,value_area_bounce,1,9.043571428570951,17340.63,17358.361458333333,17334.046041666665,17362.102291666666,17380.89731714578,17385.419102860065,17376.375531431495,False,False,False,2133.9264313306567
1,2024-01-22 20:02:00+00:00,2024-01-22,2024-01-22 21:00:00+00:00,19920,value_area_bounce,1,6.053571428570389,17347.38,17353.951875,17345.979375,17359.266874999998,17378.65361350642,17381.680399220706,17375.626827792134,False,False,False,105.21077353145131
1,2024-01-22 20:12:00+00:00,2024-01-22,2024-01-22 21:00:00+00:00,19930,value_area_bounce,-1,6.589285714284935,17354.88,17353.700624999998,17346.32770833333,17356.649791666663,17378.14447379071,17381.439116647853,17374.84983093357,False,False,False,-115.241546194953
1,2024-01-22 20:42:00+00:00,2024-01-22,2024-01-22 21:00:00+00:00,19960,value_area_bounce,-1,6.012857142856384,17358.0,17361.531875,17342.232291666667,17364.501041666666,17377.549919144818,17380.556347716247,17374.54349057339,False,False,False,-1461.849891697595
1,2024-01-22 20:59:00+00:00,2024-01-22,2024-01-22 21:00:00+00:00,19977,value_area_bounce,1,8.86357142857092,17348.38,17360.651041666664,17347.762291666666,17360.651041666664,17376.507283006376,17380.93906872066,17372.07549729209,False,False,False,2327.6889349510666
1,2024-01-23 14:30:00+00:00,2024-01-23,2024-01-23 21:00:00+00:00,20968,value_area_bounce,1,6.414285714285922,17367.53,17378.151875,17365.559374999997,17392.843125,17364.16,17367.367142857143,17360.952857142856,False,False,False,2968.8186614958213
1,2024-01-23 14:36:00+00:00,2024-01-23,2024-01-23 21:00:00+00:00,20974,value_area_bounce,1,13.92357142857119,17338.79,17376.890208333334,17328.659791666665,17403.197708333333,17333.71546933059,17340.677255044873,17326.753683616305,False,False,False,446.81867586048656
1,2024-01-23 14:56:00+00:00,2024-01-23,2024-01-23 21:00:00+00:00,20994,value_area_bounce,-1,11.442142857143024,17366.54,17347.029791666668,17339.530625,17373.276875000003,17346.78662321585,17352.50769464442,17341.065551787276,False,False,False,-1115.12485965231
1,2024-01-23 15:08:00+00:00,2024-01-23,2024-01-23 21:00:00+00:00,21006,value_area_bounce,-1,10.85857142857172,17357.79,17362.7825,17345.8575,17369.5525,17350.208618898123,17355.63790461241,17344.779333183837,False,False,False,-456.5149862278038
1,2024-01-23 16:13:00+00:00,2024-01-23,2024-01-23 21:00:00+00:00,21071,value_area_bounce,-1,8.034285714285943,17352.54,17341.39875,17339.377916666665,17357.565416666665,17350.041163089707,17354.058305946848,17346.024020232566,False,False,False,-2745.9434568740207
1,2024-01-23 16:32:00+00:00,2024-01-23,2024-01-23 21:00:00+00:00,21090,value_area_bounce,1,7.69571428571466,17332.29,17341.631458333333,17330.438958333332,17350.958541666667,17347.994870415783,17351.84272755864,17344.147013272926,False,False,False,2206.3968237089744
1,2024-01-23 16:36:00+00:00,2024-01-23,2024-01-23 21:00:00+00:00,21094,value_area_bounce,1,7.702142857142982,17331.3,17333.445625,17329.174791666665,17350.528958333336,17347.420226605107,17351.27129803368,17343.569155176534,False,False,False,2376.089469106795
1,2024-01-23 19:08:00+00:00,2024-01-23,2024-01-23 21:00:00+00:00,21246,value_area_bounce,1,5.530000000000135,17362.53,17372.472291666665,17360.276458333334,17376.131041666667,17349.802490584152,17352.56749058415,17347.037490584153,False,False,False,260.2952631425996
1,2024-01-23 19:10:00+00:00,2024-01-23,2024-01-23 21:00:00+00:00,21248,value_area_bounce,1,5.484285714286151,17366.42,17367.59395833333,17360.276458333334,17376.131041666667,17349.856721609216,17352.59886446636,17347.114578752073,False,False,False,1331.2866870610205
1,2024-01-23 20:24:00+00:00,2024-01-23,2024-01-23 21:00:00+00:00,21322,value_area_bounce,-1,5.708571428571823,17400.79,17387.12875,17365.65625,17401.44375,17353.874518067092,17356.728803781378,17351.020232352806,False,False,False,-501.97886224501895
1,2024-01-23 20:43:00+00:00,2024-01-23,2024-01-23 21:00:00+00:00,21341,value_area_bounce,1,5.267142857143232,17397.67,17399.688541666666,17390.871041666665,17408.506041666667,17355.37405405606,17358.00762548463,17352.74048262749,False,False,False,995.9474437131612
1,2024-01-24 14:30:00+00:00,2024-01-24,2024-01-24 21:00:00+00:00,22348,value_area_bounce,-1,5.433571428571928,17568.72,17563.804375,17549.460625,17570.179375,17574.0,17576.716785714285,17571.283214285715,False,False,False,-2352.0785741030013
1,2024-01-24 14:31:00+00:00,2024-01-24,2024-01-24 21:00:00+00:00,22349,value_area_bounce,-1,7.0942857142862135,17556.34,17573.366875,17559.023125,17576.554375,17568.427475068398,17571.97461792554,17564.880332211254,False,False,False,-5139.972037269293
1,2024-01-24 14:43:00+00:00,2024-01-24,2024-01-24 21:00:00+00:00,22361,value_area_bounce,1,14.957857142857133,17546.96,17542.253541666665,17539.925625,17563.204791666667,17551.761808953197,17559.240737524626,17544.28288038177,False,False,False,273.72153341241227
1,2024-01-24 14:52:00+00:00,2024-01-24,2024-01-24 21:00:00+00:00,22370,value_area_bounce,-1,13.5707142857144,17554.09,17544.581458333334,17530.613958333335,17560.876875,17551.762911102163,17558.54826824502,17544.977553959307,False,False,False,-1233.5505910883523
1,2024-01-24 17:15:00+00:00,2024-01-24,2024-01-24 21:00:00+00:00,22513,value_area_bounce,-1,7.610000000000582,17631.08,17606.028125,17595.06979166667,17636.16354166667,17592.032829363143,17595.837829363143,17588.227829363143,False,False,False,-2798.7315524150563
1,2024-01-24 18:00:00+00:00,2024-01-24,2024-01-24 21:00:00+00:00,22558,value_area_bounce,-1,6.117142857142816,17667.59,17666.87125,17633.329583333332,17669.267083333332,17600.418602443464,17603.477173872034,17597.360031014894,False,False,False,-1321.579596500858
1,2024-01-24 18:09:00+00:00,2024-01-24,2024-01-24 21:00:00+00:00,22567,value_area_bounce,1,9.371428571428623,17646.58,17666.87125,17638.12125,17669.267083333332,17601.977833137917,17606.663547423632,17597.2921188522,False,False,False,208.66578942920796
1,2024-01-24 18:26:00+00:00,2024-01-24,2024-01-24 21:00:00+00:00,22584,value_area_bounce,1,9.352142857142878,17644.21,17667.71895833333,17636.589791666665,17683.283541666668,17603.625374783034,17608.301446211604,17598.949303354464,False,False,False,1960.5408889453547
1,2024-01-24 20:02:00+00:00,2024-01-24,2024-01-24 21:00:00+00:00,22680,value_area_bounce,1,9.095714285714037,17549.58,17544.016875,17544.016875,17573.052291666667,17598.087767910747,17602.635625053605,17593.53991076789,False,False,False,1771.7339696095303
1,2024-01-24 20:03:00+00:00,2024-01-24,2024-01-24 21:00:00+00:00,22681,value_area_bounce,1,9.854285714285393,17559.34,17547.764166666668,17542.807500000003,17572.5475,17597.96449256247,17602.89163541961,17593.03734970533,False,False,False,2267.9460582794086
1,2024-01-24 20:27:00+00:00,2024-01-24,2024-01-24 21:00:00+00:00,22705,value_area_bounce,1,11.462857142857112,17514.34,17520.39083333333,17511.235833333332,17563.114166666666,17594.48613231598,17600.217560887406,17588.75470374455,False,False,False,241.98834001098743
1,2024-01-24 20:54:00+00:00,2024-01-24,2024-01-24 21:00:00+00:00,22732,value_area_bounce,1,10.60285714285679,17506.84,17520.545000000002,17501.885000000002,17545.425000000003,17590.729653044495,17596.03108161592,17585.428224473068,False,False,False,255.13643069343675
1,2024-01-25 14:30:00+00:00,2024-01-25,2024-01-25 21:00:00+00:00,23728,value_area_bounce,-1,9.278571428572052,17581.46,17602.338125000002,17594.813125,17613.625625,17592.966666666667,17597.605952380953,17588.32738095238,False,False,False,-2417.9483913468734
1,2024-01-25 14:33:00+00:00,2024-01-25,2024-01-25 21:00:00+00:00,23731,value_area_bounce,1,12.262142857143512,17596.84,17612.66458333333,17593.262083333335,17614.820416666666,17587.578737564905,17593.709808993477,17581.447666136333,False,False,False,1319.9379273478598
1,2024-01-25 14:40:00+00:00,2024-01-25,2024-01-25 21:00:00+00:00,23738,value_area_bounce,-1,17.30000000000005,17585.23,17593.262083333335,17584.63875,17601.885416666664,17590.477390092452,17599.127390092453,17581.82739009245,False,False,False,-7715.995074042391
1,2024-01-25 14:51:00+00:00,2024-01-25,2024-01-25 21:00:00+00:00,23749,value_area_bounce,-1,12.855714285714514,17588.73,17592.090208333335,17574.09354166667,17592.090208333335,17586.637358340166,17593.065215483024,17580.209501197307,False,False,False,-758.3661416842172
1,2024-01-25 15:03:00+00:00,2024-01-25,2024-01-25 21:00:00+00:00,23761,opening_range_breakout,-1,12.621428571428623,17545.85,17591.610625,17567.096875000003,17591.610625,17580.49642154311,17586.807135828825,17574.185707257395,False,False,False,-3506.0088231287195
1,2024-01-25 15:06:00+00:00,2024-01-25,2024-01-25 21:00:00+00:00,23764,value_area_bounce,1,12.653571428571272,17568.23,17589.730833333335,17567.2725,17599.355833333335,17579.23457646216,17585.561362176446,17572.907790747875,False,False,False,3860.4573970893202
1,2024-01-25 15:09:00+00:00,2024-01-25,2024-01-25 21:00:00+00:00,23767,value_area_bounce,1,13.01642857142802,17592.21,17589.730833333335,17573.689166666663,17599.355833333335,17579.29571784059,17585.803932126302,17572.787503554875,False,False,False,4814.565814816382
1,2024-01-25 15:35:00+00:00,2024-01-25,2024-01-25 21:00:00+00:00,23793,value_area_bounce,-1,10.643571428572093,17581.23,17574.518333333333,17559.785,17603.985,17588.384469426866,17593.70625514115,17583.062683712582,False,False,False,-8303.712499504938
1,2024-01-25 16:01:00+00:00,2024-01-25,2024-01-25 21:00:00+00:00,23819,value_area_bounce,1,11.900714285714068,17586.22,17586.758958333332,17581.633125,17609.825208333335,17590.52625389052,17596.476611033377,17584.57589674766,False,False,False,1616.0604935638407
1,2024-01-25 16:55:00+00:00,2024-01-25,2024-01-25 21:00:00+00:00,23873,value_area_bounce,-1,9.193571428571365,17617.72,17613.20395833333,17599.114375,17618.839791666665,17595.70988090325,17600.306666617536,17591.113095188965,False,False,False,-3120.0931939914362
1,2024-01-25 17:36:00+00:00,2024-01-25,2024-01-25 21:00:00+00:00,23914,value_area_bounce,1,11.558571428571408,17545.47,17576.008541666666,17540.085208333334,17611.931875000002,17593.65790395737,17599.437189671655,17587.878618243085,False,False,False,737.4598436290669
1,2024-01-25 18:09:00+00:00,2024-01-25,2024-01-25 21:00:00+00:00,23947,value_area_bounce,-1,11.560000000000011,17557.47,17549.195,17533.415,17564.975,17589.014970413897,17594.794970413895,17583.234970413898,False,False,False,-239.5391288864978
1,2024-01-25 18:11:00+00:00,2024-01-25,2024-01-25 21:00:00+00:00,23949,value_area_bounce,-1,11.232857142857288,17556.48,17555.896666666667,17533.156666666666,17558.423333333332,17588.741525692516,17594.357954263945,17583.125097121087,False,False,False,-3860.31678004435
1,2024-01-25 18:14:00+00:00,2024-01-25,2024-01-25 21:00:00+00:00,23952,value_area_bounce,-1,10.937142857143304,17551.48,17555.896666666667,17535.683333333334,17560.95,17588.39888981298,17593.867461241553,17582.930318384406,False,False,False,-2119.0153995526593
1,2024-01-25 18:40:00+00:00,2024-01-25,2024-01-25 21:00:00+00:00,23978,value_area_bounce,1,9.726428571428967,17521.09,17556.600208333333,17519.580625000002,17570.061875,17581.62192337398,17586.485137659693,17576.758709088266,False,False,False,3291.9983788989466
1,2024-01-25 20:14:00+00:00,2024-01-25,2024-01-25 21:00:00+00:00,24072,value_area_bounce,-1,7.275000000000416,17490.46,17468.305,17450.735,17495.915,17558.99777069386,17562.63527069386,17555.36027069386,False,False,False,-1467.6176571604428
1,2024-01-26 14:30:00+00:00,2024-01-26,2024-01-26 21:00:00+00:00,25108,value_area_bounce,1,9.585000000000425,17459.41,17499.002500000002,17453.432500000003,17505.512499999997,17453.36666666667,17458.159166666668,17448.57416666667,False,False,False,3561.6610999900468
1,2024-01-26 14:32:00+00:00,2024-01-26,2024-01-26 21:00:00+00:00,25110,value_area_bounce,1,11.846428571428728,17455.66,17453.432500000003,17430.6475,17479.4725,17451.499317457343,17457.422531743057,17445.57610317163,False,False,False,4201.648617611123
1,2024-01-26 14:42:00+00:00,2024-01-26,2024-01-26 21:00:00+00:00,25120,value_area_bounce,-1,17.297142857142585,17448.79,17451.751041666666,17432.098541666666,17451.751041666666,17448.396916505393,17457.045487933963,17439.748345076823,False,False,False,-438.6933421206993
1,2024-01-26 14:46:00+00:00,2024-01-26,2024-01-26 21:00:00+00:00,25124,value_area_bounce,1,15.404999999999616,17447.03,17451.308333333334,17435.191666666666,17454.531666666666,17448.340992481353,17456.043492481353,17440.638492481354,False,False,False,1572.3047507272252
1,2024-01-26 15:05:00+00:00,2024-01-26,2024-01-26 21:00:00+00:00,25143,opening_range_breakout,-1,12.992857142856467,17411.54,17450.3975,17434.752500000002,17452.6325,17441.147353621716,17447.643782193143,17434.65092505029,False,False,False,-7093.693244044093
1,2024-01-26 16:49:00+00:00,2024-01-26,2024-01-26 21:00:00+00:00,25247,value_area_bounce,1,9.350714285713755,17501.27,17507.317291666666,17494.284791666665,17516.005624999998,17464.028762269383,17468.70411941224,17459.353405126527,False,False,False,933.8520100620686
1,2024-01-26 16:50:00+00:00,2024-01-26,2024-01-26 21:00:00+00:00,25248,value_area_bounce,1,9.23357142857068,17503.79,17507.317291666666,17496.456875,17516.005624999998,17464.247180636412,17468.8639663507,17459.630394922126,False,False,False,2935.451313531233
1,2024-01-26 17:23:00+00:00,2024-01-26,2024-01-26 21:00:00+00:00,25281,value_area_bounce,-1,7.879285714285028,17509.54,17501.717708333334,17494.981458333335,17519.681041666667,17469.210169017053,17473.149811874195,17465.27052615991,False,False,False,-481.84509833957304
1,2024-01-26 18:28:00+00:00,2024-01-26,2024-01-26 21:00:00+00:00,25346,value_area_bounce,-1,8.041428571428176,17431.04,17423.75,17411.056666666667,17436.443333333333,17463.984949706082,17468.005663991797,17459.964235420368,False,False,False,-1603.562760557059
1,2024-01-26 19:34:00+00:00,2024-01-26,2024-01-26 21:00:00+00:00,25412,value_area_bounce,1,7.678571428571688,17417.27,17426.974791666667,17415.095208333332,17435.460208333334,17458.262492751994,17462.10177846628,17454.423207037707,False,False,False,145.44508785163953
1,2024-01-26 19:55:00+00:00,2024-01-26,2024-01-26 21:00:00+00:00,25433,value_area_bounce,-1,7.647142857142691,17445.52,17426.77,17411.89,17446.61,17457.84863545147,17461.672206880045,17454.0250640229,False,False,False,-2221.984218781581
1,2024-01-26 20:05:00+00:00,2024-01-26,2024-01-26 21:00:00+00:00,25443,value_area_bounce,-1,7.040000000000093,17446.28,17421.809999999998,17411.89,17451.57,17457.77929975267,17461.29929975267,17454.25929975267,False,False,False,-1525.631360835236
1,2024-01-29 14:30:00+00:00,2024-01-29,2024-01-29 21:00:00+00:00,26473,value_area_bounce,-1,6.362142857143356,17442.52,17450.036249999997,17445.94875,17453.30625,17445.766666666666,17448.947738095238,17442.585595238095,False,False,False,-2276.7992918806826
1,2024-01-29 14:31:00+00:00,2024-01-29,2024-01-29 21:00:00+00:00,26474,value_area_bounce,1,6.9350000000002705,17447.15,17445.548333333332,17444.705,17451.451666666668,17444.43950134721,17447.90700134721,17440.97200134721,False,False,False,1686.2623018559607
1,2024-01-29 14:41:00+00:00,2024-01-29,2024-01-29 21:00:00+00:00,26484,value_area_bounce,-1,11.30428571428534,17478.15,17477.836875,17447.518125000002,17479.858125,17461.27769180959,17466.929834666735,17455.62554895245,False,False,False,-348.2431944049206
1,2024-01-29 14:43:00+00:00,2024-01-29,2024-01-29 21:00:00+00:00,26486,value_area_bounce,-1,11.794999999999552,17476.65,17446.415833333333,17435.474166666667,17477.0525,17463.46545609104,17469.362956091038,17457.56795609104,False,False,False,-1004.2861871383402
1,2024-01-29 14:44:00+00:00,2024-01-29,2024-01-29 21:00:00+00:00,26487,value_area_bounce,-1,11.213571428571024,17473.01,17446.667916666665,17435.497083333335,17477.94625,17464.12764456871,17469.734430282995,17458.520858854426,False,False,False,-1025.6115238044224
1,2024-01-29 14:51:00+00:00,2024-01-29,2024-01-29 21:00:00+00:00,26494,value_area_bounce,-1,10.365714285714214,17468.02,17446.667916666665,17435.497083333335,17475.712083333332,17465.808988740115,17470.99184588297,17460.62613159726,False,False,False,-1665.7933094203997
1,2024-01-29 14:52:00+00:00,2024-01-29,2024-01-29 21:00:00+00:00,26495,value_area_bounce,-1,10.553571428571429,17464.75,17446.667916666665,17435.497083333335,17475.712083333332,17465.8566894733,17471.133475187587,17460.579903759015,False,False,False,-1694.9423631200352
1,2024-01-29 14:55:00+00:00,2024-01-29,2024-01-29 21:00:00+00:00,26498,value_area_bounce,-1,10.642857142857403,17467.5,17446.667916666665,17435.497083333335,17475.712083333332,17466.00827375968,17471.329702331106,17460.68684518825,False,False,False,-2992.1065022014836
1,2024-01-29 15:38:00+00:00,2024-01-29,2024-01-29 21:00:00+00:00,26541,value_area_bounce,1,11.224285714286193,17447.88,17470.219375,17444.419791666667,17470.219375,17458.985821460978,17464.59796431812,17453.373678603835,False,False,False,382.4563977931866
1,2024-01-29 17:01:00+00:00,2024-01-29,2024-01-29 21:00:00+00:00,26624,value_area_bounce,-1,5.242142857143335,17482.13,17465.993958333333,17455.183541666665,17485.452708333334,17457.35323238611,17459.974303814684,17454.732160957537,False,False,False,-893.8127470059713
1,2024-01-29 17:42:00+00:00,2024-01-29,2024-01-29 21:00:00+00:00,26665,value_area_bounce,-1,5.290714285714005,17499.77,17484.321666666667,17474.10166666667,17501.355000000003,17461.68885888456,17464.33421602742,17459.043501741704,False,False,False,-1008.7346584694865
1,2024-01-29 17:46:00+00:00,2024-01-29,2024-01-29 21:00:00+00:00,26669,value_area_bounce,-1,6.332857142856873,17488.77,17484.5675,17481.8175,17502.4425,17462.162467053022,17465.32889562445,17458.996038481593,False,False,False,-1267.7290416460073
1,2024-01-29 17:59:00+00:00,2024-01-29,2024-01-29 21:00:00+00:00,26682,value_area_bounce,-1,7.526428571429018,17502.4,17507.9425,17492.8175,17507.9425,17463.614036276304,17467.377250562018,17459.85082199059,False,False,False,-111.00028730315154
1,2024-01-29 18:07:00+00:00,2024-01-29,2024-01-29 21:00:00+00:00,26690,value_area_bounce,1,6.9907142857139535,17496.27,17492.8175,17491.4425,17503.8175,17464.344529973525,17467.83988711638,17460.84917283067,False,False,False,304.7584415392068
1,2024-01-29 18:16:00+00:00,2024-01-29,2024-01-29 21:00:00+00:00,26699,value_area_bounce,1,6.167142857143127,17497.13,17491.525833333333,17490.23416666667,17503.150833333333,17464.98795716152,17468.07152859009,17461.90438573295,False,False,False,2751.2568645952265
1,2024-01-29 19:02:00+00:00,2024-01-29,2024-01-29 21:00:00+00:00,26745,value_area_bounce,1,4.874285714286349,17497.13,17494.238125,17494.238125,17503.759375,17467.840179071394,17470.277321928537,17465.40303621425,False,False,False,590.8529797081646
1,2024-01-29 19:36:00+00:00,2024-01-29,2024-01-29 21:00:00+00:00,26779,value_area_bounce,-1,4.110000000000322,17527.26,17518.957083333335,17499.422916666666,17527.83625,17470.734550651214,17472.789550651214,17468.679550651214,False,False,False,-882.5029191556496
1,2024-01-29 19:37:00+00:00,2024-01-29,2024-01-29 21:00:00+00:00,26780,value_area_bounce,-1,4.063571428571647,17527.75,17519.518750000003,17498.426250000004,17529.106250000004,17470.83454189982,17472.86632761411,17468.802756185534,False,False,False,-719.9667997526299
1,2024-01-29 19:44:00+00:00,2024-01-29,2024-01-29 21:00:00+00:00,26787,value_area_bounce,-1,4.756428571428581,17531.88,17522.688125,17512.14020833333,17535.345624999998,17471.611629856816,17473.98984414253,17469.233415571103,False,False,False,-497.81982219643857
1,2024-01-29 20:33:00+00:00,2024-01-29,2024-01-29 21:00:00+00:00,26836,value_area_bounce,-1,7.267142857142711,17609.26,17614.793125,17564.978125,17614.793125,17486.617249870913,17490.250821299484,17482.983678442342,False,False,False,-544.1494330161254
1,2024-01-29 20:55:00+00:00,2024-01-29,2024-01-29 21:00:00+00:00,26858,value_area_bounce,1,7.835000000000426,17598.9,17606.894166666665,17588.915833333333,17614.599166666667,17492.750445446614,17496.667945446614,17488.832945446615,False,False,False,1613.2926453291927
1,2024-01-30 14:41:00+00:00,2024-01-30,2024-01-30 21:00:00+00:00,27864,value_area_bounce,-1,10.689285714286338,17577.45,17578.55375,17571.88375,17586.89125,17580.785943879247,17586.13058673639,17575.441301022103,False,False,False,-314.31215284911923
1,2024-01-30 14:43:00+00:00,2024-01-30,2024-01-30 21:00:00+00:00,27866,value_area_bounce,1,10.91285714285784,17582.45,17578.55375,17573.551250000004,17586.89125,17580.45534767882,17585.91177625025,17574.99891910739,False,False,False,325.34299759647706
1,2024-01-30 14:44:00+00:00,2024-01-30,2024-01-30 21:00:00+00:00,27867,value_area_bounce,1,10.027857142857881,17584.95,17578.55375,17576.886250000003,17586.89125,17580.572797411372,17585.5867259828,17575.558868839944,False,False,False,277.5298140228156
1,2024-01-30 14:47:00+00:00,2024-01-30,2024-01-30 21:00:00+00:00,27870,value_area_bounce,1,9.117142857143335,17578.43,17580.221250000002,17576.886250000003,17586.89125,17580.187583542658,17584.74615497123,17575.629012114085,False,False,False,3134.78681174976
1,2024-01-30 14:48:00+00:00,2024-01-30,2024-01-30 21:00:00+00:00,27871,value_area_bounce,1,8.520714285714869,17577.45,17580.221250000002,17576.886250000003,17586.89125,17580.03930565362,17584.29966279648,17575.77894851076,False,False,False,2106.964650345987
1,2024-01-30 14:54:00+00:00,2024-01-30,2024-01-30 21:00:00+00:00,27877,value_area_bounce,1,7.805000000000291,17577.68,17578.55375,17575.21875,17583.55625,17579.59406545051,17583.49656545051,17575.69156545051,False,False,False,1196.5466062517128
1,2024-01-30 15:00:00+00:00,2024-01-30,2024-01-30 21:00:00+00:00,27883,opening_range_breakout,-1,8.924285714285881,17550.95,17578.55375,17575.21875,17585.22375,17578.367745377796,17582.82988823494,17573.905602520652,False,False,False,-51.7360574107272
1,2024-01-30 15:15:00+00:00,2024-01-30,2024-01-30 21:00:00+00:00,27898,value_area_bounce,1,12.256428571428321,17559.57,17578.803125,17557.013124999998,17586.974375,17567.731071555285,17573.859285840997,17561.602857269572,False,False,False,2287.927237883205
1,2024-01-30 15:17:00+00:00,2024-01-30,2024-01-30 21:00:00+00:00,27900,value_area_bounce,1,11.863571428571438,17558.93,17578.803125,17557.013124999998,17586.974375,17567.087452208616,17573.0192379229,17561.15566649433,False,False,False,5120.001687157222
1,2024-01-30 15:18:00+00:00,2024-01-30,2024-01-30 21:00:00+00:00,27901,value_area_bounce,1,11.69571428571466,17564.7,17578.803125,17557.013124999998,17586.974375,17567.009637059517,17572.857494202373,17561.16177991666,False,False,False,6617.94645977501
1,2024-01-30 15:20:00+00:00,2024-01-30,2024-01-30 21:00:00+00:00,27903,value_area_bounce,1,10.845714285714816,17563.57,17578.803125,17557.013124999998,17586.974375,17566.804655809126,17572.227512951984,17561.38179866627,False,False,False,4010.2267970201956
1,2024-01-30 16:22:00+00:00,2024-01-30,2024-01-30 21:00:00+00:00,27965,value_area_bounce,-1,8.042857142857558,17543.94,17537.289375,17528.994375000002,17549.731875,17558.34347548781,17562.36490405924,17554.322046916383,False,False,False,-1222.5384160554313
1,2024-01-30 20:02:00+00:00,2024-01-30,2024-01-30 21:00:00+00:00,28185,value_area_bounce,-1,5.439285714286338,17500.82,17494.635833333334,17486.762499999997,17502.509166666667,17530.892463811517,17533.61210666866,17528.172820954373,False,False,False,-908.9241731501068
1,2024-01-30 20:04:00+00:00,2024-01-30,2024-01-30 21:00:00+00:00,28187,value_area_bounce,-1,5.971428571428727,17491.7,17493.645624999997,17488.131875,17502.835208333334,17530.750619335035,17533.73633362075,17527.76490504932,False,False,False,-1908.4937324039286
1,2024-01-30 20:16:00+00:00,2024-01-30,2024-01-30 21:00:00+00:00,28199,value_area_bounce,1,6.438571428570607,17491.94,17493.440625000003,17491.368125,17502.766875,17529.766201334198,17532.98548704848,17526.546915619914,False,False,False,222.92563548932065
1,2024-01-30 20:56:00+00:00,2024-01-30,2024-01-30 21:00:00+00:00,28239,value_area_bounce,-1,6.100000000000104,17492.81,17488.516875,17487.193125,17497.783125,17527.254100138976,17530.304100138976,17524.204100138977,False,False,False,-1678.1568096884935
1,2024-01-30 20:57:00+00:00,2024-01-30,2024-01-30 21:00:00+00:00,28240,value_area_bounce,-1,6.260714285714649,17492.44,17488.8175,17487.509166666667,17497.975833333334,17527.1762240243,17530.30658116716,17524.045866881443,False,False,False,-1343.3739021786178
1,2024-01-30 20:59:00+00:00,2024-01-30,2024-01-30 21:00:00+00:00,28242,value_area_bounce,-1,6.502142857143034,17491.57,17492.7425,17488.8175,17500.5925,17526.92969581704,17530.180767245613,17523.67862438847,False,False,False,-997.8593084539795
1,2024-01-31 14:30:00+00:00,2024-01-31,2024-01-31 21:00:00+00:00,29233,value_area_bounce,1,8.432142857142805,17302.97,17300.098124999997,17285.838541666664,17316.394791666666,17297.133333333335,17301.349404761906,17292.917261904764,False,False,False,4431.988566714268
1,2024-01-31 14:33:00+00:00,2024-01-31,2024-01-31 21:00:00+00:00,29236,value_area_bounce,1,11.611428571428664,17316.47,17296.756875,17294.517291666663,17307.954791666663,17300.72917943906,17306.534893724773,17294.923465153344,False,False,False,7095.355828116406
1,2024-01-31 14:52:00+00:00,2024-01-31,2024-01-31 21:00:00+00:00,29255,value_area_bounce,1,13.93428571428558,17289.47,17296.505833333336,17280.0475,17309.6725,17293.842153657093,17300.809296514235,17286.87501079995,False,False,False,6196.706304652827
1,2024-01-31 15:08:00+00:00,2024-01-31,2024-01-31 21:00:00+00:00,29271,value_area_bounce,1,11.604285714285911,17280.46,17283.339166666665,17276.755833333336,17299.7975,17289.48917897779,17295.291321834935,17283.687036120646,False,False,False,501.8693402774652
1,2024-01-31 16:26:00+00:00,2024-01-31,2024-01-31 21:00:00+00:00,29349,value_area_bounce,-1,7.688571428572167,17230.73,17206.916666666668,17192.983333333334,17231.996666666666,17256.979497833072,17260.82378354736,17253.135212118785,False,False,False,-4249.352837193799
1,2024-01-31 16:32:00+00:00,2024-01-31,2024-01-31 21:00:00+00:00,29355,value_area_bounce,-1,8.017142857143492,17231.96,17199.900416666667,17194.452083333334,17235.314583333333,17256.38165658833,17260.390228016902,17252.37308515976,False,False,False,-1717.1798818622253
1,2024-01-31 16:42:00+00:00,2024-01-31,2024-01-31 21:00:00+00:00,29365,value_area_bounce,-1,8.030000000000395,17238.21,17235.314583333333,17199.900416666667,17243.487083333333,17255.41969423149,17259.434694231488,17251.40469423149,False,False,False,-1832.0653722250402
1,2024-01-31 16:52:00+00:00,2024-01-31,2024-01-31 21:00:00+00:00,29375,value_area_bounce,-1,8.897142857142951,17233.21,17235.106041666666,17230.247291666667,17246.443125,17254.903064059843,17259.351635488416,17250.45449263127,False,False,False,-889.5320466958664
1,2024-01-31 17:42:00+00:00,2024-01-31,2024-01-31 21:00:00+00:00,29425,value_area_bounce,1,6.964285714286234,17258.36,17265.916875,17249.286874999998,17274.231874999998,17255.272224698845,17258.754367555986,17251.790081841704,False,False,False,1997.8469390017924
1,2024-01-31 19:00:00+00:00,2024-01-31,2024-01-31 21:00:00+00:00,29503,value_area_bounce,-1,11.045714285714764,17252.22,17287.627500000002,17286.189166666667,17299.134166666667,17260.262231608885,17265.78508875174,17254.73937446603,False,False,False,-731.346262673664
1,2024-01-31 19:24:00+00:00,2024-01-31,2024-01-31 21:00:00+00:00,29527,value_area_bounce,1,14.133571428571875,17237.23,17249.297916666666,17230.45208333333,17271.912916666668,17258.91560034226,17265.98238605655,17251.848814627974,False,False,False,2664.1006358611776
1,2024-01-31 19:25:00+00:00,2024-01-31,2024-01-31 21:00:00+00:00,29528,value_area_bounce,1,14.024285714285984,17245.23,17249.297916666666,17234.22125,17271.912916666668,17258.848760781515,17265.86090363866,17251.83661792437,False,False,False,2732.9604864619087
1,2024-01-31 19:29:00+00:00,2024-01-31,2024-01-31 21:00:00+00:00,29532,value_area_bounce,1,12.882142857142494,17239.61,17249.297916666666,17234.22125,17271.912916666668,17258.59144589028,17265.03251731885,17252.15037446171,False,False,False,1896.2997611227486
1,2024-01-31 19:37:00+00:00,2024-01-31,2024-01-31 21:00:00+00:00,29540,value_area_bounce,1,19.574999999999687,17257.34,17249.297916666666,17237.990416666667,17271.912916666668,17258.607894475994,17268.395394475992,17248.820394475995,False,False,False,720.228696768264
1,2024-01-31 19:54:00+00:00,2024-01-31,2024-01-31 21:00:00+00:00,29557,value_area_bounce,-1,23.65142857142876,17315.84,17250.9625,17222.089166666665,17315.927499999998,17265.915172645175,17277.74088693089,17254.08945835946,False,False,False,-1912.4730812334785
1,2024-02-01 14:31:00+00:00,2024-02-01,2024-02-01 21:00:00+00:00,30614,value_area_bounce,1,9.497857142856967,17226.97,17221.528125,17212.56979166667,17248.403125,17221.532479866335,17226.281408437764,17216.783551294906,False,False,False,4941.262805465975
1,2024-02-01 14:40:00+00:00,2024-02-01,2024-02-01 21:00:00+00:00,30623,value_area_bounce,1,15.08714285714294,17236.86,17240.047291666666,17228.382708333334,17254.044791666667,17230.07232632897,17237.61589775754,17222.5287549004,False,False,False,2521.300350239594
1,2024-02-01 14:42:00+00:00,2024-02-01,2024-02-01 21:00:00+00:00,30625,value_area_bounce,1,15.29357142857173,17244.21,17230.715625,17228.382708333334,17249.378958333335,17230.651051416306,17238.29783713059,17223.00426570202,False,False,False,2712.4259533884797
1,2024-02-01 14:45:00+00:00,2024-02-01,2024-02-01 21:00:00+00:00,30628,value_area_bounce,1,14.260000000000478,17237.23,17240.047291666666,17228.382708333334,17244.713125,17231.390625414682,17238.520625414683,17224.26062541468,False,False,False,3753.9947540620533
1,2024-02-01 14:46:00+00:00,2024-02-01,2024-02-01 21:00:00+00:00,30629,value_area_bounce,1,13.947142857143263,17239.48,17240.047291666666,17228.382708333334,17242.380208333332,17231.810708130957,17238.784279559528,17224.837136702386,False,False,False,6243.629040114215
1,2024-02-01 14:47:00+00:00,2024-02-01,2024-02-01 21:00:00+00:00,30630,value_area_bounce,1,13.975000000000364,17236.59,17240.047291666666,17228.382708333334,17240.047291666666,17231.95851689997,17238.94601689997,17224.97101689997,False,False,False,5140.047576392351
1,2024-02-01 14:53:00+00:00,2024-02-01,2024-02-01 21:00:00+00:00,30636,value_area_bounce,1,13.527857142857622,17223.71,17223.360625,17223.360625,17237.073125000003,17230.750897096634,17237.514825668062,17223.986968525205,False,False,False,894.1215024941034
1,2024-02-01 15:04:00+00:00,2024-02-01,2024-02-01 21:00:00+00:00,30647,value_area_bounce,1,15.10928571428615,17228.48,17237.963750000003,17223.667916666665,17240.822916666668,17225.80731660065,17233.361959457794,17218.252673743507,False,False,False,1180.5302509177566
1,2024-02-01 18:01:00+00:00,2024-02-01,2024-02-01 21:00:00+00:00,30824,value_area_bounce,-1,10.872142857143315,17280.97,17255.208958333336,17251.969375,17290.844375,17237.65715211461,17243.093223543183,17232.22108068604,False,False,False,-2974.3021661850717
1,2024-02-01 18:18:00+00:00,2024-02-01,2024-02-01 21:00:00+00:00,30841,value_area_bounce,-1,9.650714285714587,17272.23,17256.9025,17242.9625,17284.7825,17239.190933338487,17244.016290481344,17234.36557619563,False,False,False,-2487.5033742373944
1,2024-02-01 18:36:00+00:00,2024-02-01,2024-02-01 21:00:00+00:00,30859,value_area_bounce,-1,10.732857142857288,17289.73,17284.7825,17242.9625,17291.752500000002,17241.858103802708,17247.224532374137,17236.49167523128,False,False,False,-2973.1671883918816
1,2024-02-01 19:11:00+00:00,2024-02-01,2024-02-01 21:00:00+00:00,30894,value_area_bounce,-1,9.890714285714889,17295.47,17289.251458333332,17280.452708333334,17306.848958333332,17245.803616592493,17250.74897373535,17240.858259449637,False,False,False,-2182.9718300713557
1,2024-02-01 19:33:00+00:00,2024-02-01,2024-02-01 21:00:00+00:00,30916,value_area_bounce,-1,7.600000000000104,17298.96,17290.569166666668,17284.932500000003,17307.479166666664,17248.422795211158,17252.222795211157,17244.62279521116,False,False,False,-383.05852461303755
1,2024-02-01 19:37:00+00:00,2024-02-01,2024-02-01 21:00:00+00:00,30920,value_area_bounce,-1,7.702857142857673,17299.97,17289.81875,17284.441249999996,17305.95125,17248.893364338306,17252.744792909736,17245.041935766876,False,False,False,-1833.3731945294144
1,2024-02-01 20:57:00+00:00,2024-02-01,2024-02-01 21:00:00+00:00,31000,value_area_bounce,1,8.840000000000146,17339.72,17347.785416666666,17335.570416666666,17357.964583333334,17261.290123114006,17265.710123114004,17256.870123114008,False,False,False,5814.206688493216
1,2024-02-01 20:58:00+00:00,2024-02-01,2024-02-01 21:00:00+00:00,31001,value_area_bounce,1,9.178571428571688,17341.96,17353.892916666668,17335.570416666666,17357.964583333334,17261.493682153265,17266.08296786755,17256.90439643898,False,False,False,5836.275807779428
1,2024-02-02 17:43:00+00:00,2024-02-02,2024-02-02 21:00:00+00:00,32186,value_area_bounce,-1,8.431428571427594,17634.42,17621.336666666666,17608.103333333333,17639.863333333335,17537.887312422386,17542.1030267081,17533.671598136672,False,False,False,-2829.302134521876
1,2024-02-02 18:34:00+00:00,2024-02-02,2024-02-02 21:00:00+00:00,32237,value_area_bounce,1,13.393571428571054,17615.65,17639.566875,17605.141458333335,17648.955625000002,17553.6036380106,17560.300423724886,17546.906852296317,False,False,False,635.9377638336489
1,2024-02-02 19:43:00+00:00,2024-02-02,2024-02-02 21:00:00+00:00,32306,value_area_bounce,-1,7.861428571427366,17676.66,17661.498958333334,17656.643125000002,17680.922291666666,17570.224817496914,17574.155531782628,17566.2941032112,False,False,False,-1415.8325474671387
1,2024-02-02 19:44:00+00:00,2024-02-02,2024-02-02 21:00:00+00:00,32307,value_area_bounce,-1,7.672142857141807,17673.42,17661.498958333334,17656.643125000002,17680.922291666666,17570.502105263437,17574.338176692007,17566.666033834867,False,False,False,-3018.0090180563075
1,2024-02-02 19:46:00+00:00,2024-02-02,2024-02-02 21:00:00+00:00,32309,value_area_bounce,-1,8.115714285713434,17677.91,17678.8,17662.28,17683.519999999997,17571.21434352928,17575.272200672134,17567.156486386422,False,False,False,-3986.5836618077465
1,2024-02-02 19:58:00+00:00,2024-02-02,2024-02-02 21:00:00+00:00,32321,value_area_bounce,1,8.959285714285215,17668.92,17679.16083333333,17666.534166666665,17683.895833333332,17574.41057939213,17578.890222249272,17569.930936534987,False,False,False,463.88269286626337
1,2024-02-02 19:59:00+00:00,2024-02-02,2024-02-02 21:00:00+00:00,32322,value_area_bounce,1,8.666428571427916,17676.91,17679.16083333333,17666.534166666665,17683.895833333332,17574.720331558485,17579.0535458442,17570.38711727277,False,False,False,1567.0437894008192
1,2024-02-02 20:01:00+00:00,2024-02-02,2024-02-02 21:00:00+00:00,32324,value_area_bounce,1,8.452857142856374,17671.9,17679.16083333333,17666.534166666665,17682.317499999997,17575.259940175674,17579.4863687471,17571.033511604248,False,False,False,1812.8342661724646
1,2024-02-02 20:03:00+00:00,2024-02-02,2024-02-02 21:00:00+00:00,32326,value_area_bounce,1,9.007142857142233,17669.67,17679.16083333333,17666.534166666665,17682.317499999997,17575.78194393403,17580.2855153626,17571.27837250546,False,False,False,2518.017426467499
1,2024-02-02 20:27:00+00:00,2024-02-02,2024-02-02 21:00:00+00:00,32350,value_area_bounce,1,8.962857142856851,17677.78,17675.030208333334,17669.951458333333,17683.494791666664,17580.80027150911,17585.281700080537,17576.318842937682,False,False,False,2953.19664970301
1,2024-02-02 20:36:00+00:00,2024-02-02,2024-02-02 21:00:00+00:00,32359,value_area_bounce,1,10.21142857142851,17667.91,17673.98395833333,17665.856874999998,17680.485625,17582.745504080005,17587.85121836572,17577.63978979429,False,False,False,3271.3304502589776
1,2024-02-02 20:50:00+00:00,2024-02-02,2024-02-02 21:00:00+00:00,32373,value_area_bounce,1,8.023571428570515,17674.66,17673.98395833333,17662.606041666666,17677.23479166667,17585.14199179003,17589.153777504318,17581.130206075744,False,False,False,2363.105858952398
1,2024-02-02 20:55:00+00:00,2024-02-02,2024-02-02 21:00:00+00:00,32378,value_area_bounce,-1,10.558571428570888,17662.92,17673.98395833333,17662.606041666666,17678.86020833333,17586.429456974372,17591.708742688657,17581.150171260088,False,False,False,-844.8196717881858
1,2024-02-05 14:45:00+00:00,2024-02-05,2024-02-05 21:00:00+00:00,33373,value_area_bounce,1,14.64642857142904,17625.03,17642.308125,17624.761875,17646.207291666666,17635.716013922498,17643.039228208214,17628.392799636782,False,False,False,4756.793790296908
1,2024-02-05 14:46:00+00:00,2024-02-05,2024-02-05 21:00:00+00:00,33374,value_area_bounce,1,14.512142857143251,17627.53,17642.308125,17624.761875,17646.207291666666,17635.17453635364,17642.43060778221,17627.918464925067,False,False,False,3850.7092668207547
1,2024-02-05 14:47:00+00:00,2024-02-05,2024-02-05 21:00:00+00:00,33375,value_area_bounce,1,14.35928571428615,17633.29,17642.308125,17624.761875,17646.207291666666,17635.03003852299,17642.209681380133,17627.850395665846,False,False,False,4810.843863124585
1,2024-02-05 14:56:00+00:00,2024-02-05,2024-02-05 21:00:00+00:00,33384,value_area_bounce,1,12.917857142857558,17624.41,17645.561875,17620.299375000002,17645.561875,17628.847277088607,17635.306205660036,17622.38834851718,False,False,False,543.8607269776664
1,2024-02-05 15:02:00+00:00,2024-02-05,2024-02-05 21:00:00+00:00,33390,opening_range_breakout,-1,13.425714285714744,17595.79,17642.432916666665,17616.07458333333,17645.06875,17626.584766772714,17633.297623915572,17619.871909629856,False,False,False,-3917.228740476153
1,2024-02-05 17:50:00+00:00,2024-02-05,2024-02-05 21:00:00+00:00,33558,value_area_bounce,-1,7.739999999999262,17618.3,17597.364999999998,17575.525,17619.205,17574.11209608733,17577.98209608733,17570.24209608733,False,False,False,-1239.6175088185291
1,2024-02-05 18:00:00+00:00,2024-02-05,2024-02-05 21:00:00+00:00,33568,value_area_bounce,-1,6.059285714285579,17613.55,17615.18020833333,17596.006458333333,17619.441041666665,17575.166933767538,17578.19657662468,17572.137290910396,False,False,False,-559.4589685557964
1,2024-02-05 18:05:00+00:00,2024-02-05,2024-02-05 21:00:00+00:00,33573,value_area_bounce,-1,7.048571428571189,17615.04,17615.18020833333,17598.136875,17619.441041666665,17575.731510785106,17579.25579649939,17572.207225070822,False,False,False,-80.88615481461557
1,2024-02-05 19:00:00+00:00,2024-02-05,2024-02-05 21:00:00+00:00,33628,value_area_bounce,-1,7.301428571428914,17610.05,17613.216458333336,17605.778125,17618.795208333333,17580.475120896943,17584.12583518266,17576.824406611227,False,False,False,-499.124592956912
1,2024-02-05 19:06:00+00:00,2024-02-05,2024-02-05 21:00:00+00:00,33634,value_area_bounce,1,7.434285714285579,17613.3,17608.697500000002,17605.6875,17614.7175,17580.860155306385,17584.577298163527,17577.143012449244,False,False,False,358.3418413425137
1,2024-02-05 20:25:00+00:00,2024-02-05,2024-02-05 21:00:00+00:00,33713,value_area_bounce,1,8.982142857143117,17624.16,17657.7775,17615.707499999997,17660.7825,17588.76925163723,17593.260323065802,17584.278180208657,False,False,False,1657.828192978469
1,2024-02-05 20:57:00+00:00,2024-02-05,2024-02-05 21:00:00+00:00,33745,value_area_bounce,-1,9.844285714285174,17634.42,17623.117916666662,17615.930416666662,17637.492916666662,17591.930066837456,17596.8522096946,17587.007923980313,False,False,False,-253.01395828425132
1,2024-02-05 20:59:00+00:00,2024-02-05,2024-02-05 21:00:00+00:00,33747,value_area_bounce,-1,10.754285714285288,17617.53,17635.097083333334,17615.930416666662,17637.492916666662,17592.204779019685,17597.581921876827,17586.827636162543,False,False,False,-3418.1641483598314
1,2024-02-06 15:50:00+00:00,2024-02-06,2024-02-06 21:00:00+00:00,34818,value_area_bounce,1,13.520714285714607,17558.68,17564.019375,17543.969375,17566.525625000002,17590.757629207674,17597.517986350533,17583.997272064815,False,False,False,1179.2367797871198
1,2024-02-06 16:13:00+00:00,2024-02-06,2024-02-06 21:00:00+00:00,34841,value_area_bounce,-1,11.561428571428612,17547.93,17564.471458333333,17546.746875,17564.471458333333,17585.85546587063,17591.636180156343,17580.074751584918,False,False,False,-2750.192989418236
1,2024-02-06 16:36:00+00:00,2024-02-06,2024-02-06 21:00:00+00:00,34864,value_area_bounce,-1,9.166428571428176,17556.91,17564.739166666666,17543.2225,17564.739166666666,17583.63543107853,17588.218645364243,17579.052216792814,False,False,False,-3303.7075974666354
1,2024-02-06 18:10:00+00:00,2024-02-06,2024-02-06 21:00:00+00:00,34958,value_area_bounce,-1,7.7228571428570705,17526.18,17515.940208333333,17506.731875,17532.05479166667,17562.504420087585,17566.365848659014,17558.642991516157,False,False,False,-1547.1919689661306
1,2024-02-06 18:11:00+00:00,2024-02-06,2024-02-06 21:00:00+00:00,34959,value_area_bounce,-1,8.028571428571272,17514.420000000002,17515.940208333333,17506.731875,17527.450625,17562.33935830057,17566.353644014856,17558.325072586285,False,False,False,-2202.091156886375
1,2024-02-06 19:22:00+00:00,2024-02-06,2024-02-06 21:00:00+00:00,35030,value_area_bounce,1,8.927142857143346,17513.31,17544.57125,17506.57875,17553.338750000003,17556.575839394063,17561.039410822636,17552.11226796549,False,False,False,2712.4128765733385
1,2024-02-06 19:28:00+00:00,2024-02-06,2024-02-06 21:00:00+00:00,35036,value_area_bounce,1,8.427142857143346,17515.18,17544.57125,17506.57875,17553.338750000003,17556.043460441604,17560.257031870176,17551.82988901303,False,False,False,616.9955220745467
1,2024-02-07 14:31:00+00:00,2024-02-07,2024-02-07 21:00:00+00:00,36119,value_area_bounce,-1,7.637857142857423,17682.57,17690.445208333334,17662.521041666667,17692.439791666668,17686.82013602425,17690.639064595678,17683.00120745282,False,False,False,-3277.9204012447835
1,2024-02-07 14:32:00+00:00,2024-02-07,2024-02-07 21:00:00+00:00,36120,value_area_bounce,-1,8.540000000000093,17683.32,17684.461458333335,17656.537291666667,17690.445208333334,17686.117567974,17690.387567974,17681.847567974,False,False,False,-3952.0386655678944
1,2024-02-07 14:33:00+00:00,2024-02-07,2024-02-07 21:00:00+00:00,36121,value_area_bounce,-1,9.664285714285922,17674.56,17684.461458333335,17656.537291666667,17688.450625,17684.010547141716,17688.84268999886,17679.178404284572,False,False,False,-6609.989889287789
1,2024-02-07 14:37:00+00:00,2024-02-07,2024-02-07 21:00:00+00:00,36125,value_area_bounce,-1,11.447142857142742,17677.690000000002,17684.461458333335,17662.521041666667,17684.461458333335,17681.642790575857,17687.366362004428,17675.919219147287,False,False,False,-3127.335978761005
1,2024-02-07 14:59:00+00:00,2024-02-07,2024-02-07 21:00:00+00:00,36147,value_area_bounce,1,12.786428571427678,17670.31,17684.985,17657.96166666667,17692.355,17670.563117753707,17676.956332039423,17664.16990346799,False,False,False,2514.549577155653
1,2024-02-07 16:02:00+00:00,2024-02-07,2024-02-07 21:00:00+00:00,36210,value_area_bounce,1,13.547142857142328,17750.06,17771.06,17744.06,17793.56,17712.598941952787,17719.372513381357,17705.825370524217,False,False,False,479.1058125175266
1,2024-02-07 16:03:00+00:00,2024-02-07,2024-02-07 21:00:00+00:00,36211,value_area_bounce,1,13.718571428570742,17752.68,17768.869375000002,17743.716875000002,17794.021875000002,17712.995890383885,17719.85517609817,17706.1366046696,False,False,False,2081.84436049755
1,2024-02-07 16:05:00+00:00,2024-02-07,2024-02-07 21:00:00+00:00,36213,value_area_bounce,1,13.740714285713434,17756.95,17780.53916666667,17750.1225,17789.66416666667,17713.67144580381,17720.541802946667,17706.801088660955,False,False,False,6154.726883732499
1,2024-02-07 17:12:00+00:00,2024-02-07,2024-02-07 21:00:00+00:00,36280,value_area_bounce,-1,7.221428571427688,17752.050000000003,17753.872708333336,17728.487708333334,17760.218958333335,17726.265043574607,17729.87575786032,17722.654329288893,False,False,False,-1672.1630547986213
1,2024-02-07 18:02:00+00:00,2024-02-07,2024-02-07 21:00:00+00:00,36330,value_area_bounce,-1,11.033571428570733,17738.190000000002,17727.56125,17715.224583333333,17749.150416666667,17728.37695999916,17733.893745713445,17722.860174284877,False,False,False,-1699.930128003502
1,2024-02-07 19:40:00+00:00,2024-02-07,2024-02-07 21:00:00+00:00,36428,value_area_bounce,1,6.219285714285953,17772.050000000003,17772.806666666667,17769.36666666667,17777.393333333333,17735.424763416253,17738.534406273397,17732.31512055911,False,False,False,1108.9175563716358
1,2024-02-07 19:46:00+00:00,2024-02-07,2024-02-07 21:00:00+00:00,36434,value_area_bounce,1,5.810714285714441,17771.690000000002,17772.806666666667,17768.22,17777.393333333333,17735.72965902021,17738.635016163065,17732.824301877354,False,False,False,837.6338332994471
1,2024-02-07 20:08:00+00:00,2024-02-07,2024-02-07 21:00:00+00:00,36456,value_area_bounce,-1,6.389285714285767,17777.32,17769.990625,17761.268125000002,17778.713125000002,17737.369837248465,17740.564480105608,17734.175194391322,False,False,False,-1184.7217699600565
1,2024-02-07 20:17:00+00:00,2024-02-07,2024-02-07 21:00:00+00:00,36465,value_area_bounce,1,7.086428571427989,17776.690000000002,17778.713125000002,17769.990625,17787.435625,17738.006069367624,17741.549283653338,17734.46285508191,False,False,False,726.4487424500645
1,2024-02-07 20:30:00+00:00,2024-02-07,2024-02-07 21:00:00+00:00,36478,value_area_bounce,-1,6.072857142856135,17779.31,17778.159375,17774.470625,17783.077708333334,17738.867827107602,17741.90425567903,17735.831398536175,False,False,False,-891.8360550929033
1,2024-02-08 14:31:00+00:00,2024-02-08,2024-02-08 21:00:00+00:00,37499,value_area_bounce,-1,6.569285714286058,17751.890000000003,17757.223958333336,17745.347708333335,17758.543541666666,17755.79051026325,17759.075153120393,17752.505867406107,False,False,False,-3814.801027551647
1,2024-02-08 14:32:00+00:00,2024-02-08,2024-02-08 21:00:00+00:00,37500,value_area_bounce,-1,7.240714285714732,17751.0,17757.223958333336,17746.667291666665,17758.543541666666,17754.93704704705,17758.557404189905,17751.316689904193,False,False,False,-5027.864583447561
1,2024-02-08 14:33:00+00:00,2024-02-08,2024-02-08 21:00:00+00:00,37501,value_area_bounce,-1,7.590000000000406,17747.13,17753.265208333338,17744.028124999997,17753.265208333338,17753.46581471862,17757.260814718622,17749.67081471862,False,False,False,-6601.919811652036
1,2024-02-08 14:40:00+00:00,2024-02-08,2024-02-08 21:00:00+00:00,37508,value_area_bounce,-1,11.53285714285734,17750.74,17753.495833333334,17738.900833333333,17764.847500000003,17759.44069352027,17765.2071220917,17753.674264948844,False,False,False,-6718.144875886097
1,2024-02-08 14:49:00+00:00,2024-02-08,2024-02-08 21:00:00+00:00,37517,value_area_bounce,-1,10.475714285714796,17752.88,17748.341458333336,17742.792708333334,17757.589375000003,17754.01118619168,17759.249043334537,17748.773329048825,False,False,False,-138.19384152131875
1,2024-02-08 15:07:00+00:00,2024-02-08,2024-02-08 21:00:00+00:00,37535,value_area_bounce,-1,9.839999999999886,17771.0,17763.709375000002,17749.891875,17777.526875000003,17759.962609411024,17764.882609411023,17755.042609411026,False,False,False,-1407.1759492347683
1,2024-02-08 15:42:00+00:00,2024-02-08,2024-02-08 21:00:00+00:00,37570,value_area_bounce,1,9.711428571428769,17772.25,17763.616875,17763.616875,17775.753125000003,17763.888132608543,17768.743846894256,17759.03241832283,False,False,False,973.7289112961446
1,2024-02-08 17:01:00+00:00,2024-02-08,2024-02-08 21:00:00+00:00,37649,value_area_bounce,-1,5.465000000000665,17805.010000000002,17794.47,17792.990000000005,17807.79,17777.38791628935,17780.120416289352,17774.655416289348,False,False,False,-1694.9350894485915
1,2024-02-08 17:06:00+00:00,2024-02-08,2024-02-08 21:00:00+00:00,37654,value_area_bounce,1,6.0278571428573615,17796.88,17794.47,17792.990000000005,17807.79,17777.84434144773,17780.85827001916,17774.8304128763,False,False,False,221.40238453751465
1,2024-02-08 18:01:00+00:00,2024-02-08,2024-02-08 21:00:00+00:00,37709,value_area_bounce,1,8.02714285714293,17807.88,17808.49291666667,17788.851250000003,17818.31375,17780.948553436065,17784.962124864636,17776.934982007493,False,False,False,1533.6815554899704
1,2024-02-08 18:13:00+00:00,2024-02-08,2024-02-08 21:00:00+00:00,37721,value_area_bounce,1,9.579285714285495,17796.63,17806.52875,17790.815416666668,17818.31375,17781.940032286228,17786.72967514337,17777.150389429084,False,False,False,2136.2898881125984
1,2024-02-08 18:17:00+00:00,2024-02-08,2024-02-08 21:00:00+00:00,37725,value_area_bounce,1,7.607142857142857,17791.99,17790.815416666668,17782.95875,17806.52875,17782.1167891415,17785.92036057007,17778.313217712926,False,False,False,289.98676281953954
1,2024-02-08 19:34:00+00:00,2024-02-08,2024-02-08 21:00:00+00:00,37802,value_area_bounce,1,6.1507142857143275,17766.390000000003,17771.169791666667,17766.19854166667,17789.397708333338,17783.21146495163,17786.286822094487,17780.136107808772,False,False,False,1061.195389714172
1,2024-02-08 19:36:00+00:00,2024-02-08,2024-02-08 21:00:00+00:00,37804,value_area_bounce,1,6.656428571428478,17763.260000000002,17771.41604166667,17759.85354166667,17788.75979166667,17783.09003620689,17786.418250492603,17779.761821921176,False,False,False,67.45484678496518
1,2024-02-08 20:25:00+00:00,2024-02-08,2024-02-08 21:00:00+00:00,37853,value_area_bounce,-1,4.68999999999999,17791.74,17792.497916666667,17774.77541666667,17798.40541666667,17783.10704187076,17785.45204187076,17780.76204187076,False,False,False,-370.0414773031289
1,2024-02-08 20:50:00+00:00,2024-02-08,2024-02-08 21:00:00+00:00,37878,value_area_bounce,1,5.889999999999678,17793.88,17795.528750000005,17788.74375,17796.659583333334,17783.395011986075,17786.340011986074,17780.450011986075,False,False,False,1420.338859305191
1,2024-02-09 14:41:00+00:00,2024-02-09,2024-02-09 21:00:00+00:00,38889,value_area_bounce,1,12.73857142857066,17814.2,17811.365,17803.835,17846.505,17818.46800867547,17824.837294389756,17812.098722961186,False,False,False,1694.8629922625921
1,2024-02-09 16:39:00+00:00,2024-02-09,2024-02-09 21:00:00+00:00,39007,value_area_bounce,1,7.171428571428676,17914.460000000003,17920.44479166667,17912.059375,17930.50729166667,17873.294904495768,17876.88061878148,17869.709190210055,False,False,False,1356.3189532784763
1,2024-02-09 17:38:00+00:00,2024-02-09,2024-02-09 21:00:00+00:00,39066,value_area_bounce,-1,5.324285714285777,17923.58,17912.46166666667,17908.57166666667,17925.428333333337,17881.824698120497,17884.48684097764,17879.162555263356,False,False,False,-300.715337574123
1,2024-02-09 18:51:00+00:00,2024-02-09,2024-02-09 21:00:00+00:00,39139,value_area_bounce,-1,4.069285714286317,17960.95,17954.169791666667,17948.022291666668,17962.366458333338,17892.67789857171,17894.712541428853,17890.643255714567,False,False,False,-425.27185504621013
1,2024-02-09 19:10:00+00:00,2024-02-09,2024-02-09 21:00:00+00:00,39158,value_area_bounce,1,4.012142857142992,17964.600000000002,17962.396875000002,17959.865625000002,17967.459375000002,17895.0701068,17897.076178228574,17893.06403537143,False,False,False,25.84248000604373
1,2024-02-09 19:16:00+00:00,2024-02-09,2024-02-09 21:00:00+00:00,39164,value_area_bounce,-1,3.7599999999999585,17963.95,17962.74666666667,17961.120000000003,17967.62666666667,17895.723889135552,17897.603889135553,17893.84388913555,False,False,False,-483.1349018535959
1,2024-02-09 19:55:00+00:00,2024-02-09,2024-02-09 21:00:00+00:00,39203,value_area_bounce,-1,4.1057142857139945,17984.84,17980.59,17958.923333333332,17987.256666666668,17901.173569379833,17903.22642652269,17899.120712236974,False,False,False,-253.03194948722023
1,2024-02-09 20:10:00+00:00,2024-02-09,2024-02-09 21:00:00+00:00,39218,value_area_bounce,1,5.900714285714587,17970.83,17979.881666666668,17970.381666666668,17995.715,17903.501094638756,17906.451451781613,17900.550737495898,False,False,False,1545.8860283785934
1,2024-02-09 20:11:00+00:00,2024-02-09,2024-02-09 21:00:00+00:00,39219,value_area_bounce,1,5.934285714286099,17972.34,17979.881666666668,17970.381666666668,17995.715,17903.65659337466,17906.623736231802,17900.68945051752,False,False,False,1594.068723282711
1,2024-02-09 20:40:00+00:00,2024-02-09,2024-02-09 21:00:00+00:00,39248,value_area_bounce,-1,4.917857142857299,17967.600000000002,17969.14,17960.7,17971.953333333335,17907.0435188537,17909.50244742513,17904.584590282273,False,False,False,-1585.3542518909198
1,2024-02-09 20:50:00+00:00,2024-02-09,2024-02-09 21:00:00+00:00,39258,value_area_bounce,1,4.733571428571979,17965.47,17967.709791666668,17963.418125,17969.855625,17908.282037799738,17910.648823514024,17905.91525208545,False,False,False,609.858782579322
1,2024-02-09 20:51:00+00:00,2024-02-09,2024-02-09 21:00:00+00:00,39259,value_area_bounce,1,4.644285714286265,17964.95,17968.03125,17963.46875,17968.943750000002,17908.434922123983,17910.757064981124,17906.11277926684,False,False,False,605.411886026529
1,2024-02-09 20:55:00+00:00,2024-02-09,2024-02-09 21:00:00+00:00,39263,value_area_bounce,1,5.664285714286182,17973.72,17968.03125,17963.46875,17968.943750000002,17909.26895085197,17912.101093709112,17906.436807994825,False,False,False,854.7866844320465
1,2024-02-09 20:56:00+00:00,2024-02-09,2024-02-09 21:00:00+00:00,39264,value_area_bounce,-1,6.065714285714681,17967.08,17968.03125,17963.46875,17968.943750000002,17909.450960157723,17912.48381730058,17906.418103014865,False,False,False,-320.48414794954294
1,2024-02-09 20:58:00+00:00,2024-02-09,2024-02-09 21:00:00+00:00,39266,value_area_bounce,1,6.225000000000364,17967.58,17968.03125,17963.46875,17968.943750000002,17909.73777442506,17912.850274425058,17906.62527442506,False,False,False,199.2992856036958
1,2024-02-09 20:59:00+00:00,2024-02-09,2024-02-09 21:00:00+00:00,39267,value_area_bounce,-1,6.422857142857538,17964.850000000002,17968.03125,17963.46875,17968.943750000002,17910.102378015275,17913.313806586702,17906.89094944385,False,False,False,-333.37508915807075
1,2024-02-12 14:38:00+00:00,2024-02-12,2024-02-12 21:00:00+00:00,40251,value_area_bounce,-1,9.340000000000405,17969.710000000003,17976.123333333337,17954.363333333335,17977.93666666667,17965.02549807736,17969.695498077363,17960.35549807736,False,False,False,-2198.000808821089
1,2024-02-12 15:00:00+00:00,2024-02-12,2024-02-12 21:00:00+00:00,40273,value_area_bounce,-1,7.452142857143242,17965.57,17967.056666666667,17952.550000000003,17968.870000000003,17963.426760955288,17967.15283238386,17959.700689526715,False,False,False,-516.8651634275386
1,2024-02-12 16:47:00+00:00,2024-02-12,2024-02-12 21:00:00+00:00,40380,value_area_bounce,-1,6.340714285715096,18030.34,18003.408333333333,17996.158333333333,18037.24166666667,17980.755023180544,17983.925380323402,17977.584666037685,False,False,False,-468.8072196662217
1,2024-02-12 17:03:00+00:00,2024-02-12,2024-02-12 21:00:00+00:00,40396,value_area_bounce,1,6.057142857143065,18030.95,18042.871875,18022.715625,18049.590625,17984.476018514622,17987.504589943193,17981.44744708605,False,False,False,1241.4002953847998
1,2024-02-12 18:20:00+00:00,2024-02-12,2024-02-12 21:00:00+00:00,40473,value_area_bounce,-1,5.33714285714346,18029.33,18013.485,18007.898333333334,18031.641666666666,17993.533672541078,17996.20224396965,17990.865101112508,False,False,False,-895.8993201098097
1,2024-02-12 19:32:00+00:00,2024-02-12,2024-02-12 21:00:00+00:00,40545,value_area_bounce,1,11.003571428571377,17907.57,17944.393750000003,17905.068750000002,17960.12375,17976.84567326991,17982.347458984194,17971.343887555624,False,False,True,2622.8362339506366
1,2024-02-12 20:54:00+00:00,2024-02-12,2024-02-12 21:00:00+00:00,40627,value_area_bounce,-1,7.369999999999501,17898.32,17906.13229166667,17900.923958333333,17910.03854166667,17961.427468438233,17965.112468438234,17957.74246843823,False,False,False,-94.36402578725722
1,2024-02-13 14:32:00+00:00,2024-02-13,2024-02-13 21:00:00+00:00,41625,value_area_bounce,1,13.575714285714119,17567.63,17593.886250000003,17558.85291666667,17593.886250000003,17553.162555011782,17559.950412154638,17546.374697868927,False,False,False,7563.056376193933
1,2024-02-13 14:42:00+00:00,2024-02-13,2024-02-13 21:00:00+00:00,41635,value_area_bounce,1,18.182857142857237,17583.36,17593.144375000003,17563.208125000005,17593.144375000003,17574.190035315754,17583.281463887182,17565.098606744326,False,False,False,4.911931798557816
1,2024-02-13 14:44:00+00:00,2024-02-13,2024-02-13 21:00:00+00:00,41637,value_area_bounce,-1,16.656428571428737,17577.36,17576.513125000005,17563.208125000005,17593.144375000003,17575.656354462608,17583.98456874832,17567.328140176895,False,False,False,-778.3249815667903
1,2024-02-13 14:47:00+00:00,2024-02-13,2024-02-13 21:00:00+00:00,41640,value_area_bounce,-1,15.059285714285839,17582.36,17591.728958333333,17565.645625,17591.728958333333,17576.875255173138,17584.40489803028,17569.345612315996,False,False,False,-174.008741129162
1,2024-02-13 14:50:00+00:00,2024-02-13,2024-02-13 21:00:00+00:00,41643,value_area_bounce,1,14.846428571428728,17576.620000000003,17588.46854166667,17565.645625,17591.728958333333,17577.631900972832,17585.055115258547,17570.208686687118,False,False,False,1486.5951200204493
1,2024-02-13 14:51:00+00:00,2024-02-13,2024-02-13 21:00:00+00:00,41644,value_area_bounce,-1,15.204285714286016,17573.11,17575.426875,17559.12479166667,17588.46854166667,17577.616992791667,17585.21913564881,17570.014849934523,False,False,False,-2559.296467878112
1,2024-02-13 15:04:00+00:00,2024-02-13,2024-02-13 21:00:00+00:00,41657,value_area_bounce,-1,15.698571428571345,17584.88,17584.191875,17559.974374999998,17592.264375,17583.9142647898,17591.763550504085,17576.064979075516,False,False,False,-8038.844589910275
1,2024-02-13 15:07:00+00:00,2024-02-13,2024-02-13 21:00:00+00:00,41660,value_area_bounce,-1,14.316428571428332,17600.38,17584.191875,17576.119375000002,17608.409375000003,17584.680512406787,17591.838726692502,17577.52229812107,False,False,False,-3278.197771156838
1,2024-02-13 16:31:00+00:00,2024-02-13,2024-02-13 21:00:00+00:00,41744,value_area_bounce,1,10.395714285714089,17678.86,17702.796458333338,17675.192291666666,17705.556875000002,17636.329358330782,17641.527215473638,17631.131501187927,False,False,False,897.8415995775208
1,2024-02-13 19:44:00+00:00,2024-02-13,2024-02-13 21:00:00+00:00,41937,value_area_bounce,-1,7.765714285714888,17567.5,17542.107291666667,17528.255208333336,17569.811458333334,17626.872607124285,17630.755464267142,17622.98974998143,False,False,False,-2806.7604618052264
1,2024-02-13 20:00:00+00:00,2024-02-13,2024-02-13 21:00:00+00:00,41953,value_area_bounce,1,10.580000000000187,17521.61,17535.760208333337,17515.852708333336,17562.303541666668,17622.318879907376,17627.608879907377,17617.028879907375,False,False,False,2570.7926018127364
1,2024-02-14 14:32:00+00:00,2024-02-14,2024-02-14 21:00:00+00:00,43005,value_area_bounce,-1,8.735714285714494,17724.27,17732.840416666666,17708.59458333333,17732.840416666666,17733.834892573774,17738.20274971663,17729.467035430916,False,False,False,-5827.767555574912
1,2024-02-14 14:34:00+00:00,2024-02-14,2024-02-14 21:00:00+00:00,43007,value_area_bounce,-1,10.888571428571595,17722.4,17732.840416666666,17710.79875,17732.840416666666,17732.622980457698,17738.067266171984,17727.178694743412,False,False,False,-8551.317960343289
1,2024-02-14 14:43:00+00:00,2024-02-14,2024-02-14 21:00:00+00:00,43016,value_area_bounce,1,16.345000000000386,17707.77,17733.397083333337,17705.174583333333,17733.397083333337,17717.083372197976,17725.255872197977,17708.910872197976,False,False,False,1480.626036890506
1,2024-02-14 15:02:00+00:00,2024-02-14,2024-02-14 21:00:00+00:00,43035,value_area_bounce,-1,13.203571428571324,17717.530000000002,17702.03875,17702.03875,17733.397083333337,17713.736750183183,17720.33853589747,17707.134964468896,False,False,False,-47.93134819002671
1,2024-02-14 15:11:00+00:00,2024-02-14,2024-02-14 21:00:00+00:00,43044,value_area_bounce,-1,12.722142857142119,17725.16,17717.71791666667,17702.03875,17733.397083333337,17716.70467905559,17723.065750484162,17710.34360762702,False,False,False,-942.8881802693535
1,2024-02-14 15:51:00+00:00,2024-02-14,2024-02-14 21:00:00+00:00,43084,value_area_bounce,1,13.14642857142878,17717.530000000002,17729.705,17711.765,17759.605000000003,17729.2304277746,17735.803642060317,17722.657213488885,False,False,False,158.6345092291773
1,2024-02-14 16:43:00+00:00,2024-02-14,2024-02-14 21:00:00+00:00,43136,value_area_bounce,-1,10.207142857142701,17660.530000000002,17663.261250000003,17641.226250000003,17688.968750000004,17712.016873553242,17717.120444981814,17706.91330212467,False,False,False,-2248.072762379249
1,2024-02-14 17:10:00+00:00,2024-02-14,2024-02-14 21:00:00+00:00,43163,value_area_bounce,1,11.797857142856499,17666.66,17688.718125,17662.848125,17695.185625,17705.587435074725,17711.486363646152,17699.6885065033,False,False,False,5029.277885876269
1,2024-02-14 18:05:00+00:00,2024-02-14,2024-02-14 21:00:00+00:00,43218,value_area_bounce,-1,7.8664285714291635,17714.530000000002,17712.063333333335,17684.19666666667,17720.423333333336,17704.112901195695,17708.046115481407,17700.17968690998,False,False,False,-628.9293470779623
1,2024-02-14 19:13:00+00:00,2024-02-14,2024-02-14 21:00:00+00:00,43286,value_area_bounce,1,11.977142857143138,17694.510000000002,17737.009375,17691.915625,17743.946875,17704.354409684165,17710.342981112735,17698.365838255595,False,False,False,1195.445684075536
1,2024-02-14 20:59:00+00:00,2024-02-14,2024-02-14 21:00:00+00:00,43392,value_area_bounce,-1,9.046428571427636,17805.780000000002,17799.403125,17761.815208333333,17809.654375000002,17712.816584054446,17717.33979834016,17708.293369768733,False,False,False,-1305.0672690368726
1,2024-02-15 14:30:00+00:00,2024-02-15,2024-02-15 21:00:00+00:00,44383,value_area_bounce,1,8.264999999999418,17830.100000000002,17822.978750000002,17818.873750000002,17831.18875,17826.103333333336,17830.235833333336,17821.970833333336,False,False,False,3172.315377937778
1,2024-02-15 14:32:00+00:00,2024-02-15,2024-02-15 21:00:00+00:00,44385,value_area_bounce,-1,9.693571428570847,17814.99,17829.522500000003,17822.729166666668,17831.220833333333,17826.107882485292,17830.954668199578,17821.261096771006,False,False,False,-1559.5439428765449
1,2024-02-15 14:33:00+00:00,2024-02-15,2024-02-15 21:00:00+00:00,44386,value_area_bounce,1,10.524999999999636,17824.61,17829.522500000003,17821.030833333334,17831.220833333333,17824.958401221997,17830.220901221997,17819.695901221996,False,False,False,761.6827840632252
1,2024-02-15 14:51:00+00:00,2024-02-15,2024-02-15 21:00:00+00:00,44404,value_area_bounce,1,13.97285714285759,17797.09,17820.763958333337,17794.093125,17831.432291666668,17802.2975232465,17809.283951817928,17795.31109467507,False,False,False,1530.2748272864699
1,2024-02-15 15:01:00+00:00,2024-02-15,2024-02-15 21:00:00+00:00,44414,value_area_bounce,1,13.923571428571709,17756.84,17786.006875000003,17747.419375,17813.018125000002,17790.953744892653,17797.91553060694,17783.991959178366,False,False,False,3311.506816284389
1,2024-02-15 15:03:00+00:00,2024-02-15,2024-02-15 21:00:00+00:00,44416,opening_range_breakout,-1,14.045714285714505,17735.72,17786.006875000003,17751.278125,17805.300625000003,17788.38082185962,17795.403679002477,17781.357964716764,False,False,False,-1024.0784495516375
1,2024-02-15 15:34:00+00:00,2024-02-15,2024-02-15 21:00:00+00:00,44447,value_area_bounce,1,15.317857142856935,17760.86,17785.816458333335,17758.257708333338,17798.064791666668,17780.612281660644,17788.271210232073,17772.953353089215,False,False,False,358.9832356108775
1,2024-02-15 15:55:00+00:00,2024-02-15,2024-02-15 21:00:00+00:00,44468,value_area_bounce,-1,11.75071428571417,17771.09,17767.95354166667,17753.416041666667,17782.491041666668,17778.59081187318,17784.466169016036,17772.71545473032,False,False,False,-2413.7813860421575
1,2024-02-15 17:50:00+00:00,2024-02-15,2024-02-15 21:00:00+00:00,44583,value_area_bounce,-1,6.251428571428603,17799.49,17763.731875,17755.793125000004,17803.425625000003,17774.008876806492,17777.134591092206,17770.88316252078,False,False,False,-1237.8262701809604
1,2024-02-15 18:36:00+00:00,2024-02-15,2024-02-15 21:00:00+00:00,44629,value_area_bounce,-1,7.410714285713766,17843.61,17798.141458333335,17787.940208333333,17845.747291666667,17780.322641566738,17784.027998709593,17776.617284423883,False,False,False,-1908.9736172963426
1,2024-02-15 18:56:00+00:00,2024-02-15,2024-02-15 21:00:00+00:00,44649,value_area_bounce,1,7.982142857143117,17838.100000000002,17848.758958333332,17837.010625000003,17863.444375,17783.067243249327,17787.0583146779,17779.076171820754,False,False,False,1372.4438676458603
1,2024-02-15 19:06:00+00:00,2024-02-15,2024-02-15 21:00:00+00:00,44659,value_area_bounce,1,8.377857142857465,17849.850000000002,17842.746458333335,17839.50729166667,17852.463958333337,17784.592251568865,17788.781180140293,17780.403322997437,False,False,False,79.52411088791018
1,2024-02-15 19:09:00+00:00,2024-02-15,2024-02-15 21:00:00+00:00,44662,value_area_bounce,-1,7.941428571428593,17848.97,17839.429375000003,17839.429375000003,17851.719375,17785.153048750828,17789.123763036543,17781.182334465113,False,False,False,-549.8580043079335
1,2024-02-15 19:10:00+00:00,2024-02-15,2024-02-15 21:00:00+00:00,44663,value_area_bounce,-1,8.512857142856904,17836.86,17839.429375000003,17839.429375000003,17851.719375,17785.3606180489,17789.61704662033,17781.10418947747,False,False,False,-885.3751265859457
1,2024-02-15 19:16:00+00:00,2024-02-15,2024-02-15 21:00:00+00:00,44669,value_area_bounce,1,9.630714285713891,17840.24,17843.115416666667,17838.81375,17856.02041666667,17786.204247702866,17791.019604845722,17781.38889056001,False,False,False,1945.153552492577
1,2024-02-15 19:19:00+00:00,2024-02-15,2024-02-15 21:00:00+00:00,44672,value_area_bounce,1,9.907857142856821,17845.850000000002,17843.115416666667,17836.662916666668,17853.869583333337,17786.621676433286,17791.575605004713,17781.66774786186,False,False,False,1306.3944807282808
1,2024-02-15 19:26:00+00:00,2024-02-15,2024-02-15 21:00:00+00:00,44679,value_area_bounce,1,8.013571428571595,17840.97,17842.51729166667,17835.265625,17847.95604166667,17787.590499674596,17791.59728538888,17783.58371396031,False,False,False,1705.4582109163184
1,2024-02-15 19:28:00+00:00,2024-02-15,2024-02-15 21:00:00+00:00,44681,value_area_bounce,1,8.163571428571752,17839.49,17842.51729166667,17835.265625,17846.143125000002,17787.8445672703,17791.926352984585,17783.76278155601,False,False,False,1947.5457283582205
1,2024-02-15 19:57:00+00:00,2024-02-15,2024-02-15 21:00:00+00:00,44710,value_area_bounce,-1,6.3585714285712,17851.350000000002,17842.740625000002,17840.776875000003,17858.450625,17791.029744702955,17794.20903041724,17787.85045898867,False,False,False,-549.3877016401807
1,2024-02-15 20:04:00+00:00,2024-02-15,2024-02-15 21:00:00+00:00,44717,value_area_bounce,1,7.430714285714463,17848.230000000003,17843.474583333336,17840.01625,17857.307916666665,17791.791447333027,17795.506804475885,17788.07609019017,False,False,False,872.1943861364732
1,2024-02-15 20:11:00+00:00,2024-02-15,2024-02-15 21:00:00+00:00,44724,value_area_bounce,1,8.655000000000395,17843.47,17842.890625,17839.858125,17855.020625,17792.494515636234,17796.822015636233,17788.167015636234,False,False,False,264.4037816779958
1,2024-02-15 20:28:00+00:00,2024-02-15,2024-02-15 21:00:00+00:00,44741,value_area_bounce,1,8.191428571429112,17832.22,17843.880833333336,17830.130833333336,17857.630833333336,17793.79763582898,17797.893350114697,17789.701921543267,False,False,False,1288.0534381721575
1,2024-02-15 20:50:00+00:00,2024-02-15,2024-02-15 21:00:00+00:00,44763,value_area_bounce,1,6.596428571428468,17835.350000000002,17829.65166666667,17824.541666666668,17841.575,17795.161580046253,17798.459794331968,17791.86336576054,False,False,False,735.2567577202033
1,2024-02-16 15:12:00+00:00,2024-02-16,2024-02-16 21:00:00+00:00,45805,opening_range_breakout,-1,18.926428571428914,17688.83,17686.926666666666,17659.466666666667,17833.379999999997,17766.37412179333,17775.837336079047,17756.910907507616,False,False,False,-626.9999893070644
1,2024-02-16 16:50:00+00:00,2024-02-16,2024-02-16 21:00:00+00:00,45903,value_area_bounce,1,9.584285714285736,17794.33,17804.205625000002,17785.013125000005,17813.801875000005,17756.166933896402,17760.959076753545,17751.37479103926,False,False,False,185.05916910891665
1,2024-02-16 17:37:00+00:00,2024-02-16,2024-02-16 21:00:00+00:00,45950,value_area_bounce,-1,8.433571428571147,17795.960000000003,17796.626875,17782.583125,17810.670625000002,17763.850466185606,17768.06725189989,17759.63368047132,False,False,False,-1299.2391451778062
1,2024-02-16 17:47:00+00:00,2024-02-16,2024-02-16 21:00:00+00:00,45960,value_area_bounce,1,8.199999999999948,17800.09,17798.78104166667,17792.089375000003,17810.491458333338,17765.051021653348,17769.151021653346,17760.95102165335,False,False,False,989.8612794654059
1,2024-02-16 17:55:00+00:00,2024-02-16,2024-02-16 21:00:00+00:00,45968,value_area_bounce,1,7.778571428571532,17798.72,17798.585208333338,17793.043541666666,17806.897708333338,17765.9511249317,17769.840410645986,17762.061839217415,False,False,False,514.3473886727157
1,2024-02-16 17:59:00+00:00,2024-02-16,2024-02-16 21:00:00+00:00,45972,value_area_bounce,1,8.659285714286202,17794.710000000003,17798.43791666667,17793.51541666667,17805.00125,17766.298044494444,17770.62768735159,17761.9684016373,False,False,False,862.3884674978144
1,2024-02-16 19:34:00+00:00,2024-02-16,2024-02-16 21:00:00+00:00,46067,value_area_bounce,1,6.06000000000001,17820.100000000002,17830.090000000004,17818.210000000003,17838.010000000002,17770.525292230184,17773.555292230183,17767.495292230185,False,False,False,804.9697553621895
1,2024-02-16 20:07:00+00:00,2024-02-16,2024-02-16 21:00:00+00:00,46100,value_area_bounce,1,11.235000000000062,17718.230000000003,17720.425833333335,17709.549166666668,17802.000833333335,17767.55513478536,17773.172634785362,17761.93763478536,False,False,False,914.3790408425535
1,2024-02-20 14:30:00+00:00,2024-02-20,2024-02-20 21:00:00+00:00,48280,value_area_bounce,1,7.7399999999995215,17626.010000000002,17620.34416666667,17609.485833333336,17631.2025,17617.930000000004,17621.800000000003,17614.060000000005,False,False,False,5249.048747380206
1,2024-02-20 15:01:00+00:00,2024-02-20,2024-02-20 21:00:00+00:00,48311,opening_range_breakout,-1,15.830714285714619,17484.640000000003,17525.59125,17495.527916666666,17608.26541666667,17559.606495451397,17567.521852594255,17551.69113830854,False,False,False,-5842.36219219021
1,2024-02-20 18:03:00+00:00,2024-02-20,2024-02-20 21:00:00+00:00,48493,value_area_bounce,-1,8.888571428570815,17441.25,17418.02375,17402.55875,17443.79875,17496.82147273229,17501.265758446574,17492.377187018003,False,False,False,-2197.9446147047947
1,2024-02-20 18:16:00+00:00,2024-02-20,2024-02-20 21:00:00+00:00,48506,value_area_bounce,1,8.88571428571413,17436.760000000002,17443.79875,17436.06625,17456.68625,17494.841318294166,17499.284175437024,17490.398461151308,False,False,False,769.2257593783869
1,2024-02-20 18:27:00+00:00,2024-02-20,2024-02-20 21:00:00+00:00,48517,value_area_bounce,-1,10.520714285713828,17440.4,17442.93666666667,17436.27,17456.27,17493.61773172175,17498.878088864607,17488.357374578896,False,False,False,-4325.471402499215
1,2024-02-20 19:03:00+00:00,2024-02-20,2024-02-20 21:00:00+00:00,48553,value_area_bounce,-1,8.319285714286057,17463.75,17435.557500000003,17435.557500000003,17466.377500000002,17489.897823974057,17494.0574668312,17485.738181116914,False,False,False,-2130.633624116287
1,2024-02-20 19:04:00+00:00,2024-02-20,2024-02-20 21:00:00+00:00,48554,value_area_bounce,-1,8.41857142857199,17462.27,17435.557500000003,17425.284166666665,17466.377500000002,17489.82867583318,17494.037961547467,17485.619390118896,False,False,False,-3650.88285971784
1,2024-02-20 19:24:00+00:00,2024-02-20,2024-02-20 21:00:00+00:00,48574,value_area_bounce,-1,12.346428571428728,17468.02,17467.64916666667,17455.9225,17476.444166666668,17488.92732502766,17495.100539313375,17482.754110741946,False,False,False,-3328.836869317669
1,2024-02-20 20:03:00+00:00,2024-02-20,2024-02-20 21:00:00+00:00,48613,value_area_bounce,-1,8.247857142858006,17503.510000000002,17484.878125000003,17455.232291666667,17505.630208333336,17489.716104782226,17493.840033353656,17485.592176210797,False,False,False,-1592.2504039595528
1,2024-02-20 20:55:00+00:00,2024-02-20,2024-02-20 21:00:00+00:00,48665,value_area_bounce,-1,11.280714285714566,17530.25,17530.318750000002,17510.80625,17535.893750000003,17493.576627708957,17499.216984851813,17487.9362705661,False,False,False,-263.8801310546726
1,2024-02-21 14:34:00+00:00,2024-02-21,2024-02-21 21:00:00+00:00,49664,value_area_bounce,1,12.628571428571636,17451.68,17444.225833333334,17444.225833333334,17454.7175,17443.498307810223,17449.812593524508,17437.18402209594,False,False,False,7379.472861763032
1,2024-02-21 14:36:00+00:00,2024-02-21,2024-02-21 21:00:00+00:00,49666,value_area_bounce,1,14.252857142857206,17448.93,17444.225833333334,17442.127500000002,17454.7175,17443.906094733746,17451.032523305174,17436.779666162318,False,False,False,861.2695173334455
1,2024-02-21 14:38:00+00:00,2024-02-21,2024-02-21 21:00:00+00:00,49668,value_area_bounce,1,15.41357142857149,17448.440000000002,17444.225833333334,17440.029166666667,17452.619166666667,17445.00292380676,17452.709709521045,17437.29613809247,False,False,False,2712.2134338195265
1,2024-02-21 14:39:00+00:00,2024-02-21,2024-02-21 21:00:00+00:00,49669,value_area_bounce,-1,16.18000000000003,17449.690000000002,17444.225833333334,17440.029166666667,17452.619166666667,17445.423321869275,17453.513321869275,17437.333321869275,False,False,False,-1000.1812713275514
1,2024-02-21 14:40:00+00:00,2024-02-21,2024-02-21 21:00:00+00:00,49670,value_area_bounce,-1,16.38571428571413,17443.940000000002,17444.225833333334,17440.029166666667,17452.619166666667,17445.53693720174,17453.7297943446,17437.344080058883,False,False,False,-938.9883409165741
1,2024-02-21 14:54:00+00:00,2024-02-21,2024-02-21 21:00:00+00:00,49684,value_area_bounce,1,14.840714285713798,17419.690000000002,17446.558541666665,17419.479375000003,17462.806041666667,17430.804147913575,17438.22450505643,17423.38379077072,False,False,False,4912.776906210708
1,2024-02-21 14:55:00+00:00,2024-02-21,2024-02-21 21:00:00+00:00,49685,value_area_bounce,1,14.187142857142524,17424.420000000002,17446.558541666665,17416.771458333336,17462.806041666667,17430.52025646914,17437.61382789771,17423.42668504057,False,False,False,9626.870715310177
1,2024-02-21 15:04:00+00:00,2024-02-21,2024-02-21 21:00:00+00:00,49694,opening_range_breakout,1,15.484285714285372,17472.190000000002,17444.487708333334,17421.181458333333,17457.435625,17431.604127291706,17439.34627014885,17423.861984434563,False,False,False,2182.479723020553
1,2024-02-21 15:08:00+00:00,2024-02-21,2024-02-21 21:00:00+00:00,49698,value_area_bounce,-1,16.256428571428582,17445.43,17445.165208333336,17416.616458333338,17457.85354166667,17433.74801751994,17441.876231805654,17425.61980323423,False,False,False,-2203.1664066486273
1,2024-02-21 16:27:00+00:00,2024-02-21,2024-02-21 21:00:00+00:00,49777,value_area_bounce,-1,8.524999999999377,17441.170000000002,17430.449375,17406.633125,17448.973125,17435.638001085408,17439.90050108541,17431.375501085407,False,False,False,-2086.021304873339
1,2024-02-21 17:43:00+00:00,2024-02-21,2024-02-21 21:00:00+00:00,49853,value_area_bounce,1,7.665000000000093,17397.670000000002,17398.134375,17391.811875,17407.618125,17430.660223884202,17434.492723884203,17426.827723884202,False,False,False,638.3298299526978
1,2024-02-21 17:45:00+00:00,2024-02-21,2024-02-21 21:00:00+00:00,49855,value_area_bounce,1,8.495714285714453,17400.190000000002,17396.73354166667,17393.503958333335,17406.42229166667,17430.349388260114,17434.597245402972,17426.101531117256,False,False,False,1487.0975102814823
1,2024-02-21 18:01:00+00:00,2024-02-21,2024-02-21 21:00:00+00:00,49871,value_area_bounce,-1,8.710714285714337,17403.670000000002,17396.345208333332,17390.39145833333,17406.268125000002,17429.537064497963,17433.89242164082,17425.181707355106,False,False,False,-459.15949848938453
1,2024-02-21 18:02:00+00:00,2024-02-21,2024-02-21 21:00:00+00:00,49872,value_area_bounce,-1,10.475000000000104,17380.68,17396.345208333332,17390.39145833333,17406.268125000002,17429.161474083437,17434.398974083437,17423.92397408344,False,False,False,-3499.569164673064
1,2024-02-21 19:03:00+00:00,2024-02-21,2024-02-21 21:00:00+00:00,49933,value_area_bounce,1,11.685714285714441,17417.93,17408.42875,17403.190416666665,17424.143750000003,17425.386286682788,17431.229143825643,17419.543429539932,False,False,False,1979.4146482884307
1,2024-02-21 19:04:00+00:00,2024-02-21,2024-02-21 21:00:00+00:00,49934,value_area_bounce,-1,12.872857142857486,17414.440000000002,17408.42875,17403.190416666665,17421.524583333332,17425.357143431578,17431.793572003007,17418.92071486015,False,False,False,-1361.849353880917
1,2024-02-21 19:11:00+00:00,2024-02-21,2024-02-21 21:00:00+00:00,49941,value_area_bounce,-1,15.282857142856821,17415.420000000002,17411.4225,17406.1325,17422.002500000002,17425.06877554768,17432.710204119106,17417.427346976252,False,False,False,-197.154963553083
1,2024-02-21 19:13:00+00:00,2024-02-21,2024-02-21 21:00:00+00:00,49943,value_area_bounce,-1,15.80928571428532,17415.800000000003,17416.7125,17403.487500000003,17416.7125,17425.01024494173,17432.914887798874,17417.10560208459,False,False,False,-621.4854633535226
1,2024-02-21 19:14:00+00:00,2024-02-21,2024-02-21 21:00:00+00:00,49944,value_area_bounce,-1,15.076428571428291,17408.18,17416.7125,17403.487500000003,17416.7125,17424.95085871693,17432.48907300264,17417.412644431217,False,False,False,-2172.5608031667416
1,2024-02-21 19:18:00+00:00,2024-02-21,2024-02-21 21:00:00+00:00,49948,value_area_bounce,-1,12.559999999999231,17405.420000000002,17411.4225,17403.487500000003,17416.7125,17424.625645959524,17430.905645959523,17418.345645959525,False,False,False,-1699.9383425080987
1,2024-02-22 14:30:00+00:00,2024-02-22,2024-02-22 21:00:00+00:00,51040,value_area_bounce,-1,8.121428571428364,17842.370000000003,17827.13375,17821.317083333335,17846.037916666668,17851.41,17855.470714285715,17847.349285714285,False,False,False,-3213.915497429398
1,2024-02-22 14:31:00+00:00,2024-02-22,2024-02-22 21:00:00+00:00,51041,value_area_bounce,-1,9.979285714285393,17822.120000000003,17850.816458333335,17834.13979166667,17852.90104166667,17842.436159034805,17847.425801891946,17837.446516177664,False,False,False,-7944.050167916286
1,2024-02-22 14:37:00+00:00,2024-02-22,2024-02-22 21:00:00+00:00,51047,value_area_bounce,-1,15.96714285714292,17822.390000000003,17826.444375,17824.178958333334,17833.240625,17831.030736523244,17839.014307951817,17823.04716509467,False,False,False,-9768.497579626246
1,2024-02-22 15:03:00+00:00,2024-02-22,2024-02-22 21:00:00+00:00,51073,value_area_bounce,-1,19.427142857143604,17856.74,17831.728750000002,17818.46125,17871.53125,17855.135728907422,17864.849300335994,17845.42215747885,False,False,False,-1582.5184923851295
1,2024-02-22 16:52:00+00:00,2024-02-22,2024-02-22 21:00:00+00:00,51182,value_area_bounce,1,9.506428571428321,17904.5,17916.365625000002,17904.260625000003,17925.444375,17879.09671790509,17883.849932190802,17874.343503619377,False,False,False,42.64101727596221
1,2024-02-22 17:01:00+00:00,2024-02-22,2024-02-22 21:00:00+00:00,51191,value_area_bounce,1,9.988571428571179,17899.260000000002,17905.357291666667,17888.193541666667,17920.613958333335,17879.997866875,17884.992152589286,17875.003581160716,False,False,False,1684.3647337957268
1,2024-02-22 17:04:00+00:00,2024-02-22,2024-02-22 21:00:00+00:00,51194,value_area_bounce,1,9.308571428571668,17913.010000000002,17922.521041666667,17905.357291666667,17928.24229166667,17880.35240998418,17885.006695698467,17875.698124269897,False,False,False,2950.765531365684
1,2024-02-22 17:40:00+00:00,2024-02-22,2024-02-22 21:00:00+00:00,51230,value_area_bounce,-1,6.360000000000582,17929.0,17903.89625,17888.52125,17934.64625,17885.931347191326,17889.111347191327,17882.751347191326,False,False,False,-919.4973898571393
1,2024-02-22 18:13:00+00:00,2024-02-22,2024-02-22 21:00:00+00:00,51263,value_area_bounce,-1,6.634285714285787,17959.370000000003,17940.528125,17925.101875,17960.361875000002,17891.675823515372,17894.992966372516,17888.358680658228,False,False,False,-231.5558022174029
1,2024-02-22 18:26:00+00:00,2024-02-22,2024-02-22 21:00:00+00:00,51276,value_area_bounce,-1,6.492142857143075,17973.49,17966.973125000004,17949.343125,17973.584375000002,17894.008412720457,17897.254484149027,17890.762341291887,False,False,False,-590.2387209558262
1,2024-02-22 18:27:00+00:00,2024-02-22,2024-02-22 21:00:00+00:00,51277,value_area_bounce,-1,6.387142857143252,17971.260000000002,17967.451875000002,17953.359375,17974.498125000002,17894.22298964155,17897.41656107012,17891.029418212976,False,False,False,-805.8972670983798
1,2024-02-22 19:31:00+00:00,2024-02-22,2024-02-22 21:00:00+00:00,51341,value_area_bounce,-1,5.970714285713776,18027.5,18035.56375,18003.60125,18035.56375,17908.593905805985,17911.579262948842,17905.608548663127,False,False,False,-304.93435980726656
1,2024-02-22 19:32:00+00:00,2024-02-22,2024-02-22 21:00:00+00:00,51342,value_area_bounce,-1,6.247857142856446,18021.01,18008.853750000002,17990.291250000002,18023.29125,17908.986846024945,17912.110774596375,17905.862917453516,False,False,False,-624.0380405938798
1,2024-02-22 19:51:00+00:00,2024-02-22,2024-02-22 21:00:00+00:00,51361,value_area_bounce,1,7.317857142856416,18013.510000000002,18009.9,18003.980000000003,18021.739999999998,17914.00026831472,17917.65919688615,17910.341339743292,False,False,False,1003.5905758373973
1,2024-02-22 20:02:00+00:00,2024-02-22,2024-02-22 21:00:00+00:00,51372,value_area_bounce,1,9.752142857142774,18006.5,18014.015833333335,18001.105833333335,18026.925833333335,17916.620969959426,17921.497041387996,17911.744898530855,False,False,False,1284.442401474203
1,2024-02-22 20:35:00+00:00,2024-02-22,2024-02-22 21:00:00+00:00,51405,value_area_bounce,1,8.978571428571481,18014.0,18024.917500000003,18005.53416666667,18026.855833333335,17924.744991963733,17929.234277678017,17920.25570624945,False,False,False,523.88377468959
1,2024-02-23 14:39:00+00:00,2024-02-23,2024-02-23 21:00:00+00:00,52429,value_area_bounce,-1,13.085000000000425,18081.5,18088.903333333335,18058.423333333336,18088.903333333335,18081.781212692164,18088.323712692163,18075.238712692164,False,False,False,-127.12370862650118
1,2024-02-23 14:46:00+00:00,2024-02-23,2024-02-23 21:00:00+00:00,52436,value_area_bounce,-1,12.952142857142203,18082.620000000003,18088.903333333335,18061.81,18088.903333333335,18082.54921702117,18089.02528844974,18076.0731455926,False,False,False,-1953.5259189170931
1,2024-02-23 14:48:00+00:00,2024-02-23,2024-02-23 21:00:00+00:00,52438,value_area_bounce,-1,13.424999999999532,18073.0,18089.332500000004,18060.3975,18089.332500000004,18082.204597249507,18088.91709724951,18075.492097249506,False,False,False,-414.9520426910874
1,2024-02-23 15:00:00+00:00,2024-02-23,2024-02-23 21:00:00+00:00,52450,opening_range_breakout,-1,15.705714285713059,18010.99,18085.22791666667,18060.943750000002,18088.697083333336,18068.757380288796,18076.610237431654,18060.90452314594,False,False,False,-7592.407507680055
1,2024-02-23 15:36:00+00:00,2024-02-23,2024-02-23 21:00:00+00:00,52486,value_area_bounce,1,13.86357142857092,18006.370000000003,18025.497291666667,18005.057708333334,18041.848958333336,18047.09494142945,18054.026727143733,18040.163155715163,False,False,False,3045.739193256155
1,2024-02-23 16:41:00+00:00,2024-02-23,2024-02-23 21:00:00+00:00,52551,value_area_bounce,-1,10.281428571428478,17955.870000000003,17964.812083333338,17919.603750000002,17964.812083333338,18011.508688759695,18016.64940304541,18006.367974473982,False,False,False,-963.2941931645844
1,2024-02-23 17:16:00+00:00,2024-02-23,2024-02-23 21:00:00+00:00,52586,value_area_bounce,-1,9.316428571429112,17983.63,17957.59395833334,17941.708541666667,17989.364791666667,18008.008269425944,18012.66648371166,18003.35005514023,False,False,False,-3659.829300338259
1,2024-02-23 17:25:00+00:00,2024-02-23,2024-02-23 21:00:00+00:00,52595,value_area_bounce,-1,9.234285714286411,17979.870000000003,17959.79,17951.510000000002,17992.910000000003,18007.410489847905,18012.02763270505,18002.793346990762,False,False,False,-1187.9501390956564
1,2024-02-23 17:37:00+00:00,2024-02-23,2024-02-23 21:00:00+00:00,52607,value_area_bounce,1,11.63071428571467,17972.870000000003,17971.478125,17968.581875000003,18003.336875,18005.50039687018,18011.315754013034,17999.685039727323,False,False,False,2795.098853787024
1,2024-02-23 18:30:00+00:00,2024-02-23,2024-02-23 21:00:00+00:00,52660,value_area_bounce,-1,6.165714285714005,18000.370000000003,17992.846041666668,17986.12479166667,18006.28854166667,18003.84315277985,18006.926009922707,18000.760295636992,False,False,False,-157.03067500818557
1,2024-02-23 18:43:00+00:00,2024-02-23,2024-02-23 21:00:00+00:00,52673,value_area_bounce,1,8.179285714285859,17994.370000000003,17993.72729166667,17989.506041666667,18004.983958333334,18003.729005925754,18007.818648782897,17999.63936306861,False,False,False,372.8137392824792
1,2024-02-23 18:46:00+00:00,2024-02-23,2024-02-23 21:00:00+00:00,52676,value_area_bounce,1,7.840714285714577,17995.36,17993.72729166667,17992.320208333334,18006.39104166667,18003.637275034165,18007.557632177024,17999.716917891306,False,False,False,1722.2261954646601
1,2024-02-23 18:59:00+00:00,2024-02-23,2024-02-23 21:00:00+00:00,52689,value_area_bounce,1,7.0228571428568625,17989.61,18000.61625,17989.23625,18006.30625,18003.217856400577,18006.729284972007,17999.706427829147,False,False,False,616.1393222828402
1,2024-02-23 19:20:00+00:00,2024-02-23,2024-02-23 21:00:00+00:00,52710,value_area_bounce,1,9.020714285713828,17965.120000000003,17989.142708333333,17955.443541666667,17993.956875000003,18001.047889238638,18005.558246381494,17996.537532095783,False,False,False,520.4990292423554
1,2024-02-23 20:01:00+00:00,2024-02-23,2024-02-23 21:00:00+00:00,52751,value_area_bounce,1,7.130000000000239,17968.370000000003,17964.621041666665,17958.682708333334,17967.590208333335,17997.256187595813,18000.82118759581,17993.691187595814,False,False,False,1183.9397819329733
1,2024-02-23 20:31:00+00:00,2024-02-23,2024-02-23 21:00:00+00:00,52781,value_area_bounce,1,8.187857142857736,17926.370000000003,17941.89479166667,17921.26604166667,17964.815625000003,17993.046729070007,17997.140657641437,17988.952800498577,False,False,False,2677.1747133793706
1,2024-02-26 14:42:00+00:00,2024-02-26,2024-02-26 21:00:00+00:00,53797,value_area_bounce,-1,16.915000000000095,17980.61,17982.81875,17957.71125,17989.666250000002,17986.917867589298,17995.3753675893,17978.460367589298,False,False,False,-2744.392207559154
1,2024-02-26 14:53:00+00:00,2024-02-26,2024-02-26 21:00:00+00:00,53808,value_area_bounce,1,15.405000000000395,17957.36,17985.143750000003,17950.202083333337,17988.637916666667,17972.6946038949,17980.3971038949,17964.9921038949,False,False,False,1392.4223750681915
1,2024-02-26 15:04:00+00:00,2024-02-26,2024-02-26 21:00:00+00:00,53819,value_area_bounce,1,12.370714285714712,17955.99,17985.143750000003,17946.707916666666,17988.637916666667,17966.31074994819,17972.496107091047,17960.12539280533,False,False,False,259.6210366325804
1,2024-02-26 16:11:00+00:00,2024-02-26,2024-02-26 21:00:00+00:00,53886,value_area_bounce,1,10.41285714285732,17982.850000000002,17992.826875,17980.449375000004,17996.952708333334,17973.366480561945,17978.572909133374,17968.160051990515,False,False,False,1877.4151227055668
1,2024-02-26 17:00:00+00:00,2024-02-26,2024-02-26 21:00:00+00:00,53935,value_area_bounce,-1,7.25571428571467,17993.230000000003,17977.351458333338,17955.354791666672,17996.598541666666,17976.41636147664,17980.044218619496,17972.788504333785,False,False,False,-1336.892509891602
1,2024-02-26 17:01:00+00:00,2024-02-26,2024-02-26 21:00:00+00:00,53936,value_area_bounce,-1,7.477857142857309,17985.850000000002,17977.351458333338,17955.354791666672,17996.598541666666,17976.47745363065,17980.216382202078,17972.738525059223,False,False,False,-2779.7510505102105
1,2024-02-26 17:56:00+00:00,2024-02-26,2024-02-26 21:00:00+00:00,53991,value_area_bounce,1,6.509999999999958,17989.09,17998.6,17988.16,18007.3,17979.178756753816,17982.433756753817,17975.923756753815,False,False,False,834.4800119717412
1,2024-02-26 18:02:00+00:00,2024-02-26,2024-02-26 21:00:00+00:00,53997,value_area_bounce,1,7.098571428571761,17979.59,17998.1425,17979.1075,18002.372499999998,17979.2556854263,17982.804971140584,17975.706399712013,False,False,False,873.6709468345695
1,2024-02-26 18:03:00+00:00,2024-02-26,2024-02-26 21:00:00+00:00,53998,value_area_bounce,1,7.733571428571979,17992.850000000002,17987.567499999997,17979.1075,18002.372499999998,17979.29124849704,17983.158034211327,17975.424462782754,False,False,False,1552.3630388776185
1,2024-02-26 19:52:00+00:00,2024-02-26,2024-02-26 21:00:00+00:00,54107,value_area_bounce,-1,6.393571428571314,17983.730000000003,17991.97,17979.97,17994.97,17978.869784363364,17982.066570077648,17975.67299864908,False,False,False,-713.0828085427197
1,2024-02-26 20:10:00+00:00,2024-02-26,2024-02-26 21:00:00+00:00,54125,value_area_bounce,1,6.884285714285268,17986.980000000003,17992.16375,17978.89625,17995.112083333333,17978.814933336955,17982.2570761941,17975.37279047981,False,False,False,1699.7086957320776
1,2024-02-26 20:17:00+00:00,2024-02-26,2024-02-26 21:00:00+00:00,54132,value_area_bounce,-1,7.649285714286244,17981.600000000002,17987.74125,17980.37041666667,17993.637916666667,17978.96152632627,17982.786169183415,17975.136883469127,False,False,False,-559.0275314415461
1,2024-02-27 14:30:00+00:00,2024-02-27,2024-02-27 21:00:00+00:00,55165,value_area_bounce,1,6.216428571428488,17984.510000000002,17981.59354166667,17974.49604166667,17987.508125,17977.98,17981.088214285715,17974.871785714284,False,False,False,4317.722013779232
1,2024-02-27 14:32:00+00:00,2024-02-27,2024-02-27 21:00:00+00:00,55167,value_area_bounce,1,8.502857142856945,17982.15,17977.366875,17976.055625,17983.923125,17976.644494350872,17980.8959229223,17972.393065779444,False,False,False,7020.230003568302
1,2024-02-27 14:35:00+00:00,2024-02-27,2024-02-27 21:00:00+00:00,55170,value_area_bounce,-1,10.039285714285143,17979.510000000002,17975.699375000004,17975.699375000004,17979.978125,17977.809970652208,17982.82961350935,17972.790327795065,False,False,False,-2358.922568223713
1,2024-02-27 14:48:00+00:00,2024-02-27,2024-02-27 21:00:00+00:00,55183,value_area_bounce,1,14.310714285713402,17933.52,17975.445625,17929.770625,17994.476875,17951.56934170801,17958.724698850867,17944.413984565155,False,False,False,5173.657504645455
1,2024-02-27 14:49:00+00:00,2024-02-27,2024-02-27 21:00:00+00:00,55184,value_area_bounce,1,14.469999999999345,17936.280000000002,17977.4075,17932.8675,17992.254166666666,17950.985086943107,17958.220086943107,17943.750086943106,False,False,False,5182.888844733692
1,2024-02-27 14:50:00+00:00,2024-02-27,2024-02-27 21:00:00+00:00,55185,value_area_bounce,1,14.03285714285656,17935.140000000003,17979.73541666667,17932.36125,17990.66791666667,17950.51785802408,17957.534286595506,17943.50142945265,False,False,False,4054.044037892648
1,2024-02-27 14:52:00+00:00,2024-02-27,2024-02-27 21:00:00+00:00,55187,value_area_bounce,1,13.479999999999304,17932.030000000002,17975.189375,17932.014375000002,17989.581041666668,17949.42277816848,17956.162778168477,17942.68277816848,False,False,False,2968.7248119276187
1,2024-02-27 14:53:00+00:00,2024-02-27,2024-02-27 21:00:00+00:00,55188,value_area_bounce,1,13.649285714285204,17942.010000000002,17975.173125,17932.008125,17989.561458333334,17949.140309046143,17955.964951903286,17942.315666189,False,False,False,3254.624104381334
1,2024-02-27 15:45:00+00:00,2024-02-27,2024-02-27 21:00:00+00:00,55240,value_area_bounce,1,10.89142857142802,17960.16,17966.754583333335,17958.987083333337,17977.11125,17959.48709624532,17964.932810531034,17954.041381959607,False,False,False,1298.3389259754476
1,2024-02-27 15:46:00+00:00,2024-02-27,2024-02-27 21:00:00+00:00,55241,value_area_bounce,1,11.160714285713507,17968.530000000002,17966.754583333335,17958.987083333337,17977.11125,17959.56166178908,17965.142018931936,17953.981304646226,False,False,False,1762.5709596366778
1,2024-02-27 16:30:00+00:00,2024-02-27,2024-02-27 21:00:00+00:00,55285,value_area_bounce,1,10.062857142856176,17947.140000000003,17955.811041666668,17937.767708333336,17971.598958333336,17960.613090632447,17965.644519203874,17955.58166206102,False,False,False,1145.4023396562852
1,2024-02-27 16:37:00+00:00,2024-02-27,2024-02-27 21:00:00+00:00,55292,value_area_bounce,1,8.51071428571309,17943.280000000002,17948.93041666667,17934.58541666667,17970.447916666668,17960.135634656355,17964.390991799213,17955.880277513497,False,False,False,914.5149709804705
1,2024-02-27 17:27:00+00:00,2024-02-27,2024-02-27 21:00:00+00:00,55342,value_area_bounce,1,9.779285714285445,17942.52,17965.331875,17940.550625,17967.238125,17958.790097547484,17963.679740404627,17953.90045469034,False,False,False,350.3045324192108
1,2024-02-27 18:00:00+00:00,2024-02-27,2024-02-27 21:00:00+00:00,55375,value_area_bounce,1,8.752857142856426,17888.760000000002,17915.732083333336,17887.64541666667,17940.30791666667,17953.66074990177,17958.037178473198,17949.284321330342,False,False,False,1887.2211939026909
1,2024-02-27 20:22:00+00:00,2024-02-27,2024-02-27 21:00:00+00:00,55517,value_area_bounce,1,5.786428571428457,17982.65,17981.791250000002,17976.478750000002,17984.978750000002,17950.904316343895,17953.79753062961,17948.01110205818,False,False,False,679.0836972833195
1,2024-02-27 20:30:00+00:00,2024-02-27,2024-02-27 21:00:00+00:00,55525,value_area_bounce,-1,6.0157142857133294,17986.030000000002,17981.279791666668,17979.058958333335,17989.052708333336,17951.40067255472,17954.408529697575,17948.392815411862,False,False,False,-39.86303097518976
1,2024-02-27 20:50:00+00:00,2024-02-27,2024-02-27 21:00:00+00:00,55545,value_area_bounce,-1,6.171428571427636,17984.27,17978.493125,17971.085625,17984.666041666667,17952.230547902927,17955.31626218864,17949.144833617214,False,False,False,-103.31536489942948
1,2024-02-27 20:51:00+00:00,2024-02-27,2024-02-27 21:00:00+00:00,55546,value_area_bounce,-1,6.58142857142775,17977.16,17978.493125,17971.085625,17984.666041666667,17952.311888140826,17955.60260242654,17949.02117385511,False,False,False,-120.65263404913213
1,2024-02-27 20:52:00+00:00,2024-02-27,2024-02-27 21:00:00+00:00,55547,value_area_bounce,-1,6.812857142856436,17979.41,17978.493125,17971.085625,17984.666041666667,17952.37860194834,17955.785030519768,17948.972173376915,False,False,False,-992.3597769067189
1,2024-02-27 20:54:00+00:00,2024-02-27,2024-02-27 21:00:00+00:00,55549,value_area_bounce,-1,6.992857142856208,17982.010000000002,17978.493125,17971.085625,17984.666041666667,17952.532859736562,17956.02928830799,17949.036431165136,False,False,False,-2363.945735039666
1,2024-02-27 20:56:00+00:00,2024-02-27,2024-02-27 21:00:00+00:00,55551,value_area_bounce,1,7.2764285714277195,17980.15,17978.493125,17972.320208333334,17984.666041666667,17952.687633321195,17956.32584760691,17949.04941903548,False,False,False,864.5564277711408
1,2024-02-28 14:31:00+00:00,2024-02-28,2024-02-28 21:00:00+00:00,56546,value_area_bounce,-1,7.479285714285912,17891.29,17899.99916666667,17887.954166666666,17901.3375,17897.017644198146,17900.75728705529,17893.278001341,False,False,False,-11.116139291512582
1,2024-02-28 14:32:00+00:00,2024-02-28,2024-02-28 21:00:00+00:00,56547,value_area_bounce,-1,9.004285714285809,17880.93,17893.307500000003,17886.615833333333,17899.99916666667,17893.0081010929,17897.51024395004,17888.505958235757,False,False,False,-3430.3043744013157
1,2024-02-28 14:41:00+00:00,2024-02-28,2024-02-28 21:00:00+00:00,56556,value_area_bounce,1,15.204285714285756,17910.280000000002,17901.625833333335,17892.38416666667,17909.01916666667,17895.784905616896,17903.38704847404,17888.182762759752,False,False,False,4867.121377224266
1,2024-02-28 18:08:00+00:00,2024-02-28,2024-02-28 21:00:00+00:00,56763,value_area_bounce,1,6.966428571428488,17869.030000000002,17878.093958333335,17866.429375,17889.75854166667,17890.43749046472,17893.920704750435,17886.954276179004,False,False,False,418.4469700950683
1,2024-02-28 18:12:00+00:00,2024-02-28,2024-02-28 21:00:00+00:00,56767,value_area_bounce,1,7.6171428571425555,17872.800000000003,17877.605000000003,17866.221666666668,17888.988333333335,17890.152488655003,17893.961060083573,17886.343917226433,False,False,False,1757.5140742639494
1,2024-02-28 19:54:00+00:00,2024-02-28,2024-02-28 21:00:00+00:00,56869,value_area_bounce,1,6.569999999999189,17870.550000000003,17881.269583333335,17859.982916666668,17889.252083333336,17889.673467818033,17892.958467818033,17886.388467818033,False,False,False,1152.5330108749845
1,2024-02-29 14:39:00+00:00,2024-02-29,2024-02-29 21:00:00+00:00,57934,value_area_bounce,-1,14.829999999999407,18008.9,18011.679583333334,17977.669583333332,18017.347916666666,18015.504145006842,18022.919145006843,18008.08914500684,False,False,False,-1130.8495374641268
1,2024-02-29 14:45:00+00:00,2024-02-29,2024-02-29 21:00:00+00:00,57940,value_area_bounce,-1,13.579285714285236,18006.890000000003,18011.679583333334,17980.50375,18017.347916666666,18013.867752105998,18020.657394963142,18007.078109248854,False,False,False,-4194.674144126766
1,2024-02-29 14:49:00+00:00,2024-02-29,2024-02-29 21:00:00+00:00,57944,value_area_bounce,-1,12.426428571428135,18005.010000000002,18011.679583333334,17986.172083333335,18017.347916666666,18012.270049452316,18018.48326373803,18006.0568351666,False,False,False,-4868.858980495965
1,2024-02-29 15:10:00+00:00,2024-02-29,2024-02-29 21:00:00+00:00,57965,opening_range_breakout,-1,13.395714285713309,17975.390000000003,18011.113541666666,18003.32729166667,18021.495208333334,18013.741681756386,18020.43953889924,18007.04382461353,False,False,False,-4769.8828316078025
1,2024-02-29 19:05:00+00:00,2024-02-29,2024-02-29 21:00:00+00:00,58200,value_area_bounce,-1,5.8585714285712,17991.88,17995.97,17990.270000000004,18003.950000000004,17974.21849338485,17977.147779099138,17971.289207670565,False,False,False,-79.83373216804148
1,2024-02-29 19:31:00+00:00,2024-02-29,2024-02-29 21:00:00+00:00,58226,value_area_bounce,1,7.599999999999844,17996.9,18003.51125,17989.21125,18005.29875,17975.65030378489,17979.450303784888,17971.85030378489,False,False,False,936.8652008854833
1,2024-02-29 19:34:00+00:00,2024-02-29,2024-02-29 21:00:00+00:00,58229,value_area_bounce,1,8.592857142857351,17992.140000000003,18003.51125,17985.63625,18003.51125,17975.736976249806,17980.033404821235,17971.440547678376,False,False,False,808.0703158070537
1,2024-02-29 20:15:00+00:00,2024-02-29,2024-02-29 21:00:00+00:00,58270,value_area_bounce,1,6.077142857142982,17994.52,17995.192708333336,17985.785208333335,17998.32854166667,17976.837223525217,17979.87579495379,17973.798652096644,False,False,False,415.33121521409845
1,2024-03-01 14:43:00+00:00,2024-03-01,2024-03-01 21:00:00+00:00,59318,value_area_bounce,-1,14.966428571427969,18099.78,18089.855625000004,18081.881875,18103.145208333335,18090.542116814828,18098.025331100544,18083.058902529112,False,False,False,-2291.7510018541007
1,2024-03-01 14:45:00+00:00,2024-03-01,2024-03-01 21:00:00+00:00,59320,value_area_bounce,-1,12.913571428571231,18091.65,18089.855625000004,18081.881875,18103.145208333335,18090.83233232197,18097.289118036257,18084.375546607684,False,False,False,-804.378322282216
1,2024-03-01 14:49:00+00:00,2024-03-01,2024-03-01 21:00:00+00:00,59324,value_area_bounce,1,14.189285714285559,18085.390000000003,18092.616458333334,18082.048125,18103.184791666667,18089.35684818234,18096.451491039483,18082.262205325194,False,False,False,1560.462275028219
1,2024-03-01 14:53:00+00:00,2024-03-01,2024-03-01 21:00:00+00:00,59328,value_area_bounce,1,13.878571428571117,18086.91,18082.048125,18082.048125,18103.184791666667,18088.602967389645,18095.54225310393,18081.66368167536,False,False,False,3213.716415948305
1,2024-03-01 14:55:00+00:00,2024-03-01,2024-03-01 21:00:00+00:00,59330,value_area_bounce,1,14.225714285713755,18087.4,18082.048125,18082.048125,18100.542708333334,18088.400510015963,18095.51336715882,18081.287652873107,False,False,False,4153.336515130117
1,2024-03-01 14:56:00+00:00,2024-03-01,2024-03-01 21:00:00+00:00,59331,value_area_bounce,1,13.42928571428534,18088.16,18082.048125,18082.048125,18100.542708333334,18088.351917015832,18095.066559872976,18081.63727415869,False,False,False,3937.471934348134
1,2024-03-01 15:04:00+00:00,2024-03-01,2024-03-01 21:00:00+00:00,59339,value_area_bounce,-1,15.895714285714089,18092.41,18082.086666666666,18082.086666666666,18104.566666666666,18092.74635324643,18100.694210389287,18084.798496103576,False,False,False,-1393.9083031980376
1,2024-03-01 15:05:00+00:00,2024-03-01,2024-03-01 21:00:00+00:00,59340,opening_range_breakout,1,16.41357142857123,18115.04,18082.086666666666,18082.086666666666,18104.566666666666,18093.276804770532,18101.48359048482,18085.070019056246,False,False,False,2787.237912047878
1,2024-03-01 19:31:00+00:00,2024-03-01,2024-03-01 21:00:00+00:00,59606,value_area_bounce,-1,7.4692857142843945,18322.04,18322.442708333332,18304.104791666665,18322.442708333332,18175.413905549176,18179.14854840632,18171.679262692032,False,False,False,-203.13943436223474
1,2024-03-01 19:36:00+00:00,2024-03-01,2024-03-01 21:00:00+00:00,59611,value_area_bounce,1,7.977142857142359,18311.390000000003,18321.213125000002,18308.209791666668,18326.089375,18177.34262427704,18181.33119570561,18173.35405284847,False,False,False,278.62088376803615
1,2024-03-01 19:40:00+00:00,2024-03-01,2024-03-01 21:00:00+00:00,59615,value_area_bounce,1,8.736428571427625,18311.52,18321.541250000002,18310.38208333333,18324.729583333334,18178.754012253492,18183.122226539206,18174.385797967778,False,False,False,1610.2653857451833
1,2024-03-01 19:42:00+00:00,2024-03-01,2024-03-01 21:00:00+00:00,59617,value_area_bounce,1,9.270714285713309,18308.15,18322.39125,18307.338750000003,18322.39125,18179.501301658456,18184.13665880131,18174.8659445156,False,False,False,100.17114978719133
1,2024-03-01 20:01:00+00:00,2024-03-01,2024-03-01 21:00:00+00:00,59636,value_area_bounce,-1,6.219999999999345,18317.79,18322.39125,18298.976250000003,18325.73625,18184.322383288836,18187.432383288837,18181.212383288836,False,False,False,-1419.0606643317565
1,2024-03-01 20:08:00+00:00,2024-03-01,2024-03-01 21:00:00+00:00,59643,value_area_bounce,1,8.121428571428364,18307.390000000003,18317.37375,18298.976250000003,18325.73625,18186.603408031497,18190.664122317212,18182.54269374578,False,False,False,8.716577974074198
1,2024-03-01 20:54:00+00:00,2024-03-01,2024-03-01 21:00:00+00:00,59689,value_area_bounce,-1,7.382142857141973,18301.66,18300.539791666666,18294.85145833333,18304.806041666667,18197.986483405777,18201.677554834347,18194.295411977208,False,False,False,-145.02845176680012
1,2024-03-01 20:58:00+00:00,2024-03-01,2024-03-01 21:00:00+00:00,59693,value_area_bounce,1,7.671428571427376,18306.28,18300.769583333335,18298.57125,18305.16625,18199.20766646706,18203.043380752773,18195.371952181347,False,False,False,956.7022175345061
1,2024-03-01 20:59:00+00:00,2024-03-01,2024-03-01 21:00:00+00:00,59694,value_area_bounce,-1,7.868571428570119,18300.4,18300.769583333335,18298.57125,18305.16625,18200.035273349815,18203.9695590641,18196.10098763553,False,False,False,-313.30800875137584
1,2024-03-04 14:30:00+00:00,2024-03-04,2024-03-04 21:00:00+00:00,60670,value_area_bounce,-1,6.229999999999824,18287.47,18300.754999999997,18297.065000000002,18308.135000000002,18291.896666666667,18295.01166666667,18288.781666666666,False,False,False,-2156.2404334541006
1,2024-03-04 14:47:00+00:00,2024-03-04,2024-03-04 21:00:00+00:00,60687,value_area_bounce,-1,13.000000000001299,18276.49,18285.221041666668,18262.033958333337,18291.544791666667,18284.82782834486,18291.32782834486,18278.32782834486,False,False,False,-2130.742646765595
1,2024-03-04 14:56:00+00:00,2024-03-04,2024-03-04 21:00:00+00:00,60696,value_area_bounce,1,10.928571428572209,18282.980000000003,18285.964375000003,18277.969375,18307.950625,18282.72124794892,18288.185533663207,18277.256962234635,False,False,False,684.6140271498871
1,2024-03-04 15:01:00+00:00,2024-03-04,2024-03-04 21:00:00+00:00,60701,value_area_bounce,1,10.580000000000448,18270.24,18286.941666666666,18268.408333333333,18286.941666666666,18281.27694762562,18286.566947625623,18275.98694762562,False,False,False,59.89504136785877
1,2024-03-04 15:53:00+00:00,2024-03-04,2024-03-04 21:00:00+00:00,60753,value_area_bounce,-1,7.397857142857641,18286.22,18274.21166666667,18254.56166666667,18289.495000000003,18280.030118177798,18283.729046749228,18276.331189606368,False,False,False,-1403.3232363518662
1,2024-03-04 16:19:00+00:00,2024-03-04,2024-03-04 21:00:00+00:00,60779,value_area_bounce,-1,7.200714285715159,18288.99,18285.623125000002,18279.229375000003,18298.410625000004,18281.14466487878,18284.745022021638,18277.54430773592,False,False,False,-1234.9381203781957
1,2024-03-04 16:20:00+00:00,2024-03-04,2024-03-04 21:00:00+00:00,60780,value_area_bounce,1,7.115714285714993,18289.47,18297.265625,18283.881041666667,18301.08979166667,18281.184532407908,18284.742389550764,18277.62667526505,False,False,False,813.651157134517
1,2024-03-04 16:37:00+00:00,2024-03-04,2024-03-04 21:00:00+00:00,60797,value_area_bounce,1,8.579285714286796,18272.86,18285.532083333335,18272.687083333338,18291.954583333336,18280.380069825853,18284.669712682997,18276.09042696871,False,False,False,158.28743630209226
1,2024-03-04 17:01:00+00:00,2024-03-04,2024-03-04 21:00:00+00:00,60821,value_area_bounce,1,6.067857142857455,18278.85,18284.64375,18273.67875,18286.47125,18280.30261100239,18283.33653957382,18277.26868243096,False,False,False,43.96147218333232
1,2024-03-04 19:06:00+00:00,2024-03-04,2024-03-04 21:00:00+00:00,60946,value_area_bounce,-1,4.627142857143034,18270.24,18271.200208333335,18260.662291666667,18274.21104166667,18278.886754681476,18281.200326110047,18276.573183252905,False,False,False,-1158.330582235767
1,2024-03-04 19:23:00+00:00,2024-03-04,2024-03-04 21:00:00+00:00,60963,value_area_bounce,-1,5.282142857143948,18272.85,18271.724583333333,18265.659583333334,18275.767916666668,18278.69652773651,18281.33759916508,18276.05545630794,False,False,False,-555.8179100408727
1,2024-03-04 19:25:00+00:00,2024-03-04,2024-03-04 21:00:00+00:00,60965,value_area_bounce,-1,5.024285714287283,18273.22,18271.49,18265.770000000004,18274.350000000002,18278.67790784526,18281.190050702404,18276.165764988116,False,False,False,-528.7132742624515
1,2024-03-04 19:26:00+00:00,2024-03-04,2024-03-04 21:00:00+00:00,60966,value_area_bounce,-1,5.059285714287138,18271.22,18271.49,18265.770000000004,18274.350000000002,18278.66400609588,18281.193648953024,18276.13436323874,False,False,False,-685.2990772395171
1,2024-03-04 20:00:00+00:00,2024-03-04,2024-03-04 21:00:00+00:00,61000,value_area_bounce,-1,6.0650000000007696,18302.730000000003,18272.583750000005,18266.066250000003,18305.171250000003,18280.276785448466,18283.309285448468,18277.244285448465,False,False,False,-1251.1229414315412
1,2024-03-05 14:30:00+00:00,2024-03-05,2024-03-05 21:00:00+00:00,62050,value_area_bounce,1,6.535714285715325,18101.960000000003,18104.98625,18095.507083333338,18113.11125,18099.430000000004,18102.697857142863,18096.162142857145,False,False,False,1890.1922847679612
1,2024-03-05 14:43:00+00:00,2024-03-05,2024-03-05 21:00:00+00:00,62063,value_area_bounce,1,17.039285714286184,18037.460000000003,18051.241250000003,18032.803750000003,18091.803750000003,18059.801646148793,18068.321289005937,18051.28200329165,False,False,False,1817.7501787829292
1,2024-03-05 14:53:00+00:00,2024-03-05,2024-03-05 21:00:00+00:00,62073,value_area_bounce,1,13.948571428572384,18016.22,18042.105833333335,18007.397500000003,18061.93916666667,18045.805418981046,18052.77970469533,18038.83113326676,False,False,False,2959.85489339425
1,2024-03-05 14:54:00+00:00,2024-03-05,2024-03-05 21:00:00+00:00,62074,value_area_bounce,1,14.232857142858068,18020.72,18042.105833333335,18007.397500000003,18061.93916666667,18045.05370662846,18052.17013519989,18037.93727805703,False,False,False,1974.4524873795995
1,2024-03-05 15:50:00+00:00,2024-03-05,2024-03-05 21:00:00+00:00,62130,value_area_bounce,1,14.910714285714805,17909.960000000003,17909.893541666665,17888.204791666667,17982.189374999998,17995.688617756256,18003.143974899114,17988.233260613397,False,False,False,730.3079503365352
1,2024-03-05 17:51:00+00:00,2024-03-05,2024-03-05 21:00:00+00:00,62251,value_area_bounce,-1,8.197142857142483,17923.22,17918.763750000002,17915.242083333334,17932.850416666668,17961.933492190063,17966.032063618633,17957.834920761492,False,False,False,-1379.6443071739359
1,2024-03-05 18:08:00+00:00,2024-03-05,2024-03-05 21:00:00+00:00,62268,value_area_bounce,1,8.636428571428562,17920.22,17938.331250000003,17918.639583333334,17942.269583333335,17960.208778427557,17964.526992713272,17955.890564141842,False,False,False,297.01164427838654
1,2024-03-05 19:30:00+00:00,2024-03-05,2024-03-05 21:00:00+00:00,62350,value_area_bounce,-1,8.313571428571906,17863.34,17858.48541666667,17855.527083333334,17871.79791666667,17944.259174432165,17948.415960146453,17940.102388717878,False,False,False,-2410.047098495341
1,2024-03-05 19:55:00+00:00,2024-03-05,2024-03-05 21:00:00+00:00,62375,value_area_bounce,1,8.06000000000027,17829.600000000002,17832.883125,17825.131875,17869.055625,17937.73862989886,17941.76862989886,17933.70862989886,False,False,False,1082.584495763354
1,2024-03-05 20:32:00+00:00,2024-03-05,2024-03-05 21:00:00+00:00,62412,value_area_bounce,1,9.41285714285654,17821.460000000003,17835.745625000003,17817.561875,17835.745625000003,17928.0837501348,17932.79017870623,17923.37732156337,False,False,False,1107.4673393386083
1,2024-03-05 20:33:00+00:00,2024-03-05,2024-03-05 21:00:00+00:00,62413,value_area_bounce,1,9.699999999999429,17828.84,17833.131041666667,17820.69854166667,17839.34729166667,17927.835179840844,17932.685179840842,17922.985179840845,False,False,False,2887.1446728975206
1,2024-03-06 14:32:00+00:00,2024-03-06,2024-03-06 21:00:00+00:00,63432,value_area_bounce,-1,7.87500000000052,18085.960000000003,18092.736875000002,18067.507708333334,18092.736875000002,18090.60021218766,18094.53771218766,18086.66271218766,False,False,False,-285.8284213771176
1,2024-03-06 14:33:00+00:00,2024-03-06,2024-03-06 21:00:00+00:00,63433,value_area_bounce,-1,8.312857142857736,18088.19,18092.736875000002,18070.030625,18092.736875000002,18090.35320825856,18094.50963682999,18086.19677968713,False,False,False,-1468.711115435825
1,2024-03-06 14:40:00+00:00,2024-03-06,2024-03-06 21:00:00+00:00,63440,value_area_bounce,1,14.33785714285789,18072.960000000003,18091.025208333333,18064.895625,18091.025208333333,18075.459394204496,18082.628322775923,18068.29046563307,False,False,False,1137.9232596108948
1,2024-03-06 14:42:00+00:00,2024-03-06,2024-03-06 21:00:00+00:00,63442,value_area_bounce,1,15.667142857143647,18075.34,18091.025208333333,18067.271041666667,18091.025208333333,18075.450654757155,18083.284226185726,18067.617083328583,False,False,False,3251.6407763656343
1,2024-03-06 14:44:00+00:00,2024-03-06,2024-03-06 21:00:00+00:00,63444,value_area_bounce,1,16.06071428571522,18079.44,18091.025208333333,18069.646458333336,18091.025208333333,18075.333154893,18083.36351203586,18067.30279775014,False,False,False,2774.983401663517
1,2024-03-06 14:46:00+00:00,2024-03-06,2024-03-06 21:00:00+00:00,63446,value_area_bounce,-1,16.76571428571489,18063.44,18091.025208333333,18069.646458333336,18091.025208333333,18075.50932297863,18083.892180121486,18067.126465835772,False,False,False,-323.702147117162
1,2024-03-06 15:01:00+00:00,2024-03-06,2024-03-06 21:00:00+00:00,63461,opening_range_breakout,-1,16.91357142857201,18011.210000000003,18077.999375,18035.305625,18077.999375,18061.740363663543,18070.19714937783,18053.283577949256,False,False,False,-3096.4550875702425
1,2024-03-06 15:03:00+00:00,2024-03-06,2024-03-06 21:00:00+00:00,63463,opening_range_breakout,-1,18.480714285714253,17994.95,18077.999375,18035.305625,18087.486875000002,18058.497702246153,18067.738059389012,18049.257345103295,False,False,False,-1015.7320463111669
1,2024-03-06 16:35:00+00:00,2024-03-06,2024-03-06 21:00:00+00:00,63555,value_area_bounce,1,9.979285714286432,18062.69,18077.633541666666,18050.636875,18081.008125,18032.431793319814,18037.42143617696,18027.44215046267,False,False,False,54.47263552224513
1,2024-03-06 18:32:00+00:00,2024-03-06,2024-03-06 21:00:00+00:00,63672,value_area_bounce,-1,7.290714285715045,18109.960000000003,18108.07625,18104.407916666667,18120.915416666667,18056.783797334538,18060.429154477395,18053.13844019168,False,False,False,-825.9717011591927
1,2024-03-06 18:39:00+00:00,2024-03-06,2024-03-06 21:00:00+00:00,63679,value_area_bounce,1,19.402857142858142,18075.960000000003,18106.611875,18072.443124999998,18135.899375,18056.81529010181,18066.51671867324,18047.113861530383,False,False,False,4586.886956762342
1,2024-03-06 19:05:00+00:00,2024-03-06,2024-03-06 21:00:00+00:00,63705,value_area_bounce,1,17.791428571429215,18044.95,18038.123958333334,18021.872708333336,18070.626458333332,18055.561143007173,18064.456857292887,18046.66542872146,False,False,False,2475.4841754010627
1,2024-03-06 19:14:00+00:00,2024-03-06,2024-03-06 21:00:00+00:00,63714,value_area_bounce,-1,18.10285714285783,18015.95,18038.123958333334,18021.872708333336,18059.79229166667,18055.055063864143,18064.106492435574,18046.003635292713,False,False,False,-3790.3781906467507
1,2024-03-06 20:15:00+00:00,2024-03-06,2024-03-06 21:00:00+00:00,63775,value_area_bounce,1,15.852857142857049,17999.440000000002,18011.845625,17995.990625000002,18031.664375,18048.52223699129,18056.44866556272,18040.595808419865,False,False,False,337.7004847171602
1,2024-03-06 20:16:00+00:00,2024-03-06,2024-03-06 21:00:00+00:00,63776,value_area_bounce,1,15.839285714285454,18012.960000000003,18011.845625,17995.990625000002,18031.664375,18048.38736175381,18056.30700461095,18040.467718896667,False,False,False,1400.5544072848315
1,2024-03-06 20:39:00+00:00,2024-03-06,2024-03-06 21:00:00+00:00,63799,value_area_bounce,1,12.821428571429351,18001.960000000003,18021.183125,17987.848541666666,18024.213541666664,18044.906560337233,18051.317274622947,18038.49584605152,False,False,False,2890.9224462702496
1,2024-03-06 20:52:00+00:00,2024-03-06,2024-03-06 21:00:00+00:00,63812,value_area_bounce,-1,15.402857142856321,18000.2,17993.155,17963.725,18012.775,18043.786136074552,18051.48756464598,18036.084707503123,False,False,False,-2089.5338952048787
1,2024-03-07 14:33:00+00:00,2024-03-07,2024-03-07 21:00:00+00:00,64813,value_area_bounce,-1,9.64142857142802,18151.69,18157.105625000004,18131.544374999998,18161.753125000003,18157.720210286385,18162.5409245721,18152.89949600067,False,False,False,-5132.250299736189
1,2024-03-07 14:41:00+00:00,2024-03-07,2024-03-07 21:00:00+00:00,64821,value_area_bounce,-1,16.284285714285424,18159.710000000003,18154.506875,18118.252708333333,18176.259375,18171.427195619373,18179.569338476515,18163.285052762232,False,False,False,-6639.506158338756
1,2024-03-07 14:42:00+00:00,2024-03-07,2024-03-07 21:00:00+00:00,64822,value_area_bounce,-1,17.372857142856706,18158.95,18161.75770833333,18118.252708333333,18176.259375,18170.996078141256,18179.682506712685,18162.309649569826,False,False,False,-7124.6502093310955
1,2024-03-07 14:49:00+00:00,2024-03-07,2024-03-07 21:00:00+00:00,64829,value_area_bounce,1,17.985000000000582,18135.69,18156.908750000002,18121.44875,18165.77375,18157.332277315916,18166.324777315916,18148.339777315916,False,False,False,280.2988633327029
1,2024-03-07 19:19:00+00:00,2024-03-07,2024-03-07 21:00:00+00:00,65099,value_area_bounce,1,7.357142857142857,18323.460000000003,18324.25833333333,18315.975,18330.885000000002,18229.155254426332,18232.833825854905,18225.47668299776,False,False,False,29.883332845366
1,2024-03-07 20:06:00+00:00,2024-03-07,2024-03-07 21:00:00+00:00,65146,value_area_bounce,1,11.807142857143065,18299.08,18318.956041666668,18287.968125,18330.224375,18237.687381027106,18243.590952455677,18231.783809598535,False,False,False,6166.137064689389
1,2024-03-07 20:50:00+00:00,2024-03-07,2024-03-07 21:00:00+00:00,65190,value_area_bounce,-1,7.571428571429611,18289.69,18283.131666666668,18281.215,18292.715,18242.815199916284,18246.600914201998,18239.02948563057,False,False,False,-2298.871245010014
1,2024-03-07 20:57:00+00:00,2024-03-07,2024-03-07 21:00:00+00:00,65197,value_area_bounce,-1,10.332857142857652,18289.33,18285.235833333332,18277.669166666667,18298.4775,18244.31097699019,18249.477405561618,18239.14454841876,False,False,False,-1324.7642828931575
1,2024-03-07 20:59:00+00:00,2024-03-07,2024-03-07 21:00:00+00:00,65199,value_area_bounce,-1,11.340000000000666,18288.09,18292.802499999998,18281.4525,18300.369166666664,18244.938165494033,18250.608165494035,18239.26816549403,False,False,False,-5765.491511863904
1,2024-03-08 14:31:00+00:00,2024-03-08,2024-03-08 21:00:00+00:00,66191,value_area_bounce,1,13.986428571428146,18297.75,18295.13125,18282.88125,18334.94375,18294.50273837517,18301.495952660884,18287.509524089455,False,False,False,1375.0171732950007
1,2024-03-08 14:36:00+00:00,2024-03-08,2024-03-08 21:00:00+00:00,66196,value_area_bounce,1,19.58214285714218,18299.86,18304.810833333337,18278.98416666667,18320.9525,18301.956636749874,18311.747708178445,18292.165565321302,False,False,False,4264.629611527778
1,2024-03-08 14:38:00+00:00,2024-03-08,2024-03-08 21:00:00+00:00,66198,value_area_bounce,1,22.208571428570526,18288.85,18307.5325,18272.482500000006,18318.0475,18298.681249161236,18309.785534875522,18287.57696344695,False,False,False,2454.650398176376
1,2024-03-08 14:40:00+00:00,2024-03-08,2024-03-08 21:00:00+00:00,66200,value_area_bounce,1,23.753571428570858,18301.35,18307.5325,18282.997500000005,18311.0375,18297.428684209313,18309.305469923598,18285.55189849503,False,False,False,5903.149579832933
1,2024-03-08 14:41:00+00:00,2024-03-08,2024-03-08 21:00:00+00:00,66201,value_area_bounce,-1,23.96642857142797,18299.61,18293.512500000004,18282.997500000005,18311.0375,18297.66243933373,18309.645653619446,18285.679225048014,False,False,False,-549.4802736577626
1,2024-03-08 19:54:00+00:00,2024-03-08,2024-03-08 21:00:00+00:00,66514,value_area_bounce,-1,11.36428571428639,18109.620000000003,18061.874375,18053.166875000003,18127.180625,18202.313446287364,18207.995589144506,18196.631303430222,False,False,False,-4537.701385998096
1,2024-03-11 13:32:00+00:00,2024-03-11,2024-03-11 20:00:00+00:00,67557,value_area_bounce,1,14.050714285713704,17923.82,17939.75,17911.35,17965.309999999998,17940.301010211835,17947.326367354694,17933.275653068977,False,False,False,3415.9164411789093
1,2024-03-11 13:47:00+00:00,2024-03-11,2024-03-11 20:00:00+00:00,67572,value_area_bounce,-1,22.56499999999921,17959.940000000002,17968.04604166667,17940.486458333333,17979.857291666667,17949.440528690953,17960.723028690954,17938.158028690952,False,False,False,-4323.1920305670865
1,2024-03-11 13:52:00+00:00,2024-03-11,2024-03-11 20:00:00+00:00,67577,value_area_bounce,1,20.41285714285628,17944.32,17964.108958333334,17940.486458333333,17979.857291666667,17949.85839044645,17960.06481901788,17939.65196187502,False,False,False,850.9947192559039
1,2024-03-11 14:02:00+00:00,2024-03-11,2024-03-11 20:00:00+00:00,67587,opening_range_breakout,-1,22.497857142857224,17882.95,17966.123333333333,17923.256666666668,17978.983333333334,17939.995965169583,17951.24489374101,17928.747036598153,False,False,False,-9018.561887907512
1,2024-03-11 16:35:00+00:00,2024-03-11,2024-03-11 20:00:00+00:00,67740,value_area_bounce,-1,8.93428571428532,17973.84,17972.753541666665,17958.236041666663,17977.59270833333,17940.0392018028,17944.50634465994,17935.572058945658,False,False,False,-356.5219849126745
1,2024-03-11 16:51:00+00:00,2024-03-11,2024-03-11 20:00:00+00:00,67756,value_area_bounce,1,10.269285714285745,17960.83,17973.845624999998,17957.155625,17975.931875,17941.073862116118,17946.20850497326,17935.939219258977,False,False,False,254.71714687453095
1,2024-03-11 17:02:00+00:00,2024-03-11,2024-03-11 20:00:00+00:00,67767,value_area_bounce,-1,11.177857142856737,17965.84,17973.574375,17965.699375,17979.480625,17941.840154822577,17947.429083394007,17936.25122625115,False,False,False,-1382.0876866585181
1,2024-03-11 17:22:00+00:00,2024-03-11,2024-03-11 20:00:00+00:00,67787,value_area_bounce,1,10.767857142857403,17969.83,17973.877500000002,17958.3025,17980.5525,17942.242863257165,17947.626791828592,17936.858934685737,False,False,False,2974.3049064943343
1,2024-03-11 18:57:00+00:00,2024-03-11,2024-03-11 20:00:00+00:00,67882,value_area_bounce,-1,8.095714285714037,17983.210000000003,17970.79375,17963.48125,17987.85625,17946.59710435149,17950.64496149435,17942.549247208633,False,False,False,-522.7205096880202
1,2024-03-11 19:00:00+00:00,2024-03-11,2024-03-11 20:00:00+00:00,67885,value_area_bounce,-1,8.319999999999968,17982.33,17970.79375,17963.48125,17987.85625,17946.781786876687,17950.941786876687,17942.621786876687,False,False,False,-584.2230913675972
1,2024-03-11 19:30:00+00:00,2024-03-11,2024-03-11 20:00:00+00:00,67915,value_area_bounce,1,9.553571428571948,17961.08,17985.048958333333,17958.142708333333,17997.00729166667,17947.525319608587,17952.302105322873,17942.7485338943,False,False,True,1612.7481271668935
1,2024-03-11 19:47:00+00:00,2024-03-11,2024-03-11 20:00:00+00:00,67932,value_area_bounce,-1,9.564285714285559,17958.45,17959.940625000003,17942.650625000002,17972.908125,17947.921172529648,17952.703315386792,17943.139029672504,False,False,False,-1005.4592063921693
1,2024-03-11 19:52:00+00:00,2024-03-11,2024-03-11 20:00:00+00:00,67937,value_area_bounce,1,11.289999999999834,17948.82,17960.126666666667,17946.45333333333,17964.033333333333,17947.96425123075,17953.60925123075,17942.31925123075,False,False,False,1.397639068894705
1,2024-03-11 19:55:00+00:00,2024-03-11,2024-03-11 20:00:00+00:00,67940,value_area_bounce,1,11.057142857142805,17951.940000000002,17959.1375,17937.520833333336,17963.460833333334,17947.947415446873,17953.475986875445,17942.418844018302,False,False,False,260.7524355804892
1,2024-03-11 19:57:00+00:00,2024-03-11,2024-03-11 20:00:00+00:00,67942,value_area_bounce,1,11.887142857142733,17961.940000000002,17959.205208333333,17947.327708333334,17967.123541666668,17947.970897197076,17953.914468625648,17942.027325768504,False,False,False,1363.100512693485
1,2024-03-12 13:32:00+00:00,2024-03-12,2024-03-12 20:00:00+00:00,68937,value_area_bounce,-1,14.474285714285154,18058.06,18062.373125,18017.62729166667,18071.322291666667,18065.465532363232,18072.702675220375,18058.22838950609,False,False,False,-1554.022964538619
1,2024-03-12 14:45:00+00:00,2024-03-12,2024-03-12 20:00:00+00:00,69010,value_area_bounce,-1,11.383571428571875,18149.94,18139.516041666666,18049.881041666667,18154.455208333333,18036.377212804513,18042.0689985188,18030.685427090226,False,False,False,-1726.5527231245378
1,2024-03-12 17:45:00+00:00,2024-03-12,2024-03-12 20:00:00+00:00,69190,value_area_bounce,-1,7.504285714286068,18141.300000000003,18137.306875,18090.774375,18147.278124999997,18090.500902142197,18094.25304499934,18086.748759285056,False,False,False,-1501.6324319723763
1,2024-03-12 18:41:00+00:00,2024-03-12,2024-03-12 20:00:00+00:00,69246,value_area_bounce,-1,8.835714285715117,18172.92,18164.39854166667,18134.634791666667,18177.626875,18097.02118256019,18101.439039703047,18092.603325417334,False,False,False,-687.3477910641395
1,2024-03-12 18:42:00+00:00,2024-03-12,2024-03-12 20:00:00+00:00,69247,value_area_bounce,-1,8.969285714286473,18169.44,18164.39854166667,18134.634791666667,18177.626875,18097.18487904427,18101.669521901415,18092.700236187127,False,False,False,-890.9369375227773
1,2024-03-12 19:00:00+00:00,2024-03-12,2024-03-12 20:00:00+00:00,69265,value_area_bounce,-1,9.135000000000998,18183.31,18166.076666666668,18152.196666666667,18186.896666666667,18100.107260336605,18104.674760336606,18095.539760336604,False,False,False,-1314.1911997954705
1,2024-03-12 19:16:00+00:00,2024-03-12,2024-03-12 20:00:00+00:00,69281,value_area_bounce,-1,7.671428571428676,18188.79,18201.128333333334,18184.025,18203.571666666667,18102.56002662454,18106.39574091025,18098.724312338825,False,False,False,-1295.7412103365778
1,2024-03-12 19:32:00+00:00,2024-03-12,2024-03-12 20:00:00+00:00,69297,value_area_bounce,-1,7.612857142858307,18202.81,18199.903125,18184.055625,18207.826875,18104.952289110937,18108.758717682365,18101.14586053951,False,False,False,-262.7006886875024
1,2024-03-12 19:38:00+00:00,2024-03-12,2024-03-12 20:00:00+00:00,69303,value_area_bounce,-1,7.916428571429476,18209.18,18202.83,18192.003333333334,18210.56333333333,18105.922376535436,18109.88059082115,18101.964162249722,False,False,False,-847.274539991479
1,2024-03-12 19:44:00+00:00,2024-03-12,2024-03-12 20:00:00+00:00,69309,value_area_bounce,-1,8.397857142857381,18209.300000000003,18207.580208333333,18191.956875000003,18211.486041666667,18106.92581428763,18111.12474285906,18102.7268857162,False,False,False,-394.34852475612263
1,2024-03-13 13:39:00+00:00,2024-03-13,2024-03-13 20:00:00+00:00,70324,value_area_bounce,1,14.734285714286411,18136.59,18142.72729166667,18130.775208333333,18161.850625,18144.475277398862,18151.842420256005,18137.10813454172,False,False,False,6846.139277093636
1,2024-03-13 13:41:00+00:00,2024-03-13,2024-03-13 20:00:00+00:00,70326,value_area_bounce,1,16.771428571429038,18138.85,18144.576875,18130.908125,18147.310625,18142.371404926263,18150.75711921198,18133.985690640548,False,False,False,4101.908498460974
1,2024-03-13 13:42:00+00:00,2024-03-13,2024-03-13 20:00:00+00:00,70327,value_area_bounce,1,16.96642857142901,18136.210000000003,18144.827500000003,18130.3025,18147.732500000002,18141.90275143195,18150.385965717665,18133.419537146234,False,False,False,3249.053736685339
1,2024-03-13 13:52:00+00:00,2024-03-13,2024-03-13 20:00:00+00:00,70337,value_area_bounce,1,16.225714285714275,18103.33,18145.739791666667,18102.360625,18145.739791666667,18128.120526613457,18136.233383756313,18120.0076694706,False,False,False,6640.799071022471
1,2024-03-13 14:00:00+00:00,2024-03-13,2024-03-13 20:00:00+00:00,70345,opening_range_breakout,-1,12.80928571428532,18070.08,18145.739791666667,18098.022708333334,18145.739791666667,18121.425657328145,18127.830300185287,18115.021014471004,False,False,False,-7704.706802291744
1,2024-03-13 14:51:00+00:00,2024-03-13,2024-03-13 20:00:00+00:00,70396,value_area_bounce,-1,13.007142857142753,18086.58,18092.01645833334,18078.724791666667,18105.308125000003,18105.846197944094,18112.349769372668,18099.34262651552,False,False,False,-3920.617336167947
1,2024-03-13 15:31:00+00:00,2024-03-13,2024-03-13 20:00:00+00:00,70436,value_area_bounce,1,10.379285714285288,18076.08,18102.41479166667,18073.135625000003,18105.342708333337,18102.10188055681,18107.29152341395,18096.912237699667,False,False,False,147.99000375451965
1,2024-03-13 16:01:00+00:00,2024-03-13,2024-03-13 20:00:00+00:00,70466,value_area_bounce,-1,9.416428571427398,18072.22,18077.794583333336,18042.73625,18081.300416666665,18096.623282424673,18101.331496710387,18091.91506813896,False,False,False,-2529.2286373591896
1,2024-03-13 17:16:00+00:00,2024-03-13,2024-03-13 20:00:00+00:00,70541,value_area_bounce,-1,10.171428571428676,18098.59,18094.926875000005,18065.072708333333,18109.853958333333,18095.64533516579,18100.731049451504,18090.559620880078,False,False,False,-4254.106691609374
1,2024-03-13 17:20:00+00:00,2024-03-13,2024-03-13 20:00:00+00:00,70545,value_area_bounce,-1,9.537142857143667,18104.09,18094.926875000005,18065.072708333333,18109.853958333333,18095.71448259071,18100.48305401928,18090.945911162136,False,False,False,-2367.3021375209673
1,2024-03-13 17:33:00+00:00,2024-03-13,2024-03-13 20:00:00+00:00,70558,value_area_bounce,-1,7.647142857142691,18117.72,18093.936250000006,18093.936250000006,18118.926250000004,18096.425399112162,18100.248970540735,18092.60182768359,False,False,False,-481.8014905176368
1,2024-03-13 17:50:00+00:00,2024-03-13,2024-03-13 20:00:00+00:00,70575,value_area_bounce,1,8.952857142856114,18120.230000000003,18115.79854166667,18110.299791666668,18126.79604166667,18097.230706981227,18101.707135552653,18092.7542784098,False,False,False,1086.1308234204064
1,2024-03-13 18:45:00+00:00,2024-03-13,2024-03-13 20:00:00+00:00,70630,value_area_bounce,-1,7.542857142856519,18129.58,18125.194166666668,18118.135833333334,18130.840833333335,18100.09691255262,18103.86834112405,18096.325483981193,False,False,False,-49.397060929566464
1,2024-03-13 18:57:00+00:00,2024-03-13,2024-03-13 20:00:00+00:00,70642,value_area_bounce,-1,7.55928571428428,18129.35,18130.1325,18117.585833333338,18131.700833333336,18100.849144190994,18104.628787048136,18097.06950133385,False,False,False,-1710.1570465555676
1,2024-03-13 18:58:00+00:00,2024-03-13,2024-03-13 20:00:00+00:00,70643,value_area_bounce,-1,7.602142857141579,18124.83,18130.1325,18117.585833333338,18131.700833333336,18100.90491702401,18104.70598845258,18097.10384559544,False,False,False,-1896.9286879119556
1,2024-03-13 19:01:00+00:00,2024-03-13,2024-03-13 20:00:00+00:00,70646,value_area_bounce,-1,7.600714285713236,18125.97,18130.1325,18119.154166666667,18131.700833333336,18101.06875949391,18104.869116636768,18097.268402351056,False,False,False,-1054.9338461007328
1,2024-03-13 19:03:00+00:00,2024-03-13,2024-03-13 20:00:00+00:00,70648,value_area_bounce,1,7.145714285713309,18126.460000000003,18131.204375,18120.494375000002,18132.543125,18101.15103480812,18104.723891950976,18097.578177665266,False,False,False,157.28988564254314
1,2024-03-13 19:17:00+00:00,2024-03-13,2024-03-13 20:00:00+00:00,70662,value_area_bounce,1,8.068571428570847,18125.710000000003,18130.861666666664,18119.265,18135.831666666665,18101.61134256092,18105.645628275204,18097.577056846632,False,False,False,2055.5953018285945
1,2024-03-13 19:34:00+00:00,2024-03-13,2024-03-13 20:00:00+00:00,70679,value_area_bounce,1,16.879285714285288,18069.210000000003,18120.56208333333,18068.48625,18139.49875,18099.844371375242,18108.284014232384,18091.4047285181,False,False,False,6724.677989798554
1,2024-03-14 13:35:00+00:00,2024-03-14,2024-03-14 20:00:00+00:00,71700,value_area_bounce,-1,13.694285714286057,18112.28,18106.296250000003,18093.171250000003,18119.421250000003,18102.25507470752,18109.10221756466,18095.407931850375,False,False,False,-220.2045898405595
1,2024-03-14 14:00:00+00:00,2024-03-14,2024-03-14 20:00:00+00:00,71725,opening_range_breakout,-1,22.84071428571354,17959.52,18091.490625000002,18043.041875000003,18139.939375,18068.115550195595,18079.53590733845,18056.69519305274,False,False,False,-3609.0815855659484
1,2024-03-14 14:42:00+00:00,2024-03-14,2024-03-14 20:00:00+00:00,71767,value_area_bounce,-1,16.524285714286766,18036.29,17988.943124999998,17954.795625,18040.164375,18054.16863752277,18062.430780379913,18045.906494665625,False,False,False,-4965.786833563526
1,2024-03-14 14:52:00+00:00,2024-03-14,2024-03-14 20:00:00+00:00,71777,value_area_bounce,-1,17.77785714285762,18038.41,18042.18666666667,18009.466666666667,18053.093333333334,18053.221810011524,18062.110738582953,18044.332881440096,False,False,False,-3302.360611137199
1,2024-03-14 14:54:00+00:00,2024-03-14,2024-03-14 20:00:00+00:00,71779,value_area_bounce,-1,17.422142857143367,18035.4,18039.962083333332,18027.289583333335,18052.634583333333,18053.02322561048,18061.73429703905,18044.31215418191,False,False,False,-1330.5500225425712
1,2024-03-14 14:55:00+00:00,2024-03-14,2024-03-14 20:00:00+00:00,71780,value_area_bounce,-1,17.510714285714908,18039.140000000003,18041.09291666667,18028.715416666666,18053.470416666667,18052.924318949117,18061.679676091975,18044.16896180626,False,False,False,-3866.7914769007866
1,2024-03-14 14:59:00+00:00,2024-03-14,2024-03-14 20:00:00+00:00,71784,value_area_bounce,1,18.161428571429237,18046.54,18039.518125000002,18035.886875000004,18054.043125000004,18052.442809550197,18061.523523835913,18043.36209526448,False,False,False,820.2031381577667
1,2024-03-14 15:07:00+00:00,2024-03-14,2024-03-14 20:00:00+00:00,71792,value_area_bounce,-1,16.268571428570795,18043.53,18041.61125,18021.70208333333,18055.832083333335,18053.13782219873,18061.272107913013,18045.003536484444,False,False,False,-4878.190330410651
1,2024-03-14 16:22:00+00:00,2024-03-14,2024-03-14 20:00:00+00:00,71867,value_area_bounce,1,10.817857142856155,18015.78,18037.73625,18008.011250000003,18049.62625,18047.485618568913,18052.894547140342,18042.076689997484,False,False,False,1832.8021974378646
1,2024-03-14 16:37:00+00:00,2024-03-14,2024-03-14 20:00:00+00:00,71882,value_area_bounce,-1,11.330000000000187,18037.77,18037.73625,18008.011250000003,18049.62625,18046.68485584814,18052.34985584814,18041.01985584814,False,False,False,-46.02463293651476
1,2024-03-14 17:45:00+00:00,2024-03-14,2024-03-14 20:00:00+00:00,71950,value_area_bounce,-1,10.86428571428613,17985.27,17992.951666666668,17980.868333333332,18000.201666666668,18038.5652826482,18043.997425505342,18033.133139791058,False,False,False,-2635.0217270964654
1,2024-03-15 13:49:00+00:00,2024-03-15,2024-03-15 20:00:00+00:00,73094,value_area_bounce,1,20.884285714285788,17868.49,17918.876666666667,17864.883333333335,17926.59,17900.874025388955,17911.3161682461,17890.43188253181,False,False,False,3070.136569522794
1,2024-03-15 14:00:00+00:00,2024-03-15,2024-03-15 20:00:00+00:00,73105,value_area_bounce,1,16.54928571428666,17880.99,17917.835625000003,17869.678541666668,17931.59479166667,17896.164957882404,17904.439600739548,17887.89031502526,False,False,False,767.0369166280875
1,2024-03-15 14:01:00+00:00,2024-03-15,2024-03-15 20:00:00+00:00,73106,opening_range_breakout,-1,18.520000000000955,17845.370000000003,17917.835625000003,17869.678541666668,17931.59479166667,17894.75392071244,17904.01392071244,17885.493920712437,False,False,False,-521.3542486420074
1,2024-03-15 16:31:00+00:00,2024-03-15,2024-03-15 20:00:00+00:00,73256,value_area_bounce,1,9.248571428571918,17829.72,17846.5825,17820.5675,17851.3125,17878.397689637615,17883.0219753519,17873.77340392333,False,False,False,503.3513912504302
1,2024-03-15 16:36:00+00:00,2024-03-15,2024-03-15 20:00:00+00:00,73261,value_area_bounce,1,10.704285714285756,17824.24,17834.970625,17819.32854166667,17848.378125000003,17877.451290614645,17882.80343347179,17872.0991477575,False,False,False,1491.8381632636642
1,2024-03-15 17:26:00+00:00,2024-03-15,2024-03-15 20:00:00+00:00,73311,value_area_bounce,-1,8.476428571428446,17830.99,17818.61125,17796.89791666667,17834.89625,17870.107869062842,17874.346083348555,17865.86965477713,False,False,False,-412.6224653544492
1,2024-03-15 17:27:00+00:00,2024-03-15,2024-03-15 20:00:00+00:00,73312,value_area_bounce,-1,8.62000000000002,17824.61,17818.61125,17796.89791666667,17834.89625,17870.00406257004,17874.31406257004,17865.694062570037,False,False,False,-2358.7164096497636
1,2024-03-15 17:35:00+00:00,2024-03-15,2024-03-15 20:00:00+00:00,73320,value_area_bounce,-1,8.395714285714607,17831.47,17818.61125,17796.89791666667,17834.89625,17869.35608993782,17873.55394708068,17865.15823279496,False,False,False,-1315.9970991271791
1,2024-03-15 17:45:00+00:00,2024-03-15,2024-03-15 20:00:00+00:00,73330,value_area_bounce,-1,7.97285714285733,17833.24,17833.72375,17791.761250000003,17833.72375,17868.797906599477,17872.784335170905,17864.81147802805,False,False,False,-1999.5118510514237
1,2024-03-15 18:06:00+00:00,2024-03-15,2024-03-15 20:00:00+00:00,73351,value_area_bounce,-1,8.539285714285663,17842.230000000003,17834.429583333334,17814.232083333336,17843.40625,17867.793183747624,17872.062826604768,17863.52354089048,False,False,False,-2170.567761456361
1,2024-03-15 18:12:00+00:00,2024-03-15,2024-03-15 20:00:00+00:00,73357,value_area_bounce,-1,7.877142857143034,17837.97,17834.429583333334,17814.232083333336,17845.650416666667,17867.57558744997,17871.51415887854,17863.6370160214,False,False,False,-983.2419682711316
1,2024-03-15 18:35:00+00:00,2024-03-15,2024-03-15 20:00:00+00:00,73380,value_area_bounce,-1,9.192857142857454,17839.24,17823.208749999998,17814.232083333336,17847.894583333335,17866.29258737787,17870.8890159493,17861.69615880644,False,False,False,-469.0865290232142
1,2024-03-15 19:00:00+00:00,2024-03-15,2024-03-15 20:00:00+00:00,73405,value_area_bounce,-1,8.552857142858036,17854.49,17840.818541666667,17835.829375,17860.775208333336,17865.954912731297,17870.231341302726,17861.678484159867,False,False,False,-654.2946451043745
1,2024-03-15 19:23:00+00:00,2024-03-15,2024-03-15 20:00:00+00:00,73428,value_area_bounce,1,8.415714285714525,17846.480000000003,17850.26541666667,17845.09291666667,17862.334583333333,17865.49150246331,17869.699359606166,17861.28364532045,False,False,False,186.43445902788324
1,2024-03-15 19:24:00+00:00,2024-03-15,2024-03-15 20:00:00+00:00,73429,value_area_bounce,1,8.515714285714369,17852.350000000002,17850.26541666667,17845.09291666667,17862.334583333333,17865.46529546722,17869.723152610077,17861.207438324363,False,False,False,249.54936655947859
1,2024-03-15 19:31:00+00:00,2024-03-15,2024-03-15 20:00:00+00:00,73436,value_area_bounce,-1,9.959285714285736,17855.480000000003,17857.531875,17846.094375,17865.156875,17865.452662774853,17870.432305631995,17860.47301991771,False,False,False,-1299.2620632287517
1,2024-03-15 19:47:00+00:00,2024-03-15,2024-03-15 20:00:00+00:00,73452,value_area_bounce,1,8.281428571428737,17848.99,17849.906875,17844.188125,17859.438125,17864.945872184097,17869.08658646981,17860.805157898383,False,False,False,1204.2335238086541
1,2024-03-18 13:47:00+00:00,2024-03-18,2024-03-18 20:00:00+00:00,74457,value_area_bounce,-1,15.969285714285174,18124.04,18115.72333333333,18092.643333333333,18127.26333333333,18110.1500993117,18118.134742168844,18102.165456454557,False,False,False,-2822.2327932990293
1,2024-03-18 13:48:00+00:00,2024-03-18,2024-03-18 20:00:00+00:00,74458,value_area_bounce,-1,15.996428571428103,18116.550000000003,18127.26333333333,18092.643333333333,18127.26333333333,18110.47480303161,18118.473017317327,18102.476588745896,False,False,False,-2940.1089870203514
1,2024-03-18 13:49:00+00:00,2024-03-18,2024-03-18 20:00:00+00:00,74459,value_area_bounce,-1,15.631428571428062,18116.66,18127.26333333333,18092.643333333333,18127.26333333333,18110.818031129857,18118.63374541557,18103.002316844144,False,False,False,-3270.9781276815565
1,2024-03-18 13:51:00+00:00,2024-03-18,2024-03-18 20:00:00+00:00,74461,value_area_bounce,-1,14.647142857142692,18110.93,18119.57,18092.643333333333,18127.26333333333,18111.24570346381,18118.569274892383,18103.922132035237,False,False,False,-6987.693763811416
1,2024-03-18 15:00:00+00:00,2024-03-18,2024-03-18 20:00:00+00:00,74530,value_area_bounce,-1,8.056428571429413,18144.550000000003,18141.88375,18125.46375,18150.09375,18119.50347642782,18123.531690713535,18115.475262142107,False,False,False,-288.46510009957865
1,2024-03-18 18:14:00+00:00,2024-03-18,2024-03-18 20:00:00+00:00,74724,value_area_bounce,-1,7.514285714286806,18065.300000000003,18059.216875000002,18044.741458333338,18071.624375,18096.14316832201,18099.900311179154,18092.386025464868,False,False,False,-1220.239457345092
1,2024-03-18 18:40:00+00:00,2024-03-18,2024-03-18 20:00:00+00:00,74750,value_area_bounce,-1,7.056428571428374,18075.800000000003,18059.99875,18048.352916666663,18078.63208333333,18095.597959146642,18099.126173432356,18092.069744860928,False,False,False,-542.2185091150774
1,2024-03-18 18:41:00+00:00,2024-03-18,2024-03-18 20:00:00+00:00,74751,value_area_bounce,-1,7.610714285714233,18064.28,18059.99875,18048.352916666663,18078.63208333333,18095.521233724012,18099.32659086687,18091.715876581155,False,False,False,-2382.5870891752124
1,2024-03-18 18:49:00+00:00,2024-03-18,2024-03-18 20:00:00+00:00,74759,value_area_bounce,1,10.837857142857112,18065.29,18054.384583333333,18052.003750000003,18078.192916666667,18094.427277332074,18099.8462059035,18089.008348760646,False,False,False,1714.6929396543846
1,2024-03-18 19:21:00+00:00,2024-03-18,2024-03-18 20:00:00+00:00,74791,value_area_bounce,-1,6.36428571428665,18072.79,18060.86125,18042.441250000003,18074.676250000004,18093.040243129282,18096.222385986424,18089.85810027214,False,False,False,-829.8313888017751
1,2024-03-18 19:24:00+00:00,2024-03-18,2024-03-18 20:00:00+00:00,74794,value_area_bounce,-1,6.044285714286681,18070.04,18060.86125,18042.441250000003,18074.676250000004,18092.934741935034,18095.956884792176,18089.912599077892,False,False,False,-524.9405192349586
1,2024-03-18 19:45:00+00:00,2024-03-18,2024-03-18 20:00:00+00:00,74815,value_area_bounce,1,6.785000000000115,18066.79,18073.758125,18063.174791666665,18081.695625,18091.987989050587,18095.38048905059,18088.595489050585,False,False,False,1062.4254507011804
1,2024-03-19 13:30:00+00:00,2024-03-19,2024-03-19 20:00:00+00:00,75820,value_area_bounce,-1,7.91285714285732,17921.050000000003,17925.941458333335,17910.69604166667,17932.475208333337,17925.60666666667,17929.5630952381,17921.65023809524,False,False,False,-5533.3936656953065
1,2024-03-19 13:34:00+00:00,2024-03-19,2024-03-19 20:00:00+00:00,75824,value_area_bounce,-1,13.752857142856945,17916.07,17925.061458333334,17913.80104166667,17931.817708333336,17917.871968817948,17924.748397389376,17910.99554024652,False,False,False,-6512.2937213368805
1,2024-03-19 15:27:00+00:00,2024-03-19,2024-03-19 20:00:00+00:00,75937,value_area_bounce,1,9.873571428570878,17921.32,17903.794374999998,17903.794374999998,17920.084375,17890.245931163267,17895.182716877553,17885.30914544898,False,False,False,1313.6673796690802
1,2024-03-19 17:52:00+00:00,2024-03-19,2024-03-19 20:00:00+00:00,76082,value_area_bounce,-1,8.84714285714186,18042.31,18032.08541666667,18024.002083333333,18048.252083333333,17930.153565118093,17934.577136546664,17925.72999368952,False,False,False,-2619.9475054475533
1,2024-03-19 18:13:00+00:00,2024-03-19,2024-03-19 20:00:00+00:00,76103,value_area_bounce,1,9.10285714285679,18050.31,18048.05479166667,18036.857708333337,18051.253958333335,17934.584213943937,17939.135642515364,17930.03278537251,False,False,False,1455.3172041344983
1,2024-03-19 18:24:00+00:00,2024-03-19,2024-03-19 20:00:00+00:00,76114,value_area_bounce,-1,9.017857142856883,18050.57,18036.74625,18036.74625,18056.463750000003,17937.715874048117,17942.224802619545,17933.20694547669,False,False,False,-390.2172821843243
1,2024-03-20 13:54:00+00:00,2024-03-20,2024-03-20 20:00:00+00:00,77224,value_area_bounce,1,11.952857142857672,18052.68,18107.026250000003,18051.638750000002,18114.41125,18072.1608424669,18078.13727103833,18066.18441389547,False,False,False,1046.8502165197497
1,2024-03-20 13:55:00+00:00,2024-03-20,2024-03-20 20:00:00+00:00,77225,value_area_bounce,1,11.550714285715003,18052.45,18107.026250000003,18051.638750000002,18114.41125,18071.58756653187,18077.36292367473,18065.812209389012,False,False,False,3236.224122094557
1,2024-03-20 13:58:00+00:00,2024-03-20,2024-03-20 20:00:00+00:00,77228,value_area_bounce,1,10.744285714286368,18053.68,18107.026250000003,18051.638750000002,18114.41125,18070.215506939785,18075.58764979693,18064.84336408264,False,False,False,3113.344223462096
1,2024-03-20 14:36:00+00:00,2024-03-20,2024-03-20 20:00:00+00:00,77266,value_area_bounce,-1,9.846428571428987,18044.45,18047.33625,18039.948750000003,18054.72375,18065.40614567432,18070.329359960033,18060.482931388604,False,False,False,-6770.263901221728
1,2024-03-20 14:40:00+00:00,2024-03-20,2024-03-20 20:00:00+00:00,77270,value_area_bounce,-1,9.915714285714264,18044.44,18048.720208333332,18041.956458333334,18053.229375,18064.72004464937,18069.677901792227,18059.762187506512,False,False,False,-2997.9331138963125
1,2024-03-20 15:51:00+00:00,2024-03-20,2024-03-20 20:00:00+00:00,77341,value_area_bounce,1,7.042857142857039,18061.06,18065.066458333335,18056.443541666667,18071.964791666665,18062.71934179357,18066.240770365,18059.197913222142,False,False,False,1101.7830545231845
1,2024-03-20 16:23:00+00:00,2024-03-20,2024-03-20 20:00:00+00:00,77373,value_area_bounce,1,6.524285714286244,18057.69,18063.03625,18051.31375,18065.64125,18062.104987709943,18065.367130567087,18058.8428448528,False,False,False,232.36031651241638
1,2024-03-20 16:30:00+00:00,2024-03-20,2024-03-20 20:00:00+00:00,77380,value_area_bounce,-1,6.579285714285496,18053.7,18058.962083333332,18050.677083333336,18065.86625,18062.140104645317,18065.42974750246,18058.850461788174,False,False,False,-1330.5430450528393
1,2024-03-20 17:44:00+00:00,2024-03-20,2024-03-20 20:00:00+00:00,77454,value_area_bounce,1,6.354285714285652,18037.93,18050.188541666666,18033.497291666667,18063.170625000002,18061.333718597994,18064.510861455135,18058.156575740853,False,False,False,479.8182077598368
1,2024-03-20 17:48:00+00:00,2024-03-20,2024-03-20 20:00:00+00:00,77458,value_area_bounce,1,6.821428571428571,18041.18,18050.912500000002,18035.405833333334,18056.7275,18061.105444800287,18064.516159086,18057.694730514573,False,False,False,1200.025456687696
1,2024-03-20 18:09:00+00:00,2024-03-20,2024-03-20 20:00:00+00:00,77479,value_area_bounce,-1,28.19142857142859,18117.83,18140.3125,18047.189166666667,18146.96416666667,18073.527113799388,18087.622828085103,18059.431399513673,False,False,False,-2612.332489671
1,2024-03-20 18:20:00+00:00,2024-03-20,2024-03-20 20:00:00+00:00,77490,value_area_bounce,1,25.032857142857342,18124.95,18140.3125,18107.05416666667,18153.615833333333,18079.055941821473,18091.5723703929,18066.539513250045,False,False,False,10.322110076613853
1,2024-03-20 18:30:00+00:00,2024-03-20,2024-03-20 20:00:00+00:00,77500,value_area_bounce,-1,18.30285714285778,18148.69,18127.009166666667,18120.357500000002,18153.615833333333,18082.5535980677,18091.70502663913,18073.402169496272,False,False,False,-6.526572056202895
1,2024-03-20 18:31:00+00:00,2024-03-20,2024-03-20 20:00:00+00:00,77501,value_area_bounce,-1,19.177857142858038,18119.58,18127.009166666667,18120.357500000002,18153.615833333333,18083.149686840163,18092.738615411592,18073.560758268733,False,False,False,-5920.521499123953
1,2024-03-20 19:51:00+00:00,2024-03-20,2024-03-20 20:00:00+00:00,77581,value_area_bounce,1,12.895714285714607,18250.2,18243.195,18236.215,18278.095,18128.628478230065,18135.076335372923,18122.180621087206,False,False,False,2722.5003046752045
1,2024-03-21 13:32:00+00:00,2024-03-21,2024-03-21 20:00:00+00:00,78582,value_area_bounce,-1,9.901428571428239,18456.09,18464.574375,18442.230625,18466.605625,18463.646781496955,18468.59749578267,18458.69606721124,False,False,False,-9015.519595235379
1,2024-03-21 13:42:00+00:00,2024-03-21,2024-03-21 20:00:00+00:00,78592,value_area_bounce,-1,16.275714285713807,18464.59,18465.001458333332,18447.131041666667,18470.107291666667,18462.821558269385,18470.959415412242,18454.683701126527,False,False,False,-1576.1548386719367
1,2024-03-21 13:46:00+00:00,2024-03-21,2024-03-21 20:00:00+00:00,78596,value_area_bounce,-1,16.029999999999614,18460.36,18465.001458333332,18452.236875000002,18470.107291666667,18462.610428749824,18470.625428749823,18454.595428749824,False,False,False,-2571.122586748403
1,2024-03-21 14:02:00+00:00,2024-03-21,2024-03-21 20:00:00+00:00,78612,value_area_bounce,1,13.52142857142878,18435.09,18465.360833333336,18431.24416666667,18475.595833333333,18450.10105481262,18456.861769098337,18443.340340526905,False,False,False,2595.578402131431
1,2024-03-21 14:32:00+00:00,2024-03-21,2024-03-21 20:00:00+00:00,78642,value_area_bounce,1,12.73928571428535,18423.61,18432.361875000002,18419.816875,18448.043125,18446.73219942597,18453.10184228311,18440.362556568827,False,False,False,1234.8041560312513
1,2024-03-21 14:33:00+00:00,2024-03-21,2024-03-21 20:00:00+00:00,78643,value_area_bounce,1,12.54357142857121,18425.84,18432.572708333333,18421.404375,18443.741041666668,18446.433781104923,18452.705566819208,18440.161995390637,False,False,False,1074.9713866738316
1,2024-03-21 14:35:00+00:00,2024-03-21,2024-03-21 20:00:00+00:00,78645,value_area_bounce,1,12.47214285714264,18427.36,18426.988541666666,18421.404375,18443.741041666668,18445.95405768426,18452.19012911283,18439.717986255688,False,False,False,5119.106017301534
1,2024-03-21 14:41:00+00:00,2024-03-21,2024-03-21 20:00:00+00:00,78651,value_area_bounce,1,13.379285714285809,18423.11,18426.417083333334,18421.00875,18439.93791666667,18444.449881341472,18451.139524198614,18437.76023848433,False,False,False,1177.914878363407
1,2024-03-21 14:56:00+00:00,2024-03-21,2024-03-21 20:00:00+00:00,78666,value_area_bounce,-1,10.334999999998868,18435.59,18427.505625,18416.29729166667,18444.318125,18443.819103943613,18448.986603943613,18438.651603943614,False,False,False,-645.4525770614215
1,2024-03-21 16:33:00+00:00,2024-03-21,2024-03-21 20:00:00+00:00,78763,value_area_bounce,-1,6.539285714286701,18479.6,18470.115,18462.015,18480.915,18446.533303373188,18449.80294623033,18443.263660516044,False,False,False,-866.0824621114821
1,2024-03-21 18:20:00+00:00,2024-03-21,2024-03-21 20:00:00+00:00,78870,value_area_bounce,1,8.621428571428883,18395.6,18442.180625,18392.324375000004,18448.828125,18443.99419664675,18448.304910932464,18439.683482361033,False,False,False,1510.5345186306117
1,2024-03-21 18:43:00+00:00,2024-03-21,2024-03-21 20:00:00+00:00,78893,value_area_bounce,1,11.365714285714473,18351.22,18384.173333333332,18349.293333333335,18395.8,18439.40676003342,18445.089617176276,18433.723902890564,False,False,False,1450.7569351833781
1,2024-03-21 18:45:00+00:00,2024-03-21,2024-03-21 20:00:00+00:00,78895,value_area_bounce,1,12.2614285714283,18371.09,18384.560208333336,18366.962708333333,18405.090625,18438.960266741036,18445.09098102675,18432.82955245532,False,False,False,2114.783444792658
1,2024-03-21 19:32:00+00:00,2024-03-21,2024-03-21 20:00:00+00:00,78942,value_area_bounce,-1,8.435714285714441,18371.35,18366.970208333332,18359.281875,18382.346875000003,18432.099727087323,18436.31758423018,18427.881869944467,False,False,False,-173.71370708124368
1,2024-03-21 19:50:00+00:00,2024-03-21,2024-03-21 20:00:00+00:00,78960,value_area_bounce,1,7.509285714285787,18370.36,18367.24625,18363.62125,18379.93375,18429.683083851578,18433.437726708722,18425.928440994434,False,False,False,828.7860704693163
1,2024-03-21 19:53:00+00:00,2024-03-21,2024-03-21 20:00:00+00:00,78963,value_area_bounce,1,7.475000000000624,18363.84,18367.24625,18363.62125,18378.12125,18429.216790353534,18432.954290353533,18425.479290353534,False,False,False,2210.809391863011
1,2024-03-22 13:30:00+00:00,2024-03-22,2024-03-22 20:00:00+00:00,79960,value_area_bounce,-1,8.575000000000207,18312.19,18313.863125000003,18313.863125000003,18327.247708333332,18316.946666666667,18321.234166666665,18312.659166666668,False,False,False,-5244.6083510936605
1,2024-03-22 13:31:00+00:00,2024-03-22,2024-03-22 20:00:00+00:00,79961,value_area_bounce,1,10.13071428571441,18331.95,18317.68729166667,18313.863125000003,18325.335625,18319.96497153907,18325.030328681925,18314.899614396214,False,False,False,312.0732268840202
1,2024-03-22 13:32:00+00:00,2024-03-22,2024-03-22 20:00:00+00:00,79962,value_area_bounce,-1,11.824285714285777,18315.7,18317.144375000003,18313.945208333334,18323.542708333334,18319.513193316317,18325.42533617346,18313.601050459176,False,False,False,-920.2419892965117
1,2024-03-22 13:35:00+00:00,2024-03-22,2024-03-22 20:00:00+00:00,79965,value_area_bounce,1,13.447857142857174,18318.94,18314.07125,18314.07125,18323.704583333332,18317.18101765212,18323.90494622355,18310.457089080694,False,False,False,5454.365941052376
1,2024-03-22 13:41:00+00:00,2024-03-22,2024-03-22 20:00:00+00:00,79971,value_area_bounce,-1,15.262142857142992,18311.69,18316.805833333332,18306.170833333337,18321.5325,18318.6206116489,18326.251683077473,18310.98954022033,False,False,False,-4401.25616425876
1,2024-03-22 13:52:00+00:00,2024-03-22,2024-03-22 20:00:00+00:00,79982,value_area_bounce,1,12.862142857143356,18316.7,18317.740416666667,18308.21125,18325.363749999997,18311.98497197413,18318.4160434027,18305.553900545558,False,False,False,470.06782943073904
1,2024-03-22 13:53:00+00:00,2024-03-22,2024-03-22 20:00:00+00:00,79983,value_area_bounce,-1,12.853571428572,18319.94,18317.740416666667,18308.21125,18325.363749999997,18312.29837157925,18318.72515729354,18305.871585864963,False,False,False,-84.17994233067441
1,2024-03-22 16:03:00+00:00,2024-03-22,2024-03-22 20:00:00+00:00,80113,value_area_bounce,-1,7.5621428571433045,18341.960000000003,18339.872499999998,18327.9125,18342.8625,18319.828468054602,18323.609539483175,18316.04739662603,False,False,False,-208.38738204934248
1,2024-03-22 16:05:00+00:00,2024-03-22,2024-03-22 20:00:00+00:00,80115,value_area_bounce,-1,7.0100000000004785,18337.84,18339.872499999998,18327.9125,18342.8625,18320.00525371188,18323.51025371188,18316.500253711878,False,False,False,-2040.1918768760877
1,2024-03-22 16:18:00+00:00,2024-03-22,2024-03-22 20:00:00+00:00,80128,value_area_bounce,1,6.949285714285517,18329.960000000003,18340.200624999998,18329.954375,18343.128125,18320.639734437915,18324.114377295056,18317.165091580773,False,False,False,1240.0848566423103
1,2024-03-22 16:19:00+00:00,2024-03-22,2024-03-22 20:00:00+00:00,80129,value_area_bounce,1,7.182142857142805,18339.710000000003,18340.200624999998,18328.490625,18343.128125,18320.701209492807,18324.292280921378,18317.110138064236,False,False,False,1633.5798967931255
1,2024-03-22 16:30:00+00:00,2024-03-22,2024-03-22 20:00:00+00:00,80140,value_area_bounce,-1,6.65785714285812,18337.2,18340.200624999998,18331.418124999997,18341.664375,18321.3183784654,18324.64730703683,18317.98944989397,False,False,False,-507.2955483824303
1,2024-03-22 16:40:00+00:00,2024-03-22,2024-03-22 20:00:00+00:00,80150,value_area_bounce,1,7.1564285714289975,18335.2,18340.085,18333.565000000002,18344.975,18321.624090584755,18325.20230487047,18318.045876299042,False,False,False,2826.7367153394403
1,2024-03-22 18:25:00+00:00,2024-03-22,2024-03-22 20:00:00+00:00,80255,value_area_bounce,1,6.6385714285721145,18387.07,18403.408333333333,18386.338333333333,18410.995,18333.807767317423,18337.12705303171,18330.488481603137,False,False,False,1261.784608118161
1,2024-03-22 18:26:00+00:00,2024-03-22,2024-03-22 20:00:00+00:00,80256,value_area_bounce,1,6.871428571429143,18389.960000000003,18403.408333333333,18384.441666666666,18410.995,18333.925988510022,18337.361702795737,18330.490274224307,False,False,False,1729.0437344643842
1,2024-03-22 18:56:00+00:00,2024-03-22,2024-03-22 20:00:00+00:00,80286,value_area_bounce,1,7.055000000000291,18385.710000000003,18398.490416666667,18378.920416666668,18400.121250000004,18337.059851205508,18340.587351205508,18333.532351205507,False,False,False,1139.0628906336783
1,2024-03-22 19:22:00+00:00,2024-03-22,2024-03-22 20:00:00+00:00,80312,value_area_bounce,1,9.985714285715014,18352.95,18372.950625,18351.780625,18396.766875,18338.576575702697,18343.569432845554,18333.58371855984,False,False,False,1370.6599214706216
1,2024-03-22 19:45:00+00:00,2024-03-22,2024-03-22 20:00:00+00:00,80335,value_area_bounce,-1,6.247142857143834,18370.210000000003,18350.98625,18346.61125,18372.86125,18339.660808524233,18342.784379952805,18336.53723709566,False,False,False,-120.82258501954641
1,2024-03-22 19:56:00+00:00,2024-03-22,2024-03-22 20:00:00+00:00,80346,value_area_bounce,-1,8.526428571429278,18374.95,18348.103125,18348.103125,18375.149375,18340.97330419689,18345.236518482605,18336.710089911176,False,False,False,-1347.4256997609034
1,2024-03-22 19:57:00+00:00,2024-03-22,2024-03-22 20:00:00+00:00,80347,value_area_bounce,-1,8.533571428571772,18373.57,18348.103125,18348.103125,18375.149375,18341.061843325613,18345.328629039897,18336.79505761133,False,False,False,-2868.8742469767712
1,2024-03-22 19:59:00+00:00,2024-03-22,2024-03-22 20:00:00+00:00,80349,value_area_bounce,-1,8.987857142857527,18359.94,18348.103125,18348.103125,18375.149375,18341.365416954388,18345.859345525816,18336.87148838296,False,False,True,-4508.17722696383
1,2024-03-25 13:37:00+00:00,2024-03-25,2024-03-25 20:00:00+00:00,81332,value_area_bounce,-1,10.911428571428457,18258.99,18249.995000000003,18239.375,18265.925000000003,18260.029136868703,18265.48485115442,18254.573422582987,False,False,False,-2103.9880017326686
1,2024-03-25 13:45:00+00:00,2024-03-25,2024-03-25 20:00:00+00:00,81340,value_area_bounce,1,14.212142857142421,18231.76,18251.56666666667,18212.273333333338,18262.793333333335,18248.05838518254,18255.16445661111,18240.95231375397,False,False,False,832.548239949821
1,2024-03-25 13:49:00+00:00,2024-03-25,2024-03-25 20:00:00+00:00,81344,value_area_bounce,1,14.033571428570992,18262.140000000003,18251.56666666667,18248.760000000002,18274.020000000004,18248.354637618944,18255.37142333323,18241.33785190466,False,False,False,6906.276234092366
1,2024-03-25 14:00:00+00:00,2024-03-25,2024-03-25 20:00:00+00:00,81355,value_area_bounce,-1,10.793571428570171,18273.51,18251.589375,18248.573125000003,18275.719375,18253.969601208075,18259.36638692236,18248.57281549379,False,False,False,-304.71881730472126
1,2024-03-25 14:01:00+00:00,2024-03-25,2024-03-25 20:00:00+00:00,81356,value_area_bounce,-1,10.692857142855896,18268.76,18251.589375,18248.573125000003,18275.719375,18254.3480869538,18259.69451552523,18249.00165838237,False,False,False,-924.5001928715128
1,2024-03-25 14:38:00+00:00,2024-03-25,2024-03-25 20:00:00+00:00,81393,value_area_bounce,-1,9.38642857143012,18307.25,18273.07895833333,18250.861458333333,18313.811041666668,18275.74164681403,18280.434861099744,18271.048432528314,False,False,False,-13.805866739259045
1,2024-03-25 16:56:00+00:00,2024-03-25,2024-03-25 20:00:00+00:00,81531,value_area_bounce,-1,5.813571428570348,18326.370000000003,18322.088541666668,18317.340208333335,18328.02395833333,18297.665474838934,18300.572260553217,18294.75868912465,False,False,False,-228.84442438296867
1,2024-03-25 17:02:00+00:00,2024-03-25,2024-03-25 20:00:00+00:00,81537,value_area_bounce,-1,6.327142857142202,18322.76,18322.088541666668,18317.340208333335,18328.02395833333,18298.043507335788,18301.207078764357,18294.879935907218,False,False,False,-255.97309044327898
1,2024-03-25 17:12:00+00:00,2024-03-25,2024-03-25 20:00:00+00:00,81547,value_area_bounce,1,6.334285714284176,18321.25,18322.088541666668,18318.527291666665,18329.21104166667,18298.645449924283,18301.812592781425,18295.47830706714,False,False,False,132.0545627395461
1,2024-03-25 17:49:00+00:00,2024-03-25,2024-03-25 20:00:00+00:00,81584,value_area_bounce,-1,4.86928571428533,18340.99,18338.564166666663,18322.739166666666,18342.080833333333,18301.56147885715,18303.996121714295,18299.126836000007,False,False,False,-1303.4595672775101
1,2024-03-25 18:36:00+00:00,2024-03-25,2024-03-25 20:00:00+00:00,81631,value_area_bounce,1,4.128571428571377,18350.49,18360.322708333333,18346.377708333333,18361.48479166667,18305.308835790853,18307.373121505138,18303.244550076568,False,False,False,370.68429703145097
1,2024-03-25 19:00:00+00:00,2024-03-25,2024-03-25 20:00:00+00:00,81655,value_area_bounce,-1,4.313571428570607,18361.63,18359.43,18355.510000000002,18363.35,18307.156162583826,18309.31294829811,18304.999376869542,False,False,False,-328.7268945045668
1,2024-03-26 13:30:00+00:00,2024-03-26,2024-03-26 20:00:00+00:00,82705,value_area_bounce,1,5.947142857142743,18363.78,18367.140208333334,18361.71895833333,18370.754375,18360.74666666667,18363.72023809524,18357.7730952381,False,False,False,3094.9206971744825
1,2024-03-26 13:33:00+00:00,2024-03-26,2024-03-26 20:00:00+00:00,82708,value_area_bounce,1,8.632857142857445,18373.29,18362.268125000002,18361.043541666666,18369.615625000002,18365.55481893969,18369.87124751112,18361.23839036826,False,False,False,4132.679715756812
1,2024-03-26 13:41:00+00:00,2024-03-26,2024-03-26 20:00:00+00:00,82716,value_area_bounce,-1,13.089285714286754,18368.66,18368.887499999997,18350.3375,18376.307500000003,18373.453562483057,18379.998205340202,18366.908919625912,False,False,False,-1738.1324552296512
1,2024-03-26 13:42:00+00:00,2024-03-26,2024-03-26 20:00:00+00:00,82717,value_area_bounce,-1,13.194285714287096,18369.300000000003,18368.887499999997,18354.0475,18374.4525,18373.27710473139,18379.874247588534,18366.679961874248,False,False,False,-3129.162539670472
1,2024-03-26 13:47:00+00:00,2024-03-26,2024-03-26 20:00:00+00:00,82722,value_area_bounce,-1,11.433571428572707,18378.04,18368.887499999997,18350.3375,18381.872499999998,18374.59952280284,18380.316308517125,18368.882737088556,False,False,False,-1336.5604406576679
1,2024-03-26 13:54:00+00:00,2024-03-26,2024-03-26 20:00:00+00:00,82729,value_area_bounce,1,9.443571428572925,18371.41,18368.887499999997,18368.887499999997,18383.7275,18374.974926641735,18379.69671235602,18370.25314092745,False,False,False,482.86523350649145
1,2024-03-26 14:00:00+00:00,2024-03-26,2024-03-26 20:00:00+00:00,82735,opening_range_breakout,1,8.850714285715835,18402.43,18383.7275,18368.887499999997,18385.5825,18375.864047660572,18380.28940480343,18371.438690517716,False,False,False,3169.6611791650594
1,2024-03-26 16:17:00+00:00,2024-03-26,2024-03-26 20:00:00+00:00,82872,value_area_bounce,1,5.612142857142836,18367.92,18374.56333333333,18365.963333333333,18380.29666666667,18370.20812552946,18373.014196958033,18367.40205410089,False,False,False,744.4206589575667
1,2024-03-26 17:03:00+00:00,2024-03-26,2024-03-26 20:00:00+00:00,82918,value_area_bounce,1,7.874285714285569,18345.04,18349.7675,18339.892499999998,18359.6425,18367.382857320234,18371.320000177377,18363.44571446309,False,False,False,639.982487535834
1,2024-03-26 17:55:00+00:00,2024-03-26,2024-03-26 20:00:00+00:00,82970,value_area_bounce,1,6.0614285714299125,18346.04,18349.307916666665,18343.837083333332,18353.684583333332,18365.041515884797,18368.072230170514,18362.01080159908,False,False,False,959.2485065028714
1,2024-03-26 18:02:00+00:00,2024-03-26,2024-03-26 20:00:00+00:00,82977,value_area_bounce,1,5.089285714286754,18347.03,18344.93125,18342.742916666666,18352.590416666666,18364.747332892,18367.291975749144,18362.202690034854,False,False,False,693.9370730536046
1,2024-03-26 18:25:00+00:00,2024-03-26,2024-03-26 20:00:00+00:00,83000,value_area_bounce,-1,4.468571428571522,18350.91,18344.93125,18342.742916666666,18353.684583333332,18364.13028106845,18366.364566782737,18361.895995354163,False,False,False,-54.973853094904086
1,2024-03-26 18:39:00+00:00,2024-03-26,2024-03-26 20:00:00+00:00,83014,value_area_bounce,-1,4.355714285715554,18351.050000000003,18345.065833333334,18339.2575,18353.1975,18363.9842470515,18366.162104194358,18361.80638990864,False,False,False,-1078.4936573109733
1,2024-03-26 18:52:00+00:00,2024-03-26,2024-03-26 20:00:00+00:00,83027,value_area_bounce,1,5.198571428572644,18348.550000000003,18358.12125,18346.213750000003,18360.286249999997,18363.543622653073,18366.142908367357,18360.94433693879,False,False,False,1036.1955898696528
1,2024-03-26 19:10:00+00:00,2024-03-26,2024-03-26 20:00:00+00:00,83045,value_area_bounce,1,4.4171428571433875,18346.800000000003,18358.12125,18345.13125,18359.20375,18363.111109395348,18365.31968082392,18360.902537966776,False,False,False,25.657872704671888
1,2024-03-27 13:30:00+00:00,2024-03-27,2024-03-27 20:00:00+00:00,84085,value_area_bounce,-1,5.221428571428207,18359.69,18353.842291666668,18344.089791666665,18365.220208333332,18363.98,18366.590714285714,18361.369285714285,False,False,False,-4623.9983856601775
1,2024-03-27 13:58:00+00:00,2024-03-27,2024-03-27 20:00:00+00:00,84113,value_area_bounce,1,13.529999999999875,18264.56,18309.06625,18251.783750000002,18324.68875,18305.99217714824,18312.75717714824,18299.22717714824,False,False,False,2069.3580584375027
1,2024-03-27 14:00:00+00:00,2024-03-27,2024-03-27 20:00:00+00:00,84115,value_area_bounce,1,13.612142857142837,18258.57,18309.06625,18256.99125,18314.27375,18302.977546038397,18309.78361746697,18296.171474609826,False,False,False,5772.500076712753
1,2024-03-27 14:08:00+00:00,2024-03-27,2024-03-27 20:00:00+00:00,84123,value_area_bounce,1,17.66214285714289,18220.31,18309.135000000002,18209.685,18309.135000000002,18282.82893415358,18291.66000558215,18273.997862725006,False,False,False,4078.2443993193992
1,2024-03-27 14:15:00+00:00,2024-03-27,2024-03-27 20:00:00+00:00,84130,value_area_bounce,1,18.18999999999921,18230.81,18306.0325,18217.8675,18330.0775,18272.286221809998,18281.38122181,18263.191221809997,False,False,False,3165.9849109657303
1,2024-03-27 16:01:00+00:00,2024-03-27,2024-03-27 20:00:00+00:00,84236,value_area_bounce,1,8.071428571427791,18215.95,18217.486041666667,18212.564791666668,18225.688125,18246.335679674048,18250.371393959762,18242.299965388334,False,False,False,249.61214816746747
1,2024-03-27 17:00:00+00:00,2024-03-27,2024-03-27 20:00:00+00:00,84295,value_area_bounce,-1,6.442142857143024,18236.050000000003,18241.339999999997,18229.059999999998,18247.48,18244.25240308793,18247.4734745165,18241.031331659357,False,False,False,-556.4745530610699
1,2024-03-27 17:03:00+00:00,2024-03-27,2024-03-27 20:00:00+00:00,84298,value_area_bounce,-1,7.263571428571595,18240.57,18241.411874999998,18233.263541666667,18247.523125,18244.245544324087,18247.877330038373,18240.6137586098,False,False,False,-1118.530574826927
1,2024-03-27 17:44:00+00:00,2024-03-27,2024-03-27 20:00:00+00:00,84339,value_area_bounce,1,5.919285714285122,18232.300000000003,18229.35625,18224.353750000002,18241.028749999998,18242.948089069516,18245.907731926658,18239.988446212374,False,False,False,1037.1291483402144
1,2024-03-27 18:01:00+00:00,2024-03-27,2024-03-27 20:00:00+00:00,84356,value_area_bounce,1,5.534285714285163,18237.93,18233.527916666666,18229.525416666667,18237.53041666667,18242.708172167364,18245.475315024505,18239.941029310223,False,False,False,2.557775267496936
1,2024-03-27 18:02:00+00:00,2024-03-27,2024-03-27 20:00:00+00:00,84357,value_area_bounce,-1,5.9078571428568205,18230.300000000003,18234.272708333334,18229.394375,18235.49229166667,18242.689060060435,18245.642988631862,18239.735131489007,False,False,False,-206.80095081124284
1,2024-03-27 18:15:00+00:00,2024-03-27,2024-03-27 20:00:00+00:00,84370,value_area_bounce,1,5.967857142856571,18234.31,18234.1825,18229.2575,18236.1525,18242.309182571924,18245.293111143354,18239.325254000494,False,False,False,2252.3496162487854
1,2024-03-27 18:34:00+00:00,2024-03-27,2024-03-27 20:00:00+00:00,84389,value_area_bounce,-1,5.712142857142941,18245.43,18234.317291666666,18218.893958333334,18245.884791666667,18242.62164052982,18245.47771195839,18239.765569101248,False,False,False,-3046.833753507084
1,2024-03-27 18:35:00+00:00,2024-03-27,2024-03-27 20:00:00+00:00,84390,value_area_bounce,-1,5.65785714285734,18241.19,18234.317291666666,18218.893958333334,18245.884791666667,18242.62041751063,18245.449346082056,18239.7914889392,False,False,False,-2942.495491697448
1,2024-03-27 18:57:00+00:00,2024-03-27,2024-03-27 20:00:00+00:00,84412,value_area_bounce,1,6.231428571427906,18222.800000000003,18237.256250000002,18217.29791666667,18245.239583333336,18242.169422208462,18245.285136494178,18239.053707922747,False,False,False,480.9268197208225
1,2024-03-27 19:27:00+00:00,2024-03-27,2024-03-27 20:00:00+00:00,84442,value_area_bounce,1,7.799285714285621,18227.81,18223.96125,18215.15708333333,18239.80875,18240.56492893371,18244.464571790853,18236.665286076564,False,False,False,2072.1637487574735
1,2024-03-27 19:53:00+00:00,2024-03-27,2024-03-27 20:00:00+00:00,84468,value_area_bounce,-1,10.876428571427823,18291.81,18292.69375,18223.85375,18296.99625,18243.576142386653,18249.014356672367,18238.13792810094,False,False,False,-585.9907361757353
1,2024-03-28 13:42:00+00:00,2024-03-28,2024-03-28 20:00:00+00:00,85477,value_area_bounce,-1,14.836428571427989,18307.01,18295.991041666668,18280.138958333337,18314.107708333337,18286.33202849427,18293.750242779985,18278.913814208558,False,False,False,-324.5027247599228
1,2024-03-28 13:43:00+00:00,2024-03-28,2024-03-28 20:00:00+00:00,85478,value_area_bounce,-1,14.664999999999313,18305.74,18307.313958333332,18280.138958333337,18314.107708333337,18287.02682175968,18294.35932175968,18279.694321759678,False,False,False,-3487.9618380254537
1,2024-03-28 16:00:00+00:00,2024-03-28,2024-03-28 20:00:00+00:00,85615,value_area_bounce,-1,5.221428571428987,18316.26,18310.36125,18302.606250000004,18320.701250000006,18304.855250510424,18307.465964796138,18302.24453622471,False,False,False,-906.1865512736247
1,2024-03-28 16:16:00+00:00,2024-03-28,2024-03-28 20:00:00+00:00,85631,value_area_bounce,1,6.9400000000007696,18291.24,18290.741250000003,18284.197916666668,18313.64291666667,18304.32124644392,18307.79124644392,18300.85124644392,False,False,False,1270.0483189760116
1,2024-03-28 16:50:00+00:00,2024-03-28,2024-03-28 20:00:00+00:00,85665,value_area_bounce,1,6.462857142856072,18286.620000000003,18286.317083333335,18284.421250000003,18293.90041666667,18302.35335049105,18305.584779062476,18299.12192191962,False,False,False,1047.7734408781598
1,2024-03-28 16:59:00+00:00,2024-03-28,2024-03-28 20:00:00+00:00,85674,value_area_bounce,1,5.952142857142462,18286.13,18286.671250000003,18280.108750000003,18289.483750000003,18301.872444099812,18304.848515528385,18298.89637267124,False,False,False,540.4304195693809
1,2024-03-28 17:03:00+00:00,2024-03-28,2024-03-28 20:00:00+00:00,85678,value_area_bounce,1,6.346428571428468,18279.870000000003,18286.11125,18279.64875,18288.69625,18301.481049010916,18304.65426329663,18298.3078347252,False,False,False,1189.6706500592868
1,2024-03-28 17:05:00+00:00,2024-03-28,2024-03-28 20:00:00+00:00,85680,value_area_bounce,1,6.394285714285745,18283.13,18286.11125,18279.64875,18288.69625,18301.34480352897,18304.54194638611,18298.147660671828,False,False,False,1234.937164007454
1,2024-03-28 17:54:00+00:00,2024-03-28,2024-03-28 20:00:00+00:00,85729,value_area_bounce,-1,5.2450000000000205,18270.01,18265.91458333333,18258.599583333336,18275.667916666665,18298.22455026927,18300.847050269273,18295.60205026927,False,False,False,-1647.9060111760518
1,2024-03-28 18:05:00+00:00,2024-03-28,2024-03-28 20:00:00+00:00,85740,value_area_bounce,1,6.295000000000333,18269.890000000003,18275.87854166667,18264.107291666667,18278.494375000002,18297.41300871053,18300.56050871053,18294.26550871053,False,False,False,300.1079823128317
1,2024-03-28 18:16:00+00:00,2024-03-28,2024-03-28 20:00:00+00:00,85751,value_area_bounce,-1,5.344285714285694,18276.01,18275.87854166667,18266.723125,18281.110208333335,18296.972016706666,18299.64415956381,18294.299873849523,False,False,False,-562.9114351462695
1,2024-03-28 18:30:00+00:00,2024-03-28,2024-03-28 20:00:00+00:00,85765,value_area_bounce,-1,4.919285714284862,18275.49,18275.87854166667,18270.646875000002,18279.802291666667,18296.372833142606,18298.83247599975,18293.913190285464,False,False,False,-1003.1612876479669
1,2024-03-28 19:06:00+00:00,2024-03-28,2024-03-28 20:00:00+00:00,85801,value_area_bounce,-1,8.501428571428862,18286.0,18274.980625000004,18254.650625000002,18290.228125,18295.39423640902,18299.644950694736,18291.143522123308,False,False,False,-3411.7180836929647
1,2024-03-28 19:27:00+00:00,2024-03-28,2024-03-28 20:00:00+00:00,85822,value_area_bounce,-1,6.167142857141828,18304.120000000003,18302.934375000004,18282.604375000003,18310.558125000003,18295.560141592472,18298.643713021043,18292.4765701639,False,False,False,-106.56440704949296
1,2024-03-28 19:31:00+00:00,2024-03-28,2024-03-28 20:00:00+00:00,85826,value_area_bounce,-1,6.559285714285319,18300.13,18302.934375000004,18290.228125,18310.558125000003,18295.658552065655,18298.938194922797,18292.378909208514,False,False,False,-1218.9692152585915
1,2024-03-28 19:40:00+00:00,2024-03-28,2024-03-28 20:00:00+00:00,85835,value_area_bounce,1,7.809999999999751,18296.0,18303.198125000003,18294.604375000003,18310.073125000003,18295.655267486964,18299.560267486962,18291.750267486965,False,False,False,309.8573966991946
1,2024-03-28 19:44:00+00:00,2024-03-28,2024-03-28 20:00:00+00:00,85839,value_area_bounce,1,8.122857142857226,18295.01,18302.97,18289.29,18304.490000000005,18295.610691079626,18299.672119651055,18291.549262508197,False,False,False,184.63550258582552
1,2024-03-28 19:51:00+00:00,2024-03-28,2024-03-28 20:00:00+00:00,85846,value_area_bounce,1,8.749285714285309,18292.63,18287.113750000004,18287.113750000004,18304.246250000004,18295.4016624213,18299.776305278443,18291.027019564157,False,False,False,925.2966454140137
1,2024-03-28 19:55:00+00:00,2024-03-28,2024-03-28 20:00:00+00:00,85850,value_area_bounce,1,9.675714285713704,18291.99,18286.74541666667,18283.74375,18300.252916666665,18295.257405932654,18300.095263075513,18290.419548789796,False,False,False,755.6869692823306
1,2024-03-28 19:59:00+00:00,2024-03-28,2024-03-28 20:00:00+00:00,85854,value_area_bounce,-1,11.35357142857018,18266.25,18291.247916666667,18283.74375,18298.752083333333,18294.957692590553,18300.634478304837,18289.28090687627,False,False,False,-4601.839361269855
1,2024-04-01 14:02:00+00:00,2024-04-01,2024-04-01 20:00:00+00:00,86877,value_area_bounce,-1,12.786428571428457,18389.2,18412.80375,18343.24291666667,18412.80375,18382.242228361185,18388.6354426469,18375.84901407547,False,False,False,-710.1991005473919
1,2024-04-01 18:20:00+00:00,2024-04-01,2024-04-01 20:00:00+00:00,87135,value_area_bounce,-1,5.845714285714296,18277.94,18276.481458333335,18265.960625,18280.689791666664,18318.50373188124,18321.426589024097,18315.58087473838,False,False,False,-238.35176326631984
1,2024-04-01 18:41:00+00:00,2024-04-01,2024-04-01 20:00:00+00:00,87156,value_area_bounce,-1,5.643571428571055,18285.68,18277.924166666664,18258.864166666666,18285.865833333333,18317.502055369194,18320.32384108348,18314.68026965491,False,False,False,-362.49803955270596
1,2024-04-01 18:42:00+00:00,2024-04-01,2024-04-01 20:00:00+00:00,87157,value_area_bounce,-1,5.64142857142828,18281.19,18277.924166666664,18258.864166666666,18285.865833333333,18317.42641180419,18320.247126089904,18314.605697518477,False,False,False,-518.2839287110831
1,2024-04-01 18:56:00+00:00,2024-04-01,2024-04-01 20:00:00+00:00,87171,value_area_bounce,-1,5.849285714285933,18283.08,18287.978333333333,18280.038333333334,18293.271666666667,18316.845248139052,18319.769890996195,18313.92060528191,False,False,False,-70.57321767927408
1,2024-04-01 18:59:00+00:00,2024-04-01,2024-04-01 20:00:00+00:00,87174,value_area_bounce,1,6.0814285714287895,18282.93,18287.978333333333,18281.361666666668,18293.271666666667,18316.647772758584,18319.6884870443,18313.60705847287,False,False,False,38.4736418224677
1,2024-04-01 19:04:00+00:00,2024-04-01,2024-04-01 20:00:00+00:00,87179,value_area_bounce,1,6.874285714285828,18284.95,18285.859375,18280.814375,18293.426875000005,18316.26463496453,18319.701777821672,18312.827492107386,False,False,False,671.97213550886
1,2024-04-01 19:18:00+00:00,2024-04-01,2024-04-01 20:00:00+00:00,87193,value_area_bounce,-1,6.628571428571116,18285.81,18287.9075,18285.377500000002,18294.2325,18315.68384336675,18318.998129081036,18312.369557652466,False,False,False,-322.3341673926638
1,2024-04-01 19:19:00+00:00,2024-04-01,2024-04-01 20:00:00+00:00,87194,value_area_bounce,1,6.129285714285548,18288.83,18287.9075,18285.377500000002,18294.2325,18315.636881611186,18318.701524468328,18312.572238754045,False,False,False,152.44152033953588
1,2024-04-01 19:23:00+00:00,2024-04-01,2024-04-01 20:00:00+00:00,87198,value_area_bounce,-1,6.319285714286317,18286.45,18286.6425,18285.377500000002,18294.2325,18315.485552703918,18318.64519556106,18312.325909846775,False,False,False,-23.75320217937582
1,2024-04-01 19:25:00+00:00,2024-04-01,2024-04-01 20:00:00+00:00,87200,value_area_bounce,-1,6.308571428571928,18286.45,18287.9075,18285.377500000002,18294.2325,18315.401529926658,18318.555815640942,18312.247244212373,False,False,False,-1086.4426680409435
1,2024-04-01 19:31:00+00:00,2024-04-01,2024-04-01 20:00:00+00:00,87206,value_area_bounce,1,6.809285714286359,18286.45,18287.9075,18282.8475,18294.2325,18315.01273529194,18318.417378149083,18311.6080924348,False,False,False,430.33729141087076
1,2024-04-01 19:35:00+00:00,2024-04-01,2024-04-01 20:00:00+00:00,87210,value_area_bounce,-1,7.334285714285995,18279.2,18294.2325,18282.8475,18294.2325,18314.82128113829,18318.488423995434,18311.15413828115,False,False,False,-333.57974630012507
1,2024-04-01 19:41:00+00:00,2024-04-01,2024-04-01 20:00:00+00:00,87216,value_area_bounce,1,7.940000000000509,18287.69,18294.2325,18280.3175,18294.2325,18314.341112334736,18318.311112334737,18310.371112334735,False,False,False,535.6442334315182
1,2024-04-01 19:51:00+00:00,2024-04-01,2024-04-01 20:00:00+00:00,87226,value_area_bounce,-1,7.523571428571813,18290.06,18289.904791666668,18281.589375,18294.65645833333,18313.866607713462,18317.62839342775,18310.104821999175,False,False,False,-139.14150213219
1,2024-04-01 19:52:00+00:00,2024-04-01,2024-04-01 20:00:00+00:00,87227,value_area_bounce,1,7.6042857142861715,18291.44,18294.297916666666,18283.190416666665,18294.297916666666,18313.79330728798,18317.595450145123,18309.991164430834,False,False,False,330.6200819444384
1,2024-04-02 13:30:00+00:00,2024-04-02,2024-04-02 20:00:00+00:00,88225,value_area_bounce,1,7.969999999999345,18102.6,18094.77479166667,18085.618958333333,18149.709791666668,18097.323333333334,18101.308333333334,18093.338333333333,False,False,False,8065.079259523336
1,2024-04-02 13:31:00+00:00,2024-04-02,2024-04-02 20:00:00+00:00,88226,value_area_bounce,1,9.217857142856571,18100.85,18098.383125,18084.871875000004,18143.420625000006,18096.793923281857,18101.402851853287,18092.184994710427,False,False,False,12036.68731861021
1,2024-04-02 13:35:00+00:00,2024-04-02,2024-04-02 20:00:00+00:00,88230,value_area_bounce,1,11.934285714285059,18088.230000000003,18097.23729166667,18077.685208333336,18120.69979166667,18092.521634794157,18098.4887776513,18086.554491937015,False,False,False,2560.534998984816
1,2024-04-02 13:52:00+00:00,2024-04-02,2024-04-02 20:00:00+00:00,88247,value_area_bounce,1,13.903571428572052,18060.6,18098.0425,18058.247499999998,18111.307500000003,18074.518110367495,18081.46989608178,18067.56632465321,False,False,False,311.06193482754816
1,2024-04-02 14:00:00+00:00,2024-04-02,2024-04-02 20:00:00+00:00,88255,value_area_bounce,1,13.372857142857486,18059.620000000003,18097.98375,18058.227916666667,18112.440416666665,18071.37775844957,18078.064187021,18064.69132987814,False,False,False,2791.842933346567
1,2024-04-02 15:38:00+00:00,2024-04-02,2024-04-02 20:00:00+00:00,88353,value_area_bounce,-1,7.231428571427906,18081.480000000003,18082.115,18036.615,18085.365,18061.15377161652,18064.769485902234,18057.538057330803,False,False,False,-1649.3114760177289
1,2024-04-02 16:04:00+00:00,2024-04-02,2024-04-02 20:00:00+00:00,88379,value_area_bounce,1,7.517857142857143,18060.86,18082.721250000002,18059.69625,18085.02375,18061.32248588728,18065.08141445871,18057.563557315854,False,False,False,1511.0344491268227
1,2024-04-02 17:13:00+00:00,2024-04-02,2024-04-02 20:00:00+00:00,88448,value_area_bounce,-1,5.947142857142743,18095.980000000003,18080.823125000003,18055.143958333334,18096.230625,18063.701725910712,18066.675297339283,18060.72815448214,False,False,False,-1562.2928480455707
1,2024-04-02 17:14:00+00:00,2024-04-02,2024-04-02 20:00:00+00:00,88449,value_area_bounce,-1,5.734285714285371,18094.620000000003,18080.823125000003,18055.143958333334,18098.798541666667,18063.776928634757,18066.6440714919,18060.909785777614,False,False,False,-1220.5346343181784
1,2024-04-02 17:17:00+00:00,2024-04-02,2024-04-02 20:00:00+00:00,88452,value_area_bounce,-1,5.932857142856976,18092.11,18080.447083333336,18062.36041666667,18098.533750000002,18063.995706301062,18066.96213487249,18061.029277729634,False,False,False,-1446.1003198626154
1,2024-04-02 17:23:00+00:00,2024-04-02,2024-04-02 20:00:00+00:00,88458,value_area_bounce,-1,6.099999999999844,18092.11,18093.271041666667,18075.88229166667,18099.06729166667,18064.369907203985,18067.419907203985,18061.319907203986,False,False,False,-1514.6868769577711
1,2024-04-02 17:45:00+00:00,2024-04-02,2024-04-02 20:00:00+00:00,88480,value_area_bounce,1,6.412857142858099,18096.86,18094.170625000002,18090.294375000005,18099.338958333334,18065.60482121304,18068.81124978447,18062.39839264161,False,False,False,175.68850314649592
1,2024-04-02 17:59:00+00:00,2024-04-02,2024-04-02 20:00:00+00:00,88494,value_area_bounce,-1,5.824285714286036,18092.35,18094.527708333335,18090.981458333335,18098.073958333334,18066.481313527394,18069.393456384536,18063.569170670253,False,False,False,-464.9445062038516
1,2024-04-02 18:02:00+00:00,2024-04-02,2024-04-02 20:00:00+00:00,88497,value_area_bounce,-1,6.07071428571492,18091.1,18094.988750000004,18090.98541666667,18096.990416666667,18066.652028675762,18069.68738581862,18063.616671532905,False,False,False,-1179.4048657027272
1,2024-04-02 18:05:00+00:00,2024-04-02,2024-04-02 20:00:00+00:00,88500,value_area_bounce,-1,6.183571428572707,18092.49,18094.988750000004,18090.98541666667,18095.989583333336,18066.79659767435,18069.888383388636,18063.704811960066,False,False,False,-985.0640152929407
1,2024-04-02 18:12:00+00:00,2024-04-02,2024-04-02 20:00:00+00:00,88507,value_area_bounce,-1,5.780000000000135,18096.36,18094.988750000004,18090.98541666667,18096.990416666667,18067.215360783957,18070.105360783957,18064.325360783958,False,False,False,-467.12999878674776
1,2024-04-02 18:35:00+00:00,2024-04-02,2024-04-02 20:00:00+00:00,88530,value_area_bounce,-1,4.889285714285246,18097.61,18099.79625,18093.338750000003,18102.56375,18068.42726250223,18070.871905359374,18065.98261964509,False,False,False,-682.054503836801
1,2024-04-02 18:42:00+00:00,2024-04-02,2024-04-02 20:00:00+00:00,88537,value_area_bounce,-1,6.084285714285476,18102.36,18099.875,18094.925000000003,18103.835,18068.808303074613,18071.850445931756,18065.76616021747,False,False,False,-382.5656926230227
1,2024-04-02 18:45:00+00:00,2024-04-02,2024-04-02 20:00:00+00:00,88540,value_area_bounce,-1,6.375714285714431,18090.36,18102.845,18094.925000000003,18103.835,18068.96047165572,18072.148328798576,18065.77261451286,False,False,False,-401.1745416368045
1,2024-04-02 18:50:00+00:00,2024-04-02,2024-04-02 20:00:00+00:00,88545,value_area_bounce,1,6.883571428571096,18095.75,18101.88354166667,18094.56604166667,18104.322708333333,18069.17403029825,18072.615816012538,18065.732244583964,False,False,False,1551.9417881680322
1,2024-04-02 19:14:00+00:00,2024-04-02,2024-04-02 20:00:00+00:00,88569,value_area_bounce,-1,7.745714285714452,18100.35,18099.278750000005,18087.77375,18105.03125,18071.035145709462,18074.90800285232,18067.162288566604,False,False,False,-2442.9296076949263
1,2024-04-02 19:15:00+00:00,2024-04-02,2024-04-02 20:00:00+00:00,88570,value_area_bounce,-1,7.380714285714411,18101.36,18099.278750000005,18087.77375,18103.113750000004,18071.107818838806,18074.79817598166,18067.41746169595,False,False,False,-3141.9403983898783
1,2024-04-02 19:17:00+00:00,2024-04-02,2024-04-02 20:00:00+00:00,88572,value_area_bounce,-1,7.6792857142856,18095.35,18101.19625,18087.77375,18103.113750000004,18071.22078732779,18075.060430184934,18067.381144470648,False,False,False,-2629.1869504125
1,2024-04-02 19:21:00+00:00,2024-04-02,2024-04-02 20:00:00+00:00,88576,value_area_bounce,-1,7.481428571428166,18101.370000000003,18101.19625,18087.77375,18103.113750000004,18071.42682925643,18075.167543542146,18067.686114970715,False,False,False,-14.158359990486076
1,2024-04-02 19:59:00+00:00,2024-04-02,2024-04-02 20:00:00+00:00,88614,value_area_bounce,-1,9.216428571427969,18145.5,18150.380833333333,18119.049166666668,18156.0775,18077.675816277067,18082.284030562783,18073.06760199135,False,False,False,-704.5134640102203
1,2024-04-03 13:31:00+00:00,2024-04-03,2024-04-03 20:00:00+00:00,89606,value_area_bounce,1,8.357142857143376,18077.19,18067.716875,18067.716875,18088.654375,18070.97992877347,18075.158500202044,18066.8013573449,False,False,False,5751.2625349925665
1,2024-04-03 13:32:00+00:00,2024-04-03,2024-04-03 20:00:00+00:00,89607,value_area_bounce,1,9.481428571429205,18084.56,18073.998125,18067.716875,18088.654375,18073.886811973898,18078.627526259614,18069.146097688183,False,False,False,7227.183639529437
1,2024-04-03 13:47:00+00:00,2024-04-03,2024-04-03 20:00:00+00:00,89622,value_area_bounce,1,11.650000000001455,18090.56,18089.548541666667,18074.553958333334,18089.548541666667,18082.300029782687,18088.12502978269,18076.475029782687,False,False,False,1609.8483633761275
1,2024-04-03 13:55:00+00:00,2024-04-03,2024-04-03 20:00:00+00:00,89630,value_area_bounce,-1,10.512142857143772,18088.33,18089.548541666667,18074.553958333334,18089.548541666667,18083.634852894687,18088.89092432326,18078.378781466115,False,False,False,-309.3567431780398
1,2024-04-03 14:00:00+00:00,2024-04-03,2024-04-03 20:00:00+00:00,89635,opening_range_breakout,1,13.327857142857413,18137.33,18089.548541666667,18074.553958333334,18089.548541666667,18086.13439614223,18092.79832471366,18079.4704675708,False,False,False,2504.1329453313797
1,2024-04-03 16:37:00+00:00,2024-04-03,2024-04-03 20:00:00+00:00,89792,value_area_bounce,-1,8.042142857143388,18223.07,18206.044374999998,18195.729375,18234.410625,18185.34214301842,18189.363214446992,18181.32107158985,False,False,False,-2903.2726920394475
1,2024-04-03 18:19:00+00:00,2024-04-03,2024-04-03 20:00:00+00:00,89894,value_area_bounce,1,5.304285714286119,18234.56,18234.904375000002,18232.770208333335,18241.306875000002,18197.296820978165,18199.948963835308,18194.64467812102,False,False,False,163.07874271836624
1,2024-04-03 18:34:00+00:00,2024-04-03,2024-04-03 20:00:00+00:00,89909,value_area_bounce,1,5.702142857143242,18229.08,18233.799375000002,18227.055625,18241.891875,18198.114654112374,18200.965725540947,18195.2635826838,False,False,False,622.0790705369471
1,2024-04-03 19:20:00+00:00,2024-04-03,2024-04-03 20:00:00+00:00,89955,value_area_bounce,1,14.992142857142555,18168.56,18210.606875,18164.425625000003,18241.394375000003,18197.302733776633,18204.798805205202,18189.806662348063,False,False,False,2422.3407504760544
1,2024-04-03 19:55:00+00:00,2024-04-03,2024-04-03 20:00:00+00:00,89990,value_area_bounce,-1,8.422857142857797,18174.710000000003,18150.700625000005,18142.72979166667,18178.598541666666,18194.193697917573,18198.405126489004,18189.982269346143,False,False,False,-2304.070358425897
1,2024-04-04 13:30:00+00:00,2024-04-04,2024-04-04 20:00:00+00:00,90985,value_area_bounce,-1,6.469285714285953,18354.88,18361.229791666665,18347.115208333336,18366.875625,18359.130000000005,18362.36464285715,18355.89535714286,False,False,False,-4622.91215304404
1,2024-04-04 13:39:00+00:00,2024-04-04,2024-04-04 20:00:00+00:00,90994,value_area_bounce,-1,11.413571428571752,18354.63,18359.052916666667,18354.041250000002,18366.57041666667,18365.974621978232,18371.68140769252,18360.267836263945,False,False,False,-582.7693669786545
1,2024-04-04 13:40:00+00:00,2024-04-04,2024-04-04 20:00:00+00:00,90995,value_area_bounce,1,11.82571428571464,18358.63,18359.838750000003,18354.963750000003,18367.151250000003,18365.22060672342,18371.133463866274,18359.307749580563,False,False,False,326.9008088090345
1,2024-04-04 13:42:00+00:00,2024-04-04,2024-04-04 20:00:00+00:00,90997,value_area_bounce,1,12.005000000000239,18363.0,18358.936458333337,18354.945625000004,18364.922708333335,18364.58813131448,18370.590631314477,18358.58563131448,False,False,False,18.12919188431397
1,2024-04-04 13:43:00+00:00,2024-04-04,2024-04-04 20:00:00+00:00,90998,value_area_bounce,-1,12.020714285714348,18361.25,18359.09354166667,18355.124375,18363.062708333335,18364.562767321022,18370.57312446388,18358.552410178163,False,False,False,-1328.1331472088832
1,2024-04-04 13:45:00+00:00,2024-04-04,2024-04-04 20:00:00+00:00,91000,value_area_bounce,-1,11.849999999999843,18358.370000000003,18359.685833333337,18356.04916666667,18363.322500000002,18364.007164242525,18369.932164242524,18358.082164242525,False,False,False,-2175.4709841231506
1,2024-04-04 13:46:00+00:00,2024-04-04,2024-04-04 20:00:00+00:00,91001,value_area_bounce,-1,12.047142857143106,18349.870000000003,18360.198125000003,18355.166875000003,18363.552291666667,18363.44119923908,18369.46477066765,18357.41762781051,False,False,False,-3663.649688297325
1,2024-04-04 13:48:00+00:00,2024-04-04,2024-04-04 20:00:00+00:00,91003,value_area_bounce,-1,12.480000000000084,18348.620000000003,18359.338750000003,18354.151250000003,18362.79708333334,18362.404653341622,18368.644653341624,18356.16465334162,False,False,False,-2100.708813719617
1,2024-04-04 14:00:00+00:00,2024-04-04,2024-04-04 20:00:00+00:00,91015,value_area_bounce,1,11.745714285714453,18346.75,18358.353333333333,18337.82,18368.620000000003,18354.970125315544,18360.842982458402,18349.097268172685,False,False,False,1916.724818619018
1,2024-04-04 16:57:00+00:00,2024-04-04,2024-04-04 20:00:00+00:00,91192,value_area_bounce,-1,4.6121428571430965,18371.890000000003,18371.539375,18368.204375,18377.375625,18343.005047072696,18345.311118501268,18340.698975644125,False,False,False,-660.4192731849537
1,2024-04-04 17:27:00+00:00,2024-04-04,2024-04-04 20:00:00+00:00,91222,value_area_bounce,1,4.147857142857122,18363.870000000003,18371.640000000003,18363.053333333337,18375.933333333334,18344.567232618814,18346.641161190244,18342.493304047384,False,False,False,133.62807585391926
1,2024-04-04 17:36:00+00:00,2024-04-04,2024-04-04 20:00:00+00:00,91231,value_area_bounce,1,4.441428571428593,18359.88,18366.730208333334,18358.702708333334,18373.419791666667,18344.858692247755,18347.07940653347,18342.63797796204,False,False,False,169.60368650272056
1,2024-04-04 17:37:00+00:00,2024-04-04,2024-04-04 20:00:00+00:00,91232,value_area_bounce,1,4.405000000000135,18362.76,18366.730208333334,18358.702708333334,18373.419791666667,18344.893875329977,18347.096375329977,18342.691375329978,False,False,False,832.1684428953818
1,2024-04-04 18:20:00+00:00,2024-04-04,2024-04-04 20:00:00+00:00,91275,value_area_bounce,1,16.74857142857166,18215.120000000003,18255.277291666665,18198.893958333334,18318.708541666667,18327.701877258485,18336.07616297277,18319.3275915442,False,False,False,2584.848470299502
1,2024-04-04 19:54:00+00:00,2024-04-04,2024-04-04 20:00:00+00:00,91369,value_area_bounce,1,17.63071428571389,17942.63,18002.919375,17935.914375,18014.086875,18177.49466400147,18186.310021144327,18168.679306858616,False,False,False,1338.5411545569796
1,2024-04-05 13:30:00+00:00,2024-04-05,2024-04-05 20:00:00+00:00,92365,value_area_bounce,1,12.48928571428639,17968.74,17968.045,17953.56166666667,17979.631666666668,17963.646666666667,17969.89130952381,17957.402023809525,False,False,False,5549.9174893281615
1,2024-04-05 13:41:00+00:00,2024-04-05,2024-04-05 20:00:00+00:00,92376,value_area_bounce,1,20.16142857142872,17973.730000000003,17964.146875000002,17949.928125000002,17978.365625000002,17962.35488233088,17972.435596616597,17952.274168045165,False,False,False,1029.5415912606281
1,2024-04-05 14:07:00+00:00,2024-04-05,2024-04-05 20:00:00+00:00,92402,value_area_bounce,-1,16.78857142857175,18008.47,17963.404791666668,17931.27729166667,18011.596041666668,17994.936685351713,18003.330971066,17986.542399637427,False,False,False,-795.1896461844149
1,2024-04-05 16:39:00+00:00,2024-04-05,2024-04-05 20:00:00+00:00,92554,value_area_bounce,1,10.073571428572384,18197.97,18181.761458333334,18179.646875,18196.563541666663,18070.36446803408,18075.401253748365,18065.327682319796,False,False,False,2224.1829931541884
1,2024-04-05 17:07:00+00:00,2024-04-05,2024-04-05 20:00:00+00:00,92582,value_area_bounce,-1,9.93000000000055,18187.97,18180.260833333334,18180.260833333334,18198.510833333334,18079.14559781286,18084.11059781286,18074.18059781286,False,False,False,-2559.4910164126377
1,2024-04-05 19:58:00+00:00,2024-04-05,2024-04-05 20:00:00+00:00,92753,value_area_bounce,-1,10.955000000000707,18129.230000000003,18115.300625000003,18107.424375000002,18131.053125000002,18099.85148634035,18105.32898634035,18094.37398634035,False,False,False,-3838.5050196857474
1,2024-04-05 19:59:00+00:00,2024-04-05,2024-04-05 20:00:00+00:00,92754,value_area_bounce,-1,11.34714285714342,18119.86,18118.820625,18109.17229166667,18130.881041666667,18100.01301674992,18105.68658817849,18094.339445321348,False,False,False,-9456.867372628034
1,2024-04-08 13:54:00+00:00,2024-04-08,2024-04-08 20:00:00+00:00,93754,value_area_bounce,-1,15.92428571428484,18127.77,18112.708749999998,18071.128749999996,18138.69625,18120.003597779738,18127.96574063688,18112.041454922597,False,False,False,-1559.9377712145335
1,2024-04-08 14:06:00+00:00,2024-04-08,2024-04-08 20:00:00+00:00,93766,value_area_bounce,-1,15.24999999999948,18122.53,18128.30125,18107.51125,18143.89375,18122.61832658683,18130.24332658683,18114.99332658683,False,False,False,-666.7934530540574
1,2024-04-08 15:39:00+00:00,2024-04-08,2024-04-08 20:00:00+00:00,93859,value_area_bounce,1,11.59714285714186,18145.92,18172.932500000003,18138.0825,18183.3875,18143.8721622405,18149.67073366907,18138.073590811928,False,False,False,1983.341762806765
1,2024-04-08 15:41:00+00:00,2024-04-08,2024-04-08 20:00:00+00:00,93861,value_area_bounce,1,11.471428571427428,18142.4,18172.932500000003,18141.5675,18183.3875,18143.856846423885,18149.5925607096,18138.12113213817,False,False,False,3298.7105565755273
1,2024-04-08 16:15:00+00:00,2024-04-08,2024-04-08 20:00:00+00:00,93895,value_area_bounce,1,9.248571428571138,18108.79,18121.495000000003,18106.975,18136.015,18140.782405521793,18145.40669123608,18136.158119807507,False,False,False,839.8907463812952
1,2024-04-08 17:54:00+00:00,2024-04-08,2024-04-08 20:00:00+00:00,93994,value_area_bounce,1,7.219285714285173,18123.27,18128.93625,18116.41875,18134.499583333334,18137.37012193909,18140.979764796233,18133.760479081946,False,False,False,1263.427765877772
1,2024-04-08 19:11:00+00:00,2024-04-08,2024-04-08 20:00:00+00:00,94071,value_area_bounce,-1,7.31000000000001,18135.78,18128.065625000003,18126.476875,18140.775625000002,18137.40437472438,18141.05937472438,18133.749374724383,False,False,False,-323.6549548365715
1,2024-04-08 19:38:00+00:00,2024-04-08,2024-04-08 20:00:00+00:00,94098,value_area_bounce,-1,6.661428571427417,18147.27,18137.914166666666,18131.120833333334,18148.104166666668,18137.65396748615,18140.98468177186,18134.323253200437,False,False,False,-2199.7704536786778
1,2024-04-08 19:40:00+00:00,2024-04-08,2024-04-08 20:00:00+00:00,94100,value_area_bounce,-1,6.341428571427189,18144.77,18137.914166666666,18131.120833333334,18148.104166666668,18137.679889926243,18140.850604211955,18134.50917564053,False,False,False,-1806.4351552292273
1,2024-04-08 19:41:00+00:00,2024-04-08,2024-04-08 20:00:00+00:00,94101,value_area_bounce,-1,7.433571428569849,18131.78,18137.914166666666,18131.120833333334,18148.104166666668,18137.675780485697,18141.392566199982,18133.958994771412,False,False,False,-2852.4003832565504
1,2024-04-08 19:52:00+00:00,2024-04-08,2024-04-08 20:00:00+00:00,94112,value_area_bounce,1,8.519285714284706,18130.27,18137.914166666666,18127.724166666667,18141.310833333333,18137.523105668486,18141.782748525628,18133.263462811345,False,False,False,1471.0242291783422
1,2024-04-08 19:59:00+00:00,2024-04-08,2024-04-08 20:00:00+00:00,94119,value_area_bounce,1,8.301428571427616,18127.67,18137.008125,18119.986875000002,18137.008125,18137.2112040672,18141.361918352915,18133.060489781485,False,False,False,2699.554293280088
1,2024-04-09 13:31:00+00:00,2024-04-09,2024-04-09 20:00:00+00:00,95111,value_area_bounce,-1,8.376428571428603,18220.91,18224.38541666667,18196.373750000002,18224.38541666667,18225.459320152,18229.647534437714,18221.271105866286,False,False,False,-3088.6468756174236
1,2024-04-09 13:33:00+00:00,2024-04-09,2024-04-09 20:00:00+00:00,95113,value_area_bounce,-1,10.501428571428862,18205.53,18224.03979166667,18200.990208333336,18228.230625000004,18223.539049314983,18228.789763600696,18218.28833502927,False,False,False,-3516.7698751879807
1,2024-04-09 14:02:00+00:00,2024-04-09,2024-04-09 20:00:00+00:00,95142,value_area_bounce,1,13.211428571428248,18198.9,18218.967083333333,18187.33291666667,18233.346250000002,18202.72565903696,18209.331373322675,18196.119944751248,False,False,False,4836.194405233089
1,2024-04-09 17:05:00+00:00,2024-04-09,2024-04-09 20:00:00+00:00,95325,value_area_bounce,1,10.724285714285672,18116.140000000003,18118.154791666668,18115.977708333332,18133.394375,18115.630714627732,18120.992857484875,18110.26857177059,False,False,False,3338.1552151904552
1,2024-04-09 17:21:00+00:00,2024-04-09,2024-04-09 20:00:00+00:00,95341,value_area_bounce,1,8.154999999999356,18122.4,18131.217291666668,18105.092291666668,18133.394375,18115.574552812264,18119.652052812264,18111.497052812265,False,False,False,1519.4265950255954
1,2024-04-09 17:51:00+00:00,2024-04-09,2024-04-09 20:00:00+00:00,95371,value_area_bounce,1,9.429999999999252,18105.890000000003,18107.785,18104.045,18120.875,18115.121581787713,18119.836581787713,18110.406581787713,False,False,False,1147.4171981267611
1,2024-04-09 18:35:00+00:00,2024-04-09,2024-04-09 20:00:00+00:00,95415,value_area_bounce,1,8.908571428570992,18094.4,18100.564166666667,18092.810833333333,18108.3175,18113.515741010804,18117.97002672509,18109.06145529652,False,False,False,1700.2510923875252
1,2024-04-09 18:50:00+00:00,2024-04-09,2024-04-09 20:00:00+00:00,95430,value_area_bounce,1,8.844999999999345,18082.9,18085.057500000003,18077.30416666667,18098.62583333333,18112.72670982719,18117.149209827192,18108.30420982719,False,False,False,995.2106048586929
1,2024-04-09 19:16:00+00:00,2024-04-09,2024-04-09 20:00:00+00:00,95456,value_area_bounce,1,9.54857142857145,18074.640000000003,18089.211875,18072.105625000004,18096.543125,18110.864231517255,18115.638517231542,18106.089945802967,False,False,False,2153.9837928143647
1,2024-04-09 19:17:00+00:00,2024-04-09,2024-04-09 20:00:00+00:00,95457,value_area_bounce,1,8.968571428571263,18077.9,18084.57875,18070.763750000002,18096.09125,18110.799130375075,18115.28341608936,18106.31484466079,False,False,False,2018.2807366155603
1,2024-04-09 19:39:00+00:00,2024-04-09,2024-04-09 20:00:00+00:00,95479,value_area_bounce,-1,13.879285714285547,18141.16,18091.046250000003,18051.70041666667,18152.87541666667,18112.709743426807,18119.64938628395,18105.770100569665,False,False,False,-2091.0409775385197
1,2024-04-10 13:30:00+00:00,2024-04-10,2024-04-10 20:00:00+00:00,96490,value_area_bounce,-1,15.713571428571024,17963.690000000002,17942.13354166667,17920.32104166667,17963.94604166667,17968.390000000003,17976.246785714287,17960.53321428572,False,False,False,-4427.123767556526
1,2024-04-10 13:41:00+00:00,2024-04-10,2024-04-10 20:00:00+00:00,96501,value_area_bounce,-1,23.38428571428553,18001.190000000002,17968.280000000002,17941.480000000003,18011.160000000003,17992.139644639545,18003.83178749669,17980.4475017824,False,False,False,-726.0164923058794
1,2024-04-10 13:42:00+00:00,2024-04-10,2024-04-10 20:00:00+00:00,96502,value_area_bounce,-1,24.241428571428383,17989.420000000002,17968.280000000002,17941.480000000003,18011.160000000003,17992.41534025936,18004.53605454507,17980.294625973645,False,False,False,-1979.9955958334303
1,2024-04-10 13:45:00+00:00,2024-04-10,2024-04-10 20:00:00+00:00,96505,value_area_bounce,-1,27.642857142856883,17967.690000000002,18006.021875,17943.913125,18022.960625,17993.653259777497,18007.474688348924,17979.83183120607,False,False,False,-6733.567298784368
1,2024-04-10 13:49:00+00:00,2024-04-10,2024-04-10 20:00:00+00:00,96509,value_area_bounce,-1,28.109999999999804,17959.920000000002,17960.851875,17898.743125,17989.083125,17987.866966092883,18001.921966092883,17973.811966092882,False,False,False,-7045.702331297205
1,2024-04-10 14:01:00+00:00,2024-04-10,2024-04-10 20:00:00+00:00,96521,value_area_bounce,-1,23.751428571427564,18007.190000000002,18003.856041666666,17967.65854166667,18021.954791666663,17997.051916104603,18008.927630390317,17985.17620181889,False,False,False,-10940.03673473889
1,2024-04-10 14:46:00+00:00,2024-04-10,2024-04-10 20:00:00+00:00,96566,value_area_bounce,-1,16.052857142856997,18015.18,18002.38479166667,17984.807708333334,18030.508125,18007.69375038834,18015.720178959768,17999.66732181691,False,False,False,-11619.029020618116
1,2024-04-10 17:14:00+00:00,2024-04-10,2024-04-10 20:00:00+00:00,96714,value_area_bounce,1,16.205714285714098,17978.690000000002,17992.674375000002,17967.185625000002,18014.521875,17999.36436989506,18007.467227037916,17991.2615127522,False,False,False,1903.5487045280386
1,2024-04-10 17:17:00+00:00,2024-04-10,2024-04-10 20:00:00+00:00,96717,value_area_bounce,1,12.403571428571272,17984.190000000002,17992.674375000002,17967.185625000002,18014.521875,17999.14053305498,18005.342318769264,17992.938747340693,False,False,False,1964.95415704599
1,2024-04-10 17:28:00+00:00,2024-04-10,2024-04-10 20:00:00+00:00,96728,value_area_bounce,-1,16.93357142857141,18031.43,18047.89041666667,17980.15291666667,18047.89041666667,18000.872796337364,18009.33958205165,17992.40601062308,False,False,False,-1773.0028026006207
1,2024-04-10 18:22:00+00:00,2024-04-10,2024-04-10 20:00:00+00:00,96782,value_area_bounce,-1,16.288571428570453,17988.050000000003,17978.30125,17958.980416666665,18009.214583333334,17999.14157395174,18007.285859666026,17990.997288237453,False,False,False,-1675.3626312925371
1,2024-04-10 19:30:00+00:00,2024-04-10,2024-04-10 20:00:00+00:00,96850,value_area_bounce,-1,15.08714285714268,18001.190000000002,18005.784375000003,17959.598125000004,18014.181875000002,17998.57524091863,18006.118812347202,17991.03166949006,False,False,False,-6021.584628522058
1,2024-04-10 19:50:00+00:00,2024-04-10,2024-04-10 20:00:00+00:00,96870,value_area_bounce,-1,13.100714285713755,18032.17,18022.255624999998,17986.665625,18044.499375,17999.396509579048,18005.946866721904,17992.846152436192,False,False,False,-2087.740920225905
1,2024-04-10 19:52:00+00:00,2024-04-10,2024-04-10 20:00:00+00:00,96872,value_area_bounce,-1,13.127857142856167,18032.17,18022.255624999998,17986.665625,18035.601875,17999.570303480352,18006.13423205178,17993.006374908924,False,False,False,-2665.7724085331156
1,2024-04-10 19:55:00+00:00,2024-04-10,2024-04-10 20:00:00+00:00,96875,value_area_bounce,-1,13.395714285713309,18035.18,18031.153125,18000.011875000004,18044.499375,17999.847539028815,18006.54539617167,17993.14968188596,False,False,False,-2177.495537170924
1,2024-04-11 13:30:00+00:00,2024-04-11,2024-04-11 20:00:00+00:00,97870,value_area_bounce,-1,8.68428571428558,18100.31,18081.195625,18048.99979166667,18100.513125,18101.89,18106.23214285714,18097.547857142858,False,False,False,-1886.9166706235947
1,2024-04-11 13:38:00+00:00,2024-04-11,2024-04-11 20:00:00+00:00,97878,value_area_bounce,1,16.732142857143117,18097.81,18081.436875,18081.436875,18102.393541666668,18093.1112831558,18101.47735458437,18084.745211727226,False,False,False,5194.86895540627
1,2024-04-11 13:39:00+00:00,2024-04-11,2024-04-11 20:00:00+00:00,97879,value_area_bounce,-1,17.812142857143044,18078.79,18080.567291666666,18065.449791666666,18100.723958333332,18092.4214708674,18101.32754229597,18083.51539943883,False,False,False,-2068.3300281388415
1,2024-04-11 13:41:00+00:00,2024-04-11,2024-04-11 20:00:00+00:00,97881,value_area_bounce,1,19.767142857142712,18095.550000000003,18081.533125,18081.533125,18102.443124999998,18091.09126936065,18100.974840789222,18081.20769793208,False,False,False,4654.691423766872
1,2024-04-11 13:45:00+00:00,2024-04-11,2024-04-11 20:00:00+00:00,97885,value_area_bounce,1,19.187142857142785,18099.04,18091.988125,18081.533125,18105.056875000002,18090.57138046487,18100.16495189344,18080.9778090363,False,False,False,3780.658312475524
1,2024-04-11 13:46:00+00:00,2024-04-11,2024-04-11 20:00:00+00:00,97886,value_area_bounce,-1,18.948571428571086,18080.800000000003,18091.988125,18081.533125,18105.056875000002,18090.45977320629,18099.934058920575,18080.985487492006,False,False,False,-2066.2857867741272
1,2024-04-11 13:48:00+00:00,2024-04-11,2024-04-11 20:00:00+00:00,97888,value_area_bounce,1,18.58142857142827,18086.550000000003,18091.988125,18084.146875,18105.056875000002,18089.98771012911,18099.278424414824,18080.696995843395,False,False,False,1732.568547249899
1,2024-04-11 13:49:00+00:00,2024-04-11,2024-04-11 20:00:00+00:00,97889,value_area_bounce,1,18.314285714285557,18091.550000000003,18091.988125,18084.146875,18105.056875000002,18089.916920032985,18099.07406289013,18080.75977717584,False,False,False,7004.77364223598
1,2024-04-11 13:50:00+00:00,2024-04-11,2024-04-11 20:00:00+00:00,97890,value_area_bounce,1,17.51214285714273,18095.79,18091.988125,18084.146875,18105.056875000002,18090.02207290477,18098.77814433334,18081.266001476197,False,False,False,5223.893682484284
1,2024-04-11 13:56:00+00:00,2024-04-11,2024-04-11 20:00:00+00:00,97896,value_area_bounce,-1,16.226428571428446,18087.68,18091.988125,18084.146875,18105.056875000002,18091.22619290997,18099.339407195683,18083.112978624256,False,False,False,-2580.3556906439253
1,2024-04-11 14:00:00+00:00,2024-04-11,2024-04-11 20:00:00+00:00,97900,value_area_bounce,-1,15.832857142856872,18080.54,18091.988125,18086.760625000003,18105.056875000002,18091.594198282637,18099.510626854066,18083.67776971121,False,False,False,-2629.7944634963355
1,2024-04-11 15:16:00+00:00,2024-04-11,2024-04-11 20:00:00+00:00,97976,value_area_bounce,-1,10.698571428571345,18101.56,18084.419166666667,18068.3775,18103.669166666667,18077.095755204104,18082.44504091839,18071.74646948982,False,False,False,-1279.7107378927212
1,2024-04-11 15:44:00+00:00,2024-04-11,2024-04-11 20:00:00+00:00,98004,value_area_bounce,-1,10.478571428570701,18096.04,18095.262499999997,18081.3525,18102.2175,18079.76737191906,18085.006657633345,18074.528086204777,False,False,False,-2560.4302759482407
1,2024-04-11 16:57:00+00:00,2024-04-11,2024-04-11 20:00:00+00:00,98077,value_area_bounce,-1,6.13071428571467,18146.300000000003,18142.101875,18140.633125,18150.914375,18091.71476185064,18094.780118993494,18088.649404707783,False,False,False,-1411.306841778435
1,2024-04-11 17:00:00+00:00,2024-04-11,2024-04-11 20:00:00+00:00,98080,value_area_bounce,-1,7.119285714286109,18146.050000000003,18140.633125,18140.633125,18150.914375,18092.092862478243,18095.652505335387,18088.5332196211,False,False,False,-1795.1408880844615
1,2024-04-11 17:01:00+00:00,2024-04-11,2024-04-11 20:00:00+00:00,98081,value_area_bounce,1,8.60857142857198,18152.93,18140.633125,18140.633125,18150.914375,18092.327592730864,18096.63187844515,18088.023307016578,False,False,False,420.72543263903117
1,2024-04-11 17:03:00+00:00,2024-04-11,2024-04-11 20:00:00+00:00,98083,value_area_bounce,1,10.797142857143626,18169.19,18147.976875,18140.633125,18150.914375,18092.90101025323,18098.2995816818,18087.50243882466,False,False,False,1717.5994277747914
1,2024-04-11 18:17:00+00:00,2024-04-11,2024-04-11 20:00:00+00:00,98157,value_area_bounce,-1,9.514999999999418,18314.04,18314.53145833333,18261.955625,18318.286874999998,18124.42711944169,18129.18461944169,18119.66961944169,False,False,False,-551.6492110978111
1,2024-04-11 18:48:00+00:00,2024-04-11,2024-04-11 20:00:00+00:00,98188,value_area_bounce,-1,7.271428571428779,18330.81,18314.946875,18269.777291666665,18335.794374999998,18134.95086219852,18138.586576484235,18131.315147912803,False,False,False,-1415.34675769997
1,2024-04-11 19:16:00+00:00,2024-04-11,2024-04-11 20:00:00+00:00,98216,value_area_bounce,1,7.595714285715076,18332.050000000003,18339.030625,18327.360625,18344.865625,18143.775267351266,18147.573124494123,18139.97741020841,False,False,False,430.08414854438854
1,2024-04-11 19:27:00+00:00,2024-04-11,2024-04-11 20:00:00+00:00,98227,value_area_bounce,-1,7.539285714285662,18335.92,18322.984375,18317.149375,18339.030625,18146.74004461798,18150.509687475125,18142.97040176084,False,False,False,-1297.8549426191357
1,2024-04-11 19:50:00+00:00,2024-04-11,2024-04-11 20:00:00+00:00,98250,value_area_bounce,-1,6.9378571428585145,18335.79,18340.373750000002,18328.92291666667,18348.552916666667,18153.91489438035,18157.38382295178,18150.445965808918,False,False,False,-1467.5302425178259
1,2024-04-12 13:37:00+00:00,2024-04-12,2024-04-12 20:00:00+00:00,99257,value_area_bounce,-1,13.464285714286234,18142.75,18140.781250000004,18127.652083333334,18148.658750000002,18145.65831701553,18152.390459872673,18138.92617415839,False,False,False,-10066.798787661957
1,2024-04-12 13:38:00+00:00,2024-04-12,2024-04-12 20:00:00+00:00,99258,value_area_bounce,-1,14.21214285714346,18135.13,18140.781250000004,18132.903750000005,18148.658750000002,18145.204857006924,18152.310928435494,18138.098785578353,False,False,False,-7888.806858950192
1,2024-04-12 13:43:00+00:00,2024-04-12,2024-04-12 20:00:00+00:00,99263,value_area_bounce,1,14.772142857142951,18150.25,18140.781250000004,18135.529583333337,18148.658750000002,18144.966240268874,18152.352311697447,18137.5801688403,False,False,False,6501.218468122226
1,2024-04-12 14:00:00+00:00,2024-04-12,2024-04-12 20:00:00+00:00,99280,value_area_bounce,1,13.216428571429008,18167.370000000003,18145.93229166667,18140.241458333338,18165.850208333337,18152.59945067286,18159.207664958576,18145.991236387144,False,False,False,4285.415611825446
1,2024-04-12 14:02:00+00:00,2024-04-12,2024-04-12 20:00:00+00:00,99282,value_area_bounce,-1,14.805714285714462,18142.11,18145.93229166667,18140.241458333338,18163.004791666666,18152.84520335133,18160.24806049419,18145.442346208474,False,False,False,-1999.8859092767862
1,2024-04-12 18:42:00+00:00,2024-04-12,2024-04-12 20:00:00+00:00,99562,value_area_bounce,1,11.87428571428583,17998.63,18001.463750000003,17997.088750000003,18021.151250000003,18070.423870754166,18076.36101361131,18064.486727897023,False,False,False,73.58754797181427
1,2024-04-15 13:30:00+00:00,2024-04-15,2024-04-15 20:00:00+00:00,100615,value_area_bounce,-1,8.837857142857112,18159.03,18188.596875000003,18174.433125000003,18188.596875000003,18165.503333333334,18169.92226190476,18161.084404761907,False,False,False,-4692.5440517403285
1,2024-04-15 13:39:00+00:00,2024-04-15,2024-04-15 20:00:00+00:00,100624,value_area_bounce,1,14.451428571428291,18141.04,18187.333333333336,18135.06666666667,18198.533333333333,18139.849036407733,18147.074750693446,18132.62332212202,False,False,False,2658.4838798026835
1,2024-04-15 13:45:00+00:00,2024-04-15,2024-04-15 20:00:00+00:00,100630,value_area_bounce,-1,13.46785714285761,18148.67,18157.466666666667,18112.66666666667,18164.933333333334,18144.203030377914,18150.936958949344,18137.469101806484,False,False,False,-4235.684662991824
1,2024-04-15 13:50:00+00:00,2024-04-15,2024-04-15 20:00:00+00:00,100635,value_area_bounce,-1,14.779285714285963,18151.800000000003,18153.733333333337,18112.66666666667,18164.933333333334,18144.501815482523,18151.891458339665,18137.11217262538,False,False,False,-1434.7100040886662
1,2024-04-15 17:10:00+00:00,2024-04-15,2024-04-15 20:00:00+00:00,100835,value_area_bounce,-1,10.26142857142908,17953.670000000002,17953.855000000003,17940.805,17971.255,18066.303179206952,18071.433893492667,18061.172464921237,False,False,False,-1037.9822667402261
1,2024-04-15 17:52:00+00:00,2024-04-15,2024-04-15 20:00:00+00:00,100877,value_area_bounce,1,17.997142857143313,17760.18,17774.645,17732.231666666667,17870.075,18011.422803480906,18020.421374909478,18002.424232052334,False,False,False,633.474257740485
1,2024-04-15 19:00:00+00:00,2024-04-15,2024-04-15 20:00:00+00:00,100945,value_area_bounce,1,11.647857142858161,17741.420000000002,17739.768125000002,17727.913125,17757.550625000003,17955.84446350763,17961.66839207906,17950.0205349362,False,False,False,401.01813542219134
1,2024-04-15 19:41:00+00:00,2024-04-15,2024-04-15 20:00:00+00:00,100986,value_area_bounce,-1,12.607142857143376,17729.280000000002,17721.315833333334,17716.17916666667,17736.725833333338,17932.736806131263,17939.040377559835,17926.43323470269,False,False,False,-1691.6432122128153
1,2024-04-16 13:35:00+00:00,2024-04-16,2024-04-16 20:00:00+00:00,102000,value_area_bounce,-1,14.89714285714321,17718.06,17718.28125,17703.543749999997,17741.86125,17724.083742464194,17731.532313892767,17716.63517103562,False,False,False,-498.3630392582809
1,2024-04-16 13:39:00+00:00,2024-04-16,2024-04-16 20:00:00+00:00,102004,value_area_bounce,-1,19.200714285715158,17718.06,17717.710208333334,17692.053541666668,17733.745625000003,17721.31832426229,17730.91868140515,17711.71796711943,False,False,False,-13109.147496317039
1,2024-04-16 13:41:00+00:00,2024-04-16,2024-04-16 20:00:00+00:00,102006,value_area_bounce,1,20.529285714286225,17724.07,17723.91,17723.91,17752.59,17721.44848010579,17731.713122962934,17711.18383724865,False,False,False,96.88558421256721
1,2024-04-16 13:42:00+00:00,2024-04-16,2024-04-16 20:00:00+00:00,102007,value_area_bounce,1,20.90714285714343,17725.83,17723.91,17717.536666666667,17736.65666666667,17721.544375997084,17731.997947425654,17711.090804568514,False,False,False,6782.780153514492
1,2024-04-16 13:43:00+00:00,2024-04-16,2024-04-16 20:00:00+00:00,102008,value_area_bounce,-1,22.26571428571489,17703.960000000003,17723.91,17717.536666666667,17733.47,17721.030171342176,17732.163028485033,17709.89731419932,False,False,True,-336.7613997176045
1,2024-04-16 13:50:00+00:00,2024-04-16,2024-04-16 20:00:00+00:00,102015,value_area_bounce,1,20.452857142857674,17724.83,17724.3125,17713.927499999998,17748.544166666667,17714.691254107373,17724.917682678803,17704.464825535943,False,False,False,3755.9520029448718
1,2024-04-16 14:23:00+00:00,2024-04-16,2024-04-16 20:00:00+00:00,102048,value_area_bounce,-1,15.618571428571158,17737.08,17725.206250000003,17679.84791666667,17747.885416666668,17730.97300765165,17738.782293365934,17723.163721937366,False,False,False,-5573.463820623702
1,2024-04-16 14:25:00+00:00,2024-04-16,2024-04-16 20:00:00+00:00,102050,value_area_bounce,-1,15.698571428571086,17737.08,17725.206250000003,17679.84791666667,17747.885416666668,17731.3586180173,17739.207903731585,17723.509332303016,False,False,False,-8504.445108319305
1,2024-04-16 16:29:00+00:00,2024-04-16,2024-04-16 20:00:00+00:00,102174,value_area_bounce,-1,9.97214285714342,17756.33,17759.7575,17744.365833333337,17772.070833333335,17735.29805215137,17740.284123579942,17730.3119807228,False,False,False,-970.7172626548622
1,2024-04-16 16:45:00+00:00,2024-04-16,2024-04-16 20:00:00+00:00,102190,value_area_bounce,1,9.938571428570867,17757.58,17759.7575,17753.600833333334,17772.070833333335,17736.47757414336,17741.446859857642,17731.508288429075,False,False,False,360.40667094159664
1,2024-04-16 16:56:00+00:00,2024-04-16,2024-04-16 20:00:00+00:00,102201,value_area_bounce,-1,10.043571428570951,17763.82,17767.647500000003,17755.272500000003,17767.647500000003,17737.56932268685,17742.591108401135,17732.547536972565,False,False,False,-3148.560028459158
1,2024-04-16 17:00:00+00:00,2024-04-16,2024-04-16 20:00:00+00:00,102205,value_area_bounce,-1,9.904999999999875,17764.83,17759.5625,17757.947500000002,17769.252500000002,17737.88207297271,17742.834572972708,17732.92957297271,False,False,False,-1991.3201954250408
1,2024-04-16 17:01:00+00:00,2024-04-16,2024-04-16 20:00:00+00:00,102206,value_area_bounce,-1,9.947857142856915,17758.08,17767.637500000004,17757.947500000002,17769.252500000002,17737.958732839143,17742.93266141057,17732.984804267715,False,False,False,-2420.039940898938
1,2024-04-16 17:10:00+00:00,2024-04-16,2024-04-16 20:00:00+00:00,102215,value_area_bounce,-1,11.854285714285911,17768.08,17759.838125000002,17752.563125,17768.931875000002,17738.62301640859,17744.550159265735,17732.695873551445,False,False,False,-1013.3328017732714
1,2024-04-16 17:11:00+00:00,2024-04-16,2024-04-16 20:00:00+00:00,102216,value_area_bounce,-1,11.683571428571408,17768.08,17768.931875000002,17752.563125,17768.931875000002,17738.714316144706,17744.55610185899,17732.87253043042,False,False,False,-109.56489229211923
1,2024-04-16 17:14:00+00:00,2024-04-16,2024-04-16 20:00:00+00:00,102219,value_area_bounce,-1,12.60357142857174,17768.710000000003,17768.931875000002,17752.563125,17768.931875000002,17738.986677593817,17745.288463308105,17732.68489187953,False,False,False,-1337.8952663379664
1,2024-04-16 17:15:00+00:00,2024-04-16,2024-04-16 20:00:00+00:00,102220,value_area_bounce,-1,12.666428571428956,17761.82,17768.931875000002,17758.019375000003,17774.388125,17739.06796284949,17745.401177135205,17732.734748563777,False,False,False,-1650.9026672260932
1,2024-04-16 17:21:00+00:00,2024-04-16,2024-04-16 20:00:00+00:00,102226,value_area_bounce,-1,11.894285714285745,17766.57,17758.019375000003,17752.563125,17770.750625,17739.70404161877,17745.65118447591,17733.75689876163,False,False,False,-564.259164924847
1,2024-04-16 17:29:00+00:00,2024-04-16,2024-04-16 20:00:00+00:00,102234,value_area_bounce,-1,12.378571428571117,17756.08,17768.931875000002,17759.838125000002,17774.388125,17740.473969525934,17746.66325524022,17734.28468381165,False,False,False,-774.2401255331221
1,2024-04-16 17:35:00+00:00,2024-04-16,2024-04-16 20:00:00+00:00,102240,value_area_bounce,1,24.93428571428532,17741.82,17769.827083333337,17723.018750000003,17783.869583333337,17738.646962477887,17751.11410533503,17726.179819620746,False,False,False,6128.951964481819
1,2024-04-16 17:38:00+00:00,2024-04-16,2024-04-16 20:00:00+00:00,102243,value_area_bounce,1,30.023571428571294,17749.82,17769.827083333337,17737.061250000002,17783.869583333337,17738.8320221509,17753.843807865185,17723.82023643661,False,False,False,7268.438966876457
1,2024-04-16 17:39:00+00:00,2024-04-16,2024-04-16 20:00:00+00:00,102244,value_area_bounce,1,30.807857142856978,17741.95,17769.827083333337,17737.061250000002,17779.18875,17738.83125149767,17754.2351800691,17723.427322926244,False,False,False,5224.55941511102
1,2024-04-16 17:40:00+00:00,2024-04-16,2024-04-16 20:00:00+00:00,102245,value_area_bounce,1,32.51357142857133,17763.440000000002,17769.827083333337,17737.061250000002,17779.18875,17739.007623309666,17755.264409023952,17722.75083759538,False,False,False,5328.141555989834
1,2024-04-16 17:54:00+00:00,2024-04-16,2024-04-16 20:00:00+00:00,102259,value_area_bounce,1,21.698571428571604,17737.06,17759.686875,17727.215625000004,17782.880625,17739.213946438842,17750.063232153127,17728.364660724557,False,False,False,109.46808412313669
1,2024-04-16 18:15:00+00:00,2024-04-16,2024-04-16 20:00:00+00:00,102280,value_area_bounce,-1,21.33071428571488,17758.2,17733.88354166667,17712.70229166667,17762.125208333335,17742.152776938598,17752.818134081455,17731.48741979574,False,False,False,-11746.285458726366
1,2024-04-16 18:25:00+00:00,2024-04-16,2024-04-16 20:00:00+00:00,102290,value_area_bounce,1,21.79785714285702,17741.460000000003,17759.92375,17729.03625,17766.10125,17741.86673567591,17752.765664247338,17730.967807104484,False,False,False,3842.286204174199
1,2024-04-16 19:45:00+00:00,2024-04-16,2024-04-16 20:00:00+00:00,102370,value_area_bounce,1,14.057142857143585,17775.58,17793.628333333334,17763.26166666667,17796.665,17746.4607434429,17753.489314871473,17739.43217201433,False,False,False,1539.6047700902914
1,2024-04-17 13:35:00+00:00,2024-04-17,2024-04-17 20:00:00+00:00,103380,value_area_bounce,1,13.982142857142597,17798.27,17801.109375000004,17786.891875,17801.109375000004,17797.11601007814,17804.107081506714,17790.12493864957,False,False,False,6709.053035145706
1,2024-04-17 13:45:00+00:00,2024-04-17,2024-04-17 20:00:00+00:00,103390,value_area_bounce,1,15.129285714285547,17798.66,17790.404583333337,17785.81291666667,17801.88375,17795.649948451293,17803.214591308435,17788.08530559415,False,False,False,5837.8997990558055
1,2024-04-17 14:02:00+00:00,2024-04-17,2024-04-17 20:00:00+00:00,103407,opening_range_breakout,-1,15.813571428570867,17723.260000000002,17799.933125000003,17763.854375000003,17823.985625,17775.61835344366,17783.525139157944,17767.711567729377,False,False,False,-5409.809880744871
1,2024-04-17 14:25:00+00:00,2024-04-17,2024-04-17 20:00:00+00:00,103430,value_area_bounce,1,15.789999999999575,17703.030000000002,17792.622083333335,17700.359583333335,17798.77291666667,17744.3115849858,17752.2065849858,17736.4165849858,False,False,False,3632.4219963724395
1,2024-04-17 15:01:00+00:00,2024-04-17,2024-04-17 20:00:00+00:00,103466,value_area_bounce,1,18.37428571428609,17697.780000000002,17696.841458333332,17684.667708333334,17709.015208333334,17723.694224224942,17732.881367082085,17714.5070813678,False,False,False,5385.450764655379
1,2024-04-17 16:10:00+00:00,2024-04-17,2024-04-17 20:00:00+00:00,103535,value_area_bounce,1,13.722857142856551,17560.030000000002,17596.99354166667,17549.26729166667,17612.90229166667,17689.372510008227,17696.233938579655,17682.511081436798,False,False,False,1639.0666546280875
1,2024-04-17 17:17:00+00:00,2024-04-17,2024-04-17 20:00:00+00:00,103602,value_area_bounce,-1,15.315714285713641,17538.530000000002,17539.40625,17507.94625,17547.27125,17652.56990122639,17660.22775836925,17644.912044083532,False,False,False,-978.116882656569
1,2024-04-17 18:14:00+00:00,2024-04-17,2024-04-17 20:00:00+00:00,103659,value_area_bounce,-1,13.162142857143408,17574.030000000002,17575.270208333335,17556.857291666667,17588.42229166667,17642.0418434811,17648.622914909673,17635.460772052527,False,False,False,-1799.9570092473036
1,2024-04-17 18:19:00+00:00,2024-04-17,2024-04-17 20:00:00+00:00,103664,value_area_bounce,-1,14.555714285714723,17575.77,17576.55125,17560.32875,17588.13875,17640.943440609182,17648.22129775204,17633.665583466325,False,False,False,-1389.3273437270382
1,2024-04-17 18:21:00+00:00,2024-04-17,2024-04-17 20:00:00+00:00,103666,value_area_bounce,1,14.705000000000448,17566.280000000002,17576.55125,17560.32875,17588.13875,17640.525024357084,17647.877524357085,17633.172524357084,False,False,False,692.9993613644865
1,2024-04-17 18:22:00+00:00,2024-04-17,2024-04-17 20:00:00+00:00,103667,value_area_bounce,1,14.48357142857172,17570.77,17576.55125,17560.32875,17588.13875,17640.322482127536,17647.564267841823,17633.08069641325,False,False,False,58.46554055548097
1,2024-04-17 18:29:00+00:00,2024-04-17,2024-04-17 20:00:00+00:00,103674,value_area_bounce,-1,14.737857142857267,17567.9,17569.59875,17551.058750000004,17588.13875,17639.1889900775,17646.557918648927,17631.82006150607,False,False,False,-1644.6852900165834
1,2024-04-17 18:35:00+00:00,2024-04-17,2024-04-17 20:00:00+00:00,103680,value_area_bounce,1,12.586428571427989,17559.91,17569.59875,17551.058750000004,17588.13875,17638.14961317333,17644.442827459043,17631.856398887616,False,False,False,1169.9983041149694
1,2024-04-17 18:38:00+00:00,2024-04-17,2024-04-17 20:00:00+00:00,103683,value_area_bounce,1,13.28214285714239,17564.02,17568.448333333334,17555.665,17588.901666666665,17637.488498823914,17644.129570252484,17630.847427395343,False,False,False,2862.3745000032377
1,2024-04-17 18:52:00+00:00,2024-04-17,2024-04-17 20:00:00+00:00,103697,value_area_bounce,-1,18.178571428571427,17589.52,17569.505833333336,17555.680833333332,17592.5475,17636.590981804435,17645.68026751872,17627.50169609015,False,False,False,-4849.27010581528
1,2024-04-17 19:41:00+00:00,2024-04-17,2024-04-17 20:00:00+00:00,103746,value_area_bounce,1,15.362142857142057,17525.260000000002,17528.581250000003,17513.95375,17548.084583333337,17623.661584149064,17631.342655577635,17615.980512720493,False,False,False,365.8899131983237
1,2024-04-17 19:51:00+00:00,2024-04-17,2024-04-17 20:00:00+00:00,103756,value_area_bounce,-1,15.660714285713246,17537.530000000002,17532.170625000002,17526.743125,17545.739375,17621.852247094666,17629.68260423752,17614.02188995181,False,False,False,-4496.230926513437
1,2024-04-17 19:55:00+00:00,2024-04-17,2024-04-17 20:00:00+00:00,103760,value_area_bounce,-1,14.92857142857039,17538.77,17532.170625000002,17521.315625000003,17548.453125,17621.03572844132,17628.500014155605,17613.571442727032,False,False,False,-3768.7959454229476
1,2024-04-17 19:56:00+00:00,2024-04-17,2024-04-17 20:00:00+00:00,103761,value_area_bounce,-1,15.035714285713246,17532.27,17532.170625000002,17507.746875000004,17543.025625000002,17620.8290542534,17628.346911396256,17613.311197110546,False,False,False,-3092.910774773929
1,2024-04-18 17:28:00+00:00,2024-04-18,2024-04-18 20:00:00+00:00,104993,value_area_bounce,1,14.463571428571802,17431.710000000003,17474.814375,17426.984375,17492.750625,17510.801550378656,17518.03333609294,17503.56976466437,False,False,False,325.3614963839973
1,2024-04-18 18:03:00+00:00,2024-04-18,2024-04-18 20:00:00+00:00,105028,value_area_bounce,1,11.554285714285859,17417.82,17435.049166666668,17413.34416666667,17437.460833333334,17502.019875419133,17507.797018276277,17496.24273256199,False,False,False,1486.7885184115821
1,2024-04-18 18:13:00+00:00,2024-04-18,2024-04-18 20:00:00+00:00,105038,value_area_bounce,1,13.386428571428562,17420.81,17410.33,17404.33,17431.33,17499.13228803417,17505.825502319884,17492.439073748454,False,False,False,3650.794106097882
1,2024-04-18 18:28:00+00:00,2024-04-18,2024-04-18 20:00:00+00:00,105053,value_area_bounce,-1,13.595714285714555,17421.56,17408.11125,17386.382083333338,17429.840416666666,17496.66791571666,17503.46577285952,17489.870058573804,False,False,False,-1162.8496951173875
1,2024-04-18 18:30:00+00:00,2024-04-18,2024-04-18 20:00:00+00:00,105055,value_area_bounce,-1,12.970000000000384,17419.06,17408.11125,17386.382083333338,17429.840416666666,17496.181946788434,17502.666946788435,17489.696946788434,False,False,False,-948.459276464753
1,2024-04-18 19:52:00+00:00,2024-04-18,2024-04-18 20:00:00+00:00,105137,value_area_bounce,-1,10.235714285714234,17432.32,17426.559375000004,17420.480625000004,17438.716875000002,17483.434373687003,17488.55223082986,17478.316516544146,False,False,False,-2851.529426602797
1,2024-04-18 19:57:00+00:00,2024-04-18,2024-04-18 20:00:00+00:00,105142,value_area_bounce,1,12.795714285714505,17415.06,17428.058125000003,17412.125625,17438.67979166667,17482.199160093085,17488.59701723594,17475.80130295023,False,False,False,2734.212027441157
1,2024-04-19 13:31:00+00:00,2024-04-19,2024-04-19 20:00:00+00:00,106136,value_area_bounce,1,14.387142857142473,17344.9,17343.07416666667,17343.07416666667,17368.61916666667,17338.790326922717,17345.98389835129,17331.596755494145,False,False,False,2911.8117498923875
1,2024-04-19 13:32:00+00:00,2024-04-19,2024-04-19 20:00:00+00:00,106137,value_area_bounce,1,15.879285714285029,17356.66,17344.668541666666,17333.717291666668,17366.57104166667,17341.873660639085,17349.813303496227,17333.934017781943,False,False,False,10857.492313811064
1,2024-04-19 13:41:00+00:00,2024-04-19,2024-04-19 20:00:00+00:00,106146,value_area_bounce,1,24.05428571428456,17335.780000000002,17345.44729166667,17333.401041666668,17377.570625,17331.841347089794,17343.868489946937,17319.81420423265,False,False,False,2316.465990225776
1,2024-04-19 13:42:00+00:00,2024-04-19,2024-04-19 20:00:00+00:00,106147,value_area_bounce,1,23.33142857142723,17345.04,17345.140625,17333.174375000002,17385.028124999997,17332.27997852204,17343.945692807756,17320.614264236327,False,False,False,5278.106830159913
1,2024-04-19 13:43:00+00:00,2024-04-19,2024-04-19 20:00:00+00:00,106148,value_area_bounce,1,23.179999999998472,17347.52,17344.958541666667,17333.03979166667,17380.71479166667,17332.995257741364,17344.585257741364,17321.405257741364,False,False,False,11301.407754294358
1,2024-04-19 14:06:00+00:00,2024-04-19,2024-04-19 20:00:00+00:00,106171,value_area_bounce,1,16.410714285713247,17320.91,17337.331875,17319.100625,17355.563125,17332.55643171504,17340.761788857893,17324.351074572183,False,False,False,350.6203312080481
1,2024-04-19 15:37:00+00:00,2024-04-19,2024-04-19 20:00:00+00:00,106262,value_area_bounce,1,12.947142857142223,17200.140000000003,17244.017708333333,17187.652708333335,17244.017708333333,17278.49079192786,17284.96436335643,17272.01722049929,False,False,False,1366.8275448009604
1,2024-04-19 17:15:00+00:00,2024-04-19,2024-04-19 20:00:00+00:00,106360,value_area_bounce,-1,13.004285714284768,17149.65,17159.276458333337,17092.94979166667,17163.421875000004,17236.739858537618,17243.24200139476,17230.237715680476,False,False,False,-2978.761809278907
1,2024-04-19 17:56:00+00:00,2024-04-19,2024-04-19 20:00:00+00:00,106401,value_area_bounce,-1,14.914285714285663,17156.52,17159.4525,17141.827500000003,17173.5525,17226.75736191566,17234.214504772805,17219.300219058518,False,False,False,-3236.515216729429
1,2024-04-19 19:01:00+00:00,2024-04-19,2024-04-19 20:00:00+00:00,106466,value_area_bounce,1,18.646428571428,17015.41,17024.655000000002,17001.655000000002,17093.655000000002,17193.834942289013,17203.158156574726,17184.5117280033,False,False,False,4376.465277091611
1,2024-04-19 19:05:00+00:00,2024-04-19,2024-04-19 20:00:00+00:00,106470,value_area_bounce,1,17.160714285713507,17012.9,17029.231666666667,17001.548333333336,17084.598333333335,17191.38098592757,17199.961343070427,17182.800628784717,False,False,False,2582.444391988757
1,2024-04-19 19:06:00+00:00,2024-04-19,2024-04-19 20:00:00+00:00,106471,value_area_bounce,1,17.612857142856488,17009.66,17029.231666666667,17001.548333333336,17084.598333333335,17190.61303836751,17199.41946693894,17181.806609796084,False,False,False,4476.126762889506
1,2024-04-19 19:37:00+00:00,2024-04-19,2024-04-19 20:00:00+00:00,106502,value_area_bounce,1,17.17357142857119,17036.54,17025.323125000003,17011.371458333335,17046.250625,17178.443082240636,17187.02986795492,17169.85629652635,False,False,False,2738.2084653989737
1,2024-04-19 19:47:00+00:00,2024-04-19,2024-04-19 20:00:00+00:00,106512,value_area_bounce,1,21.357142857143117,17018.140000000003,17051.278541666667,17016.699791666666,17062.80479166667,17172.625298513096,17183.30386994167,17161.946727084523,False,False,False,1940.61844450065
1,2024-04-22 13:30:00+00:00,2024-04-22,2024-04-22 20:00:00+00:00,107500,value_area_bounce,-1,7.8257142857136,17165.95,17175.56604166667,17170.283541666668,17178.207291666666,17171.953333333335,17175.86619047619,17168.04047619048,False,False,False,-6255.788193578663
1,2024-04-22 13:34:00+00:00,2024-04-22,2024-04-22 20:00:00+00:00,107504,value_area_bounce,-1,14.462857142856071,17148.95,17172.28125,17167.31375,17180.560416666667,17164.48465171677,17171.7160802882,17157.253223145344,False,False,False,-11368.182926780584
1,2024-04-22 13:58:00+00:00,2024-04-22,2024-04-22 20:00:00+00:00,107528,value_area_bounce,-1,13.837857142857112,17170.460000000003,17171.002500000002,17154.292500000003,17179.357500000006,17170.522273696268,17177.441202267695,17163.60334512484,False,False,False,-2538.0800438475594
1,2024-04-22 14:02:00+00:00,2024-04-22,2024-04-22 20:00:00+00:00,107532,value_area_bounce,-1,14.182857142857236,17172.460000000003,17171.002500000002,17151.5075,17176.572500000002,17170.83736705057,17177.928795622,17163.745938479144,False,False,False,-3574.279166539329
1,2024-04-22 14:05:00+00:00,2024-04-22,2024-04-22 20:00:00+00:00,107535,value_area_bounce,-1,13.672857142857538,17169.47,17171.002500000002,17151.5075,17176.572500000002,17170.834101062635,17177.670529634066,17163.997672491205,False,False,False,-1550.8948559580608
1,2024-04-22 14:09:00+00:00,2024-04-22,2024-04-22 20:00:00+00:00,107539,value_area_bounce,-1,16.155000000000395,17149.460000000003,17171.002500000002,17151.5075,17173.7875,17169.863382438718,17177.940882438717,17161.78588243872,False,False,False,-3243.6094201482993
1,2024-04-22 14:10:00+00:00,2024-04-22,2024-04-22 20:00:00+00:00,107540,value_area_bounce,1,17.039285714286184,17164.83,17159.191666666666,17150.721666666668,17173.308333333334,17169.617915245195,17178.13755810234,17161.09827238805,False,False,False,759.511534901512
1,2024-04-22 15:17:00+00:00,2024-04-22,2024-04-22 20:00:00+00:00,107607,value_area_bounce,1,11.437857142857215,17055.210000000003,17086.706875000003,17046.368958333333,17086.706875000003,17123.089922330946,17128.808850902376,17117.370993759516,False,False,False,1019.7512471986342
1,2024-04-22 16:46:00+00:00,2024-04-22,2024-04-22 20:00:00+00:00,107696,value_area_bounce,-1,8.38071428571441,17132.95,17128.615625,17118.390625,17141.396875000002,17119.712506296,17123.902863438856,17115.522149153145,False,False,False,-1155.010301029896
1,2024-04-22 18:39:00+00:00,2024-04-22,2024-04-22 20:00:00+00:00,107809,value_area_bounce,-1,8.969285714285954,17300.7,17268.407291666666,17248.849791666667,17301.003125000003,17146.39618713436,17150.880829991504,17141.911544277216,False,False,False,-478.5822711328375
1,2024-04-22 18:40:00+00:00,2024-04-22,2024-04-22 20:00:00+00:00,107810,value_area_bounce,-1,9.442142857143024,17291.97,17268.50854166667,17262.352708333336,17305.443541666667,17146.94010840179,17151.661179830364,17142.21903697322,False,False,False,-2535.1055472062726
1,2024-04-22 19:59:00+00:00,2024-04-22,2024-04-22 20:00:00+00:00,107889,value_area_bounce,1,12.58642857142929,17228.84,17266.541875000003,17219.856875,17266.541875000003,17166.1254212151,17172.418635500813,17159.832206929386,False,False,False,5375.066139372545
1,2024-04-23 13:30:00+00:00,2024-04-23,2024-04-23 20:00:00+00:00,108880,value_area_bounce,-1,7.791428571428956,17298.41,17309.093333333334,17293.853333333333,17312.480000000003,17303.62,17307.515714285713,17299.724285714285,False,False,False,-3275.271560615778
1,2024-04-23 13:31:00+00:00,2024-04-23,2024-04-23 20:00:00+00:00,108881,value_area_bounce,1,10.228571428571481,17329.41,17302.822500000002,17297.3175,17311.9975,17309.980380396497,17315.09466611078,17304.866094682213,False,False,False,882.7716492607988
1,2024-04-23 13:34:00+00:00,2024-04-23,2024-04-23 20:00:00+00:00,108884,value_area_bounce,-1,13.265000000000457,17305.66,17303.976875,17275.789375,17318.070625,17318.50112213594,17325.133622135938,17311.86862213594,False,False,False,-1493.7927441241009
1,2024-04-23 14:02:00+00:00,2024-04-23,2024-04-23 20:00:00+00:00,108912,value_area_bounce,-1,17.519285714285747,17365.4,17318.21229166667,17294.410208333335,17370.576875000002,17347.814071476805,17356.573714333947,17339.054428619664,False,False,False,-4565.789889921089
1,2024-04-23 14:03:00+00:00,2024-04-23,2024-04-23 20:00:00+00:00,108913,value_area_bounce,-1,16.7778571428571,17361.41,17318.21229166667,17294.410208333335,17370.576875000002,17348.242051712707,17356.630980284135,17339.853123141278,False,False,False,-5376.526500872497
1,2024-04-23 15:01:00+00:00,2024-04-23,2024-04-23 20:00:00+00:00,108971,value_area_bounce,-1,11.798571428571709,17438.66,17444.311250000002,17411.85125,17472.713750000003,17390.52634192438,17396.425627638666,17384.62705621009,False,False,False,-3709.5956456928925
1,2024-04-23 16:35:00+00:00,2024-04-23,2024-04-23 20:00:00+00:00,109065,value_area_bounce,-1,8.162142857143667,17480.54,17478.45729166667,17457.93354166667,17489.859375,17414.842642723066,17418.92371415164,17410.761571294493,False,False,False,-452.1002993826376
1,2024-04-23 16:39:00+00:00,2024-04-23,2024-04-23 20:00:00+00:00,109069,value_area_bounce,-1,8.465000000000666,17485.050000000003,17478.45729166667,17460.213958333334,17489.859375,17415.667771800305,17419.900271800307,17411.435271800303,False,False,False,-949.2013130156844
1,2024-04-23 17:05:00+00:00,2024-04-23,2024-04-23 20:00:00+00:00,109095,value_area_bounce,1,9.008571428571356,17477.4,17484.947500000002,17477.3725,17487.9775,17419.656490788664,17424.16077650295,17415.152205074377,False,False,False,1111.490378828495
1,2024-04-23 17:06:00+00:00,2024-04-23,2024-04-23 20:00:00+00:00,109096,value_area_bounce,1,9.25071428571417,17486.66,17484.947500000002,17475.857500000002,17486.4625,17419.87619197145,17424.501549114306,17415.250834828592,False,False,False,2262.449285890089
1,2024-04-23 17:21:00+00:00,2024-04-23,2024-04-23 20:00:00+00:00,109111,value_area_bounce,1,10.812142857142524,17479.15,17485.021875000002,17468.765625,17488.634375,17422.094711337206,17427.500782765776,17416.688639908636,False,False,False,1170.3189421572074
1,2024-04-23 18:12:00+00:00,2024-04-23,2024-04-23 20:00:00+00:00,109162,value_area_bounce,-1,7.2778571428573615,17501.420000000002,17513.979375000003,17477.248125000006,17518.876875,17428.290896618597,17431.929825190025,17424.65196804717,False,False,False,-303.509547891902
1,2024-04-23 18:31:00+00:00,2024-04-23,2024-04-23 20:00:00+00:00,109181,value_area_bounce,-1,7.049285714286141,17518.670000000002,17514.595208333336,17500.85479166667,17520.483958333338,17430.79354278765,17434.318185644795,17427.268899930506,False,False,False,-927.9957759687035
1,2024-04-23 18:33:00+00:00,2024-04-23,2024-04-23 20:00:00+00:00,109183,value_area_bounce,-1,7.121428571428884,17518.29,17514.563958333336,17507.525625000002,17523.361875000002,17431.11807095928,17434.678785244996,17427.557356673566,False,False,False,-1094.2468933035616
1,2024-04-23 18:55:00+00:00,2024-04-23,2024-04-23 20:00:00+00:00,109205,value_area_bounce,1,6.955714285715138,17514.420000000002,17521.97708333334,17513.10208333334,17526.41458333334,17433.815955493374,17437.29381263623,17430.338098350516,False,False,False,93.50957154312363
1,2024-04-23 19:00:00+00:00,2024-04-23,2024-04-23 20:00:00+00:00,109210,value_area_bounce,-1,6.937857142857475,17519.800000000003,17521.97708333334,17513.10208333334,17526.41458333334,17434.38936397469,17437.85829254612,17430.92043540326,False,False,False,-275.4130670593264
1,2024-04-23 19:11:00+00:00,2024-04-23,2024-04-23 20:00:00+00:00,109221,value_area_bounce,1,9.704285714285756,17510.91,17522.292083333334,17505.319583333334,17531.721250000002,17436.144488388858,17440.996631246002,17431.292345531714,False,False,False,1717.7385618956791
1,2024-04-23 19:30:00+00:00,2024-04-23,2024-04-23 20:00:00+00:00,109240,value_area_bounce,1,6.593571428571262,17501.420000000002,17503.43375,17497.776250000003,17512.86291666667,17438.32282828592,17441.619614000207,17435.026042571633,False,False,False,169.7400867921671
1,2024-04-24 13:32:00+00:00,2024-04-24,2024-04-24 20:00:00+00:00,110262,value_area_bounce,-1,10.947857142857433,17601.97,17616.551875,17584.286875,17619.240625,17615.63230087753,17621.106229448957,17610.1583723061,False,False,False,-1108.5420596192635
1,2024-04-24 13:52:00+00:00,2024-04-24,2024-04-24 20:00:00+00:00,110282,value_area_bounce,-1,14.275714285714587,17653.710000000003,17654.620625000003,17606.71104166667,17654.620625000003,17636.266691079,17643.404548221857,17629.12883393614,False,False,False,-2349.9758629177645
1,2024-04-24 13:53:00+00:00,2024-04-24,2024-04-24 20:00:00+00:00,110283,value_area_bounce,-1,14.13071428571467,17643.22,17654.620625000003,17606.71104166667,17654.620625000003,17636.569876572175,17643.63523371503,17629.50451942932,False,False,False,-4458.706252529539
1,2024-04-24 14:02:00+00:00,2024-04-24,2024-04-24 20:00:00+00:00,110292,value_area_bounce,1,16.04928571428614,17620.22,17654.620625000003,17611.066458333335,17654.620625000003,17632.43223995657,17640.456882813716,17624.407597099427,False,False,False,3655.445461048491
1,2024-04-24 14:34:00+00:00,2024-04-24,2024-04-24 20:00:00+00:00,110324,value_area_bounce,1,11.996428571428103,17604.22,17613.152291666665,17592.214791666665,17641.068958333337,17626.64323026817,17632.641444553887,17620.645015982456,False,False,False,438.5315234261491
1,2024-04-24 14:35:00+00:00,2024-04-24,2024-04-24 20:00:00+00:00,110325,value_area_bounce,1,12.884999999999698,17597.72,17613.152291666665,17592.214791666665,17641.068958333337,17626.194745807705,17632.637245807706,17619.752245807704,False,False,False,2293.5525201733226
1,2024-04-24 15:30:00+00:00,2024-04-24,2024-04-24 20:00:00+00:00,110380,value_area_bounce,1,10.765000000000198,17543.960000000003,17574.628958333335,17540.258125,17591.814375,17603.902661426102,17609.2851614261,17598.520161426102,False,False,False,3054.405187560185
1,2024-04-24 16:04:00+00:00,2024-04-24,2024-04-24 20:00:00+00:00,110414,value_area_bounce,1,11.417857142857558,17503.460000000003,17528.263125,17501.133125,17555.393125000002,17590.78631927982,17596.49524785125,17585.077390708393,False,False,False,2069.8025512833146
1,2024-04-24 19:58:00+00:00,2024-04-24,2024-04-24 20:00:00+00:00,110648,value_area_bounce,-1,8.659999999999854,17552.710000000003,17548.97,17543.010000000002,17557.910000000003,17558.356900811672,17562.68690081167,17554.026900811674,False,False,False,-238.676503401304
1,2024-04-25 13:30:00+00:00,2024-04-25,2024-04-25 20:00:00+00:00,111640,value_area_bounce,1,10.254285714285029,17229.56,17258.967500000002,17224.38416666667,17272.800833333335,17224.593333333334,17229.720476190476,17219.466190476192,False,False,False,3775.4843138580113
1,2024-04-25 13:41:00+00:00,2024-04-25,2024-04-25 20:00:00+00:00,111651,value_area_bounce,1,23.040714285714525,17216.79,17214.73,17197.363333333335,17225.15,17210.349515655333,17221.86987279819,17198.829158512475,False,False,False,8872.812441827362
1,2024-04-25 13:51:00+00:00,2024-04-25,2024-04-25 20:00:00+00:00,111661,value_area_bounce,-1,18.226428571428965,17237.29,17214.73,17190.416666666668,17239.043333333335,17222.82225844938,17231.935472735095,17213.70904416367,False,False,False,-6813.459763379162
1,2024-04-25 14:00:00+00:00,2024-04-25,2024-04-25 20:00:00+00:00,111670,value_area_bounce,-1,18.14714285714243,17222.54,17214.71125,17190.21125,17239.21125,17225.569680443066,17234.64325187164,17216.496109014493,False,False,False,-878.344869670816
1,2024-04-25 14:33:00+00:00,2024-04-25,2024-04-25 20:00:00+00:00,111703,value_area_bounce,-1,14.663571428571752,17278.800000000003,17241.725833333338,17212.255833333336,17290.842500000002,17249.94711330966,17257.278899023946,17242.615327595373,False,False,False,-8017.80036987915
1,2024-04-25 17:13:00+00:00,2024-04-25,2024-04-25 20:00:00+00:00,111863,value_area_bounce,-1,12.781428571428478,17368.29,17375.091875000002,17336.966875000002,17381.44604166667,17271.863806256977,17278.25452054269,17265.473091971264,False,False,False,-856.2336565771639
1,2024-04-25 18:52:00+00:00,2024-04-25,2024-04-25 20:00:00+00:00,111962,value_area_bounce,1,11.377857142856426,17382.79,17383.941875000004,17376.524375,17443.281875,17298.438099685318,17304.127028256746,17292.74917111389,False,False,False,213.14971551944495
1,2024-04-25 18:56:00+00:00,2024-04-25,2024-04-25 20:00:00+00:00,111966,value_area_bounce,1,11.660000000000114,17390.300000000003,17386.369375000002,17375.055625,17439.166875000003,17299.061434819872,17304.891434819874,17293.23143481987,False,False,False,2285.404311391389
1,2024-04-25 19:45:00+00:00,2024-04-25,2024-04-25 20:00:00+00:00,112015,value_area_bounce,1,10.872142857143055,17427.54,17450.785625000004,17422.878125000003,17474.041875000003,17311.73008887753,17317.166160306104,17306.29401744896,False,False,False,702.1524726974371
1,2024-04-25 19:50:00+00:00,2024-04-25,2024-04-25 20:00:00+00:00,112020,value_area_bounce,1,11.647142857142951,17425.56,17426.709583333337,17423.340416666666,17463.770416666666,17312.706745566666,17318.53031699524,17306.883174138093,False,False,False,443.6028940395054
1,2024-04-25 19:55:00+00:00,2024-04-25,2024-04-25 20:00:00+00:00,112025,value_area_bounce,1,11.242142857143076,17432.800000000003,17424.819166666668,17418.8825,17463.4075,17313.87635607642,17319.49742750499,17308.25528464785,False,False,False,2380.472001633667
1,2024-04-26 15:11:00+00:00,2024-04-26,2024-04-26 20:00:00+00:00,113121,value_area_bounce,-1,11.586428571428769,17713.210000000003,17708.419583333336,17686.59875,17738.96875,17668.744816954873,17674.538031240587,17662.95160266916,False,False,False,-4419.721471402245
1,2024-04-26 15:53:00+00:00,2024-04-26,2024-04-26 20:00:00+00:00,113163,value_area_bounce,-1,10.802857142856478,17734.2,17722.454375,17701.56229166667,17743.346458333333,17679.09561606038,17684.497044631808,17673.69418748895,False,False,False,-821.3673745328535
1,2024-04-26 16:00:00+00:00,2024-04-26,2024-04-26 20:00:00+00:00,113170,value_area_bounce,-1,10.882857142856405,17717.710000000003,17722.035416666666,17714.282916666667,17734.95625,17680.498592922126,17685.940021493552,17675.0571643507,False,False,False,-1517.253328575661
1,2024-04-26 16:01:00+00:00,2024-04-26,2024-04-26 20:00:00+00:00,113171,value_area_bounce,1,11.274285714285204,17727.45,17722.035416666666,17714.282916666667,17734.95625,17680.701032755795,17686.33817561294,17675.06388989865,False,False,False,963.3858065993712
1,2024-04-26 16:02:00+00:00,2024-04-26,2024-04-26 20:00:00+00:00,113172,value_area_bounce,1,11.132857142856665,17725.690000000002,17722.035416666666,17714.282916666667,17734.95625,17680.87852228418,17686.444950855606,17675.312093712753,False,False,False,2082.183681539852
1,2024-04-26 17:20:00+00:00,2024-04-26,2024-04-26 20:00:00+00:00,113250,value_area_bounce,-1,6.39142857142828,17768.190000000002,17763.868958333333,17751.783541666668,17771.120208333334,17691.133620189496,17694.32933447521,17687.937905903782,False,False,False,-1308.8817728877348
1,2024-04-26 17:30:00+00:00,2024-04-26,2024-04-26 20:00:00+00:00,113260,value_area_bounce,-1,5.958571428571564,17773.190000000002,17768.975416666668,17761.872083333335,17779.630416666667,17692.511068103373,17695.49035381766,17689.531782389087,False,False,False,-869.8450085988084
1,2024-04-26 17:37:00+00:00,2024-04-26,2024-04-26 20:00:00+00:00,113267,value_area_bounce,-1,6.697857142857954,17772.7,17769.289375,17762.557708333334,17777.703958333335,17693.44480576636,17696.79373433779,17690.095877194934,False,False,False,-848.8374513490215
1,2024-04-26 17:42:00+00:00,2024-04-26,2024-04-26 20:00:00+00:00,113272,value_area_bounce,1,8.389285714286546,17766.710000000003,17763.240416666667,17763.240416666667,17774.691250000003,17694.321300613396,17698.51594347054,17690.126657756253,False,False,False,1068.7749792276431
1,2024-04-26 18:20:00+00:00,2024-04-26,2024-04-26 20:00:00+00:00,113310,value_area_bounce,1,7.522857142857382,17739.07,17750.42625,17734.927083333336,17772.567916666667,17698.7800289328,17702.54145750423,17695.01860036137,False,False,False,1797.9065227033102
1,2024-04-26 18:56:00+00:00,2024-04-26,2024-04-26 20:00:00+00:00,113346,value_area_bounce,1,7.740714285714993,17733.710000000003,17736.5475,17731.127500000002,17746.0325,17700.856195907636,17704.726553050492,17696.98583876478,False,False,False,491.4611693385615
1,2024-04-26 19:48:00+00:00,2024-04-26,2024-04-26 20:00:00+00:00,113398,value_area_bounce,1,6.836428571428769,17757.09,17755.345416666667,17752.167083333334,17772.826250000002,17705.141899183844,17708.560113469557,17701.72368489813,False,False,False,1189.3615877386974
1,2024-04-29 13:30:00+00:00,2024-04-29,2024-04-29 20:00:00+00:00,114385,value_area_bounce,-1,6.873571428571397,17807.04,17809.62625,17802.32875,17815.881250000002,17811.666666666668,17815.103452380954,17808.22988095238,False,False,False,-3629.9865766863786
1,2024-04-29 13:31:00+00:00,2024-04-29,2024-04-29 20:00:00+00:00,114386,value_area_bounce,1,8.658571428571511,17829.800000000003,17811.68875,17804.053750000003,17815.506250000002,17815.76394074616,17820.093226460445,17811.434655031877,False,False,False,1871.9265898022627
1,2024-04-29 13:36:00+00:00,2024-04-29,2024-04-29 20:00:00+00:00,114391,value_area_bounce,-1,11.50571428571415,17814.550000000003,17812.587708333336,17795.461458333335,17825.908125,17823.197670290487,17828.950527433342,17817.44481314763,False,False,False,-4030.2233996408468
1,2024-04-29 14:48:00+00:00,2024-04-29,2024-04-29 20:00:00+00:00,114463,value_area_bounce,1,12.698571428571606,17780.300000000003,17776.331250000003,17762.818750000002,17787.14125,17777.106687698873,17783.455973413158,17770.75740198459,False,False,False,345.8214850658803
1,2024-04-29 14:51:00+00:00,2024-04-29,2024-04-29 20:00:00+00:00,114466,value_area_bounce,1,11.465714285714578,17777.66,17786.478333333333,17775.46166666667,17793.088333333333,17777.034099032666,17782.766956175525,17771.301241889807,False,False,False,1543.343014246981
1,2024-04-29 16:42:00+00:00,2024-04-29,2024-04-29 20:00:00+00:00,114577,value_area_bounce,1,8.291428571428696,17793.800000000003,17790.533125,17782.064375,17799.001875,17775.555695576924,17779.70140986264,17771.40998129121,False,False,False,451.1499079320306
1,2024-04-29 17:00:00+00:00,2024-04-29,2024-04-29 20:00:00+00:00,114595,value_area_bounce,1,5.791428571428696,17786.300000000003,17790.674791666665,17783.237291666665,17794.393541666665,17776.23222063793,17779.127934923643,17773.336506352214,False,False,False,1493.613801239604
1,2024-04-29 18:23:00+00:00,2024-04-29,2024-04-29 20:00:00+00:00,114678,value_area_bounce,1,6.015714285714109,17785.16,17789.075,17782.261666666665,17811.218333333334,17779.489448451313,17782.49730559417,17776.481591308457,False,False,False,395.38397884849877
1,2024-04-29 19:00:00+00:00,2024-04-29,2024-04-29 20:00:00+00:00,114715,value_area_bounce,-1,8.789285714285922,17743.29,17750.87479166667,17736.027291666665,17778.095208333332,17777.81978972139,17782.214432578534,17773.425146864247,False,False,False,-5205.185085415078
1,2024-04-30 13:30:00+00:00,2024-04-30,2024-04-30 20:00:00+00:00,115765,value_area_bounce,-1,7.373571428571138,17725.280000000002,17729.68916666667,17713.275833333333,17731.740833333337,17729.733333333334,17733.42011904762,17726.046547619047,False,False,False,-4203.41134509853
1,2024-04-30 13:31:00+00:00,2024-04-30,2024-04-30 20:00:00+00:00,115766,value_area_bounce,-1,8.142142857142451,17719.890000000003,17728.87541666667,17716.28041666667,17730.974583333336,17727.394202316096,17731.465273744667,17723.323130887526,False,False,False,-7925.526053568576
1,2024-04-30 13:36:00+00:00,2024-04-30,2024-04-30 20:00:00+00:00,115771,value_area_bounce,-1,11.692857142856676,17732.140000000003,17729.4025,17717.1125,17733.49916666667,17732.424684230195,17738.271112801624,17726.578255658766,False,False,False,-1846.9967001852174
1,2024-04-30 15:32:00+00:00,2024-04-30,2024-04-30 20:00:00+00:00,115887,value_area_bounce,1,9.582857142856872,17648.890000000003,17663.101875,17640.806875000002,17729.986875000002,17729.1099331586,17733.90136173003,17724.318504587172,False,False,False,289.0153525113301
1,2024-04-30 16:30:00+00:00,2024-04-30,2024-04-30 20:00:00+00:00,115945,value_area_bounce,-1,7.1757142857137035,17641.16,17638.893125000002,17626.056875000002,17653.563125,17713.00610355767,17716.593960700528,17709.41824641481,False,False,False,-1339.7855240706658
1,2024-04-30 17:41:00+00:00,2024-04-30,2024-04-30 20:00:00+00:00,116016,value_area_bounce,-1,8.835714285713818,17594.9,17596.310625000002,17583.968125,17604.538958333334,17689.84500165239,17694.262858795246,17685.427144509533,False,False,False,-1482.4075267050398
1,2024-04-30 18:13:00+00:00,2024-04-30,2024-04-30 20:00:00+00:00,116048,value_area_bounce,-1,8.264999999999418,17610.530000000002,17596.707708333335,17585.50979166667,17619.10354166667,17685.348081633663,17689.480581633663,17681.215581633664,False,False,False,-792.1188923777933
1,2024-04-30 18:19:00+00:00,2024-04-30,2024-04-30 20:00:00+00:00,116054,value_area_bounce,1,7.845714285714296,17605.15,17619.10354166667,17603.426458333335,17634.780625000003,17684.46102951047,17688.383886653326,17680.53817236761,False,False,False,139.63691853163326
1,2024-04-30 18:33:00+00:00,2024-04-30,2024-04-30 20:00:00+00:00,116068,value_area_bounce,1,9.596428571428207,17600.890000000003,17617.598333333335,17595.848333333335,17624.848333333335,17681.732832131038,17686.531046416752,17676.934617845323,False,False,False,1120.3208493125676
1,2024-04-30 18:46:00+00:00,2024-04-30,2024-04-30 20:00:00+00:00,116081,value_area_bounce,1,8.938571428570867,17602.4,17610.348333333335,17595.848333333335,17620.015000000003,17679.89432633978,17684.36361205407,17675.425040625494,False,False,False,198.38299162596627
1,2024-04-30 19:42:00+00:00,2024-04-30,2024-04-30 20:00:00+00:00,116137,value_area_bounce,-1,7.44571428571336,17583.02,17571.395833333336,17555.180833333336,17585.809166666666,17668.636895507596,17672.359752650453,17664.91403836474,False,False,False,-1736.9820051441598
1,2024-04-30 19:50:00+00:00,2024-04-30,2024-04-30 20:00:00+00:00,116145,value_area_bounce,-1,9.659285714285422,17570.91,17582.832916666666,17576.92541666667,17592.67875,17666.849820686515,17671.679463543656,17662.020177829374,False,False,False,-1902.1418454732689
1,2024-05-01 13:30:00+00:00,2024-05-01,2024-05-01 20:00:00+00:00,117145,value_area_bounce,1,8.196428571429092,17411.82,17397.486875000002,17397.486875000002,17410.838125000002,17403.73,17407.828214285713,17399.631785714286,False,False,False,5522.510070796827
1,2024-05-01 13:43:00+00:00,2024-05-01,2024-05-01 20:00:00+00:00,117158,value_area_bounce,-1,20.79214285714183,17390.300000000003,17386.32729166667,17367.72354166667,17396.662708333337,17390.00650079894,17400.40257222751,17379.61042937037,False,False,False,-105.90902001459267
1,2024-05-01 13:45:00+00:00,2024-05-01,2024-05-01 20:00:00+00:00,117160,value_area_bounce,1,18.214999999998845,17389.56,17386.32729166667,17386.32729166667,17402.863958333335,17389.798097416304,17398.905597416302,17380.690597416306,False,False,False,2104.524040563241
1,2024-05-01 13:46:00+00:00,2024-05-01,2024-05-01 20:00:00+00:00,117161,value_area_bounce,1,17.93857142857009,17394.82,17386.32729166667,17386.32729166667,17402.863958333335,17389.899678162143,17398.868963876426,17380.93039244786,False,False,False,2391.899899247238
1,2024-05-01 13:53:00+00:00,2024-05-01,2024-05-01 20:00:00+00:00,117168,value_area_bounce,1,14.893571428570795,17390.43,17386.32729166667,17386.32729166667,17402.863958333335,17388.916631610005,17396.36341732429,17381.46984589572,False,False,False,2357.8517253757277
1,2024-05-01 14:04:00+00:00,2024-05-01,2024-05-01 20:00:00+00:00,117179,opening_range_breakout,-1,20.378571428571377,17346.56,17385.622916666667,17379.16458333334,17414.685416666667,17382.74664431279,17392.935930027073,17372.557358598504,False,False,False,-5249.893172383797
1,2024-05-01 17:42:00+00:00,2024-05-01,2024-05-01 20:00:00+00:00,117397,value_area_bounce,-1,8.38571428571465,17342.31,17335.534375000003,17317.780625,17345.679375,17361.028315621028,17365.221172763886,17356.83545847817,False,False,False,-1849.9532869380087
1,2024-05-01 18:07:00+00:00,2024-05-01,2024-05-01 20:00:00+00:00,117422,value_area_bounce,-1,24.5278571428571,17389.190000000002,17390.585,17342.618333333336,17390.585,17363.56483045693,17375.828759028358,17351.3009018855,False,False,False,-845.1565271019217
1,2024-05-01 18:09:00+00:00,2024-05-01,2024-05-01 20:00:00+00:00,117424,value_area_bounce,-1,27.242142857142817,17386.31,17390.585,17361.805,17409.771666666667,17364.026391799165,17377.647463227735,17350.405320370595,False,False,False,-3191.6715499331995
1,2024-05-01 18:13:00+00:00,2024-05-01,2024-05-01 20:00:00+00:00,117428,value_area_bounce,-1,30.589999999999886,17383.440000000002,17397.61625,17362.88375,17401.475416666668,17364.327180291617,17379.622180291615,17349.03218029162,False,False,False,-1335.183009762775
1,2024-05-01 18:14:00+00:00,2024-05-01,2024-05-01 20:00:00+00:00,117429,value_area_bounce,-1,27.486428571428405,17382.81,17397.61625,17362.88375,17401.475416666668,17364.425854334757,17378.16906862047,17350.682640049043,False,False,False,-1370.228972032007
1,2024-05-01 18:15:00+00:00,2024-05-01,2024-05-01 20:00:00+00:00,117430,value_area_bounce,-1,24.959285714285475,17384.56,17397.61625,17362.88375,17401.475416666668,17364.54213822759,17377.02178108473,17352.062495370446,False,False,False,-64.30125171529244
1,2024-05-01 18:31:00+00:00,2024-05-01,2024-05-01 20:00:00+00:00,117446,value_area_bounce,-1,20.839285714285715,17395.940000000002,17388.74229166667,17373.21104166667,17409.450625,17368.518772925803,17378.938415782945,17358.099130068662,False,False,False,-3121.239338854981
1,2024-05-01 18:32:00+00:00,2024-05-01,2024-05-01 20:00:00+00:00,117447,value_area_bounce,1,23.115714285714212,17403.940000000002,17388.74229166667,17383.565208333333,17414.627708333333,17368.868749094385,17380.42660623724,17357.31089195153,False,False,False,1438.1083379096008
1,2024-05-02 13:30:00+00:00,2024-05-02,2024-05-02 20:00:00+00:00,118525,value_area_bounce,-1,7.455714285714358,17480.07,17475.32083333334,17460.07083333334,17490.57083333334,17486.280000000002,17490.00785714286,17482.552142857145,False,False,False,-5273.813426814242
1,2024-05-02 14:01:00+00:00,2024-05-02,2024-05-02 20:00:00+00:00,118556,opening_range_breakout,-1,17.69428571428502,17353.07,17439.554375,17393.823125000003,17454.798125,17432.94807276162,17441.795215618764,17424.100929904478,False,False,False,-5761.571674868965
1,2024-05-02 14:46:00+00:00,2024-05-02,2024-05-02 20:00:00+00:00,118601,value_area_bounce,1,16.889285714285506,17373.45,17401.97625,17349.28875,17425.392916666664,17396.2134206309,17404.65806348804,17387.768777773756,False,False,False,5130.288186973135
1,2024-05-02 15:32:00+00:00,2024-05-02,2024-05-02 20:00:00+00:00,118647,value_area_bounce,1,12.308571428571147,17405.82,17450.658333333333,17396.575,17455.575,17403.20545689011,17409.359742604396,17397.051171175826,False,False,False,352.2460668443953
1,2024-05-02 16:09:00+00:00,2024-05-02,2024-05-02 20:00:00+00:00,118684,value_area_bounce,-1,8.446428571428571,17439.57,17414.903125,17411.47604166667,17449.173958333333,17407.648104611006,17411.87131889672,17403.424890325292,False,False,False,-2524.7686536066817
1,2024-05-02 16:37:00+00:00,2024-05-02,2024-05-02 20:00:00+00:00,118712,value_area_bounce,1,11.356428571428426,17405.32,17438.6375,17398.0125,17448.0125,17408.918429600162,17414.596643885878,17403.240215314447,False,False,False,1723.7462352731054
1,2024-05-02 19:12:00+00:00,2024-05-02,2024-05-02 20:00:00+00:00,118867,value_area_bounce,-1,11.159285714285422,17557.82,17554.653333333335,17537.986666666664,17571.32,17434.709233809353,17440.288876666495,17429.129590952212,False,False,False,-927.4666168274431
1,2024-05-02 19:13:00+00:00,2024-05-02,2024-05-02 20:00:00+00:00,118868,value_area_bounce,-1,11.39142857142828,17559.57,17555.049166666664,17538.590833333335,17568.215833333335,17434.989069071114,17440.684783356828,17429.2933547854,False,False,False,-1925.0350378802943
1,2024-05-02 19:31:00+00:00,2024-05-02,2024-05-02 20:00:00+00:00,118886,value_area_bounce,-1,8.494999999999502,17567.95,17560.627083333333,17551.690416666665,17571.797916666666,17439.2073934007,17443.4548934007,17434.959893400697,False,False,False,-901.247389236914
1,2024-05-02 19:55:00+00:00,2024-05-02,2024-05-02 20:00:00+00:00,118910,value_area_bounce,1,12.41857142857121,17531.32,17534.549166666664,17516.799166666664,17564.1325,17445.99252755669,17452.201813270975,17439.783241842404,False,False,False,3159.06708103999
1,2024-05-03 13:32:00+00:00,2024-05-03,2024-05-03 20:00:00+00:00,119907,value_area_bounce,-1,11.071428571428571,17834.0,17828.120833333334,17814.162500000002,17839.287500000002,17847.015575381196,17852.55128966691,17841.479861095482,False,False,False,-15720.29772077662
1,2024-05-03 13:39:00+00:00,2024-05-03,2024-05-03 20:00:00+00:00,119914,value_area_bounce,-1,16.062857142857215,17835.25,17845.29729166667,17828.126875,17845.29729166667,17842.42934642538,17850.46077499681,17834.39791785395,False,False,False,-2603.5485182541006
1,2024-05-03 14:00:00+00:00,2024-05-03,2024-05-03 20:00:00+00:00,119935,value_area_bounce,-1,17.991428571428646,17878.38,17839.0625,17822.5625,17888.5625,17868.03571529753,17877.031429583243,17859.040001011817,False,False,False,-3341.2904146780716
1,2024-05-03 14:01:00+00:00,2024-05-03,2024-05-03 20:00:00+00:00,119936,value_area_bounce,-1,20.232142857142858,17856.5,17838.699999999997,17823.1,17890.700000000004,17867.940879357,17878.056950785573,17857.824807928428,False,False,False,-9696.954999869864
1,2024-05-03 14:07:00+00:00,2024-05-03,2024-05-03 20:00:00+00:00,119942,value_area_bounce,-1,27.677142857142567,17843.75,17838.699999999997,17828.300000000003,17869.9,17865.565306763838,17879.40387819241,17851.726735335265,False,False,False,-12568.894797081353
1,2024-05-03 14:15:00+00:00,2024-05-03,2024-05-03 20:00:00+00:00,119950,value_area_bounce,1,24.584999999999646,17836.0,17843.896875,17827.453125,17865.821875,17860.002259751425,17872.294759751425,17847.709759751426,False,False,False,902.4386614021173
1,2024-05-03 16:21:00+00:00,2024-05-03,2024-05-03 20:00:00+00:00,120076,value_area_bounce,1,7.598571428571502,17883.63,17886.870416666665,17875.541250000002,17891.402083333334,17853.42550118588,17857.224786900166,17849.626215471595,False,False,False,357.53589309286343
1,2024-05-03 16:22:00+00:00,2024-05-03,2024-05-03 20:00:00+00:00,120077,value_area_bounce,1,8.197142857143003,17892.25,17886.781666666666,17880.67166666667,17899.001666666667,17853.511655910388,17857.61022733896,17849.413084481817,False,False,False,1798.7358930928635
1,2024-05-03 17:34:00+00:00,2024-05-03,2024-05-03 20:00:00+00:00,120149,value_area_bounce,1,7.579285714285496,17885.0,17898.0675,17878.35916666667,17903.4425,17857.351790820798,17861.14143367794,17853.562147963654,False,False,False,353.2338781082182
1,2024-05-03 17:45:00+00:00,2024-05-03,2024-05-03 20:00:00+00:00,120160,value_area_bounce,1,7.812857142857216,17884.0,17897.458125,17878.09354166667,17902.739375,17857.881460406352,17861.787888977782,17853.97503183492,False,False,False,61.11316251121593
1,2024-05-03 17:58:00+00:00,2024-05-03,2024-05-03 20:00:00+00:00,120173,value_area_bounce,-1,5.19571428571414,17897.25,17896.871041666665,17886.041458333333,17898.418125,17858.46165823561,17861.059515378467,17855.863801092753,False,False,False,-428.59334211570797
1,2024-05-03 17:59:00+00:00,2024-05-03,2024-05-03 20:00:00+00:00,120174,value_area_bounce,-1,5.4728571428570705,17887.5,17896.871041666665,17886.041458333333,17898.418125,17858.520046205278,17861.256474776706,17855.78361763385,False,False,False,-1193.0907334204524
1,2024-05-03 18:00:00+00:00,2024-05-03,2024-05-03 20:00:00+00:00,120175,value_area_bounce,1,5.588571428571283,17897.0,17896.871041666665,17886.041458333333,17898.418125,17858.580354337006,17861.37464005129,17855.78606862272,False,False,False,62.29936847198644
1,2024-05-03 18:37:00+00:00,2024-05-03,2024-05-03 20:00:00+00:00,120212,value_area_bounce,-1,5.1899999999997295,17921.0,17920.828125,17897.942708333336,17926.109375,17860.9294990135,17863.5244990135,17858.334499013497,False,False,False,-427.96094815246636
1,2024-05-03 18:52:00+00:00,2024-05-03,2024-05-03 20:00:00+00:00,120227,value_area_bounce,1,6.737142857142577,17920.75,17921.015625,17913.984375,17922.421875,17862.057437451298,17865.42600887987,17858.688866022727,False,False,False,1005.0976268836412
1,2024-05-03 19:36:00+00:00,2024-05-03,2024-05-03 20:00:00+00:00,120271,value_area_bounce,1,6.374285714285569,17913.25,17911.484375,17906.609375,17918.796875,17864.935532287873,17868.122675145016,17861.74838943073,False,False,False,1486.662978592355
1,2024-05-03 19:52:00+00:00,2024-05-03,2024-05-03 20:00:00+00:00,120287,value_area_bounce,1,6.599285714285933,17915.13,17911.151041666664,17906.619791666664,17921.723958333336,17865.907049903442,17869.206692760585,17862.6074070463,False,False,False,2287.5276989045524
1,2024-05-06 13:30:00+00:00,2024-05-06,2024-05-06 20:00:00+00:00,121270,value_area_bounce,-1,5.930000000000031,17957.230000000003,17966.908125,17962.866458333338,17968.928958333338,17965.440000000002,17968.405000000002,17962.475000000002,False,False,False,-3827.5848412450437
1,2024-05-06 13:34:00+00:00,2024-05-06,2024-05-06 20:00:00+00:00,121274,value_area_bounce,1,9.019285714285486,17974.730000000003,17959.71,17959.71,17966.943333333336,17962.45529513701,17966.96493799415,17957.94565227987,False,False,False,460.56170721051603
1,2024-05-06 13:55:00+00:00,2024-05-06,2024-05-06 20:00:00+00:00,121295,value_area_bounce,-1,8.768571428571054,17999.730000000003,18002.98854166667,17971.303541666668,18005.628958333335,17986.033394779148,17990.417680493432,17981.649109064863,False,False,False,-1291.4280190250538
1,2024-05-06 14:07:00+00:00,2024-05-06,2024-05-06 20:00:00+00:00,121307,value_area_bounce,-1,10.034285714286463,18011.230000000003,18002.72354166667,17981.178125000002,18011.95729166667,17991.21107896813,17996.228221825273,17986.193936110983,False,False,False,-1006.0564087279636
1,2024-05-06 14:45:00+00:00,2024-05-06,2024-05-06 20:00:00+00:00,121345,value_area_bounce,-1,7.09785714285733,17997.480000000003,17997.120625000003,17997.120625000003,18009.537291666667,17995.06287758871,17998.611806160137,17991.51394901728,False,False,False,-866.6445863669106
1,2024-05-06 15:00:00+00:00,2024-05-06,2024-05-06 20:00:00+00:00,121360,value_area_bounce,-1,6.099285714285153,18000.480000000003,18005.746250000004,17997.901250000003,18007.05375,17995.84507937074,17998.894722227884,17992.7954365136,False,False,False,-710.32175149911
1,2024-05-06 15:07:00+00:00,2024-05-06,2024-05-06 20:00:00+00:00,121367,value_area_bounce,1,7.330714285714099,18001.36,18005.303541666668,17994.426875000005,18006.663125,17995.69579012471,17999.36114726757,17992.030432981854,False,False,False,1345.2943767224554
1,2024-05-06 15:12:00+00:00,2024-05-06,2024-05-06 20:00:00+00:00,121372,value_area_bounce,1,7.0449999999998125,18001.61,18005.303541666668,17997.146041666667,18008.022708333334,17995.88067141703,17999.40317141703,17992.358171417032,False,False,False,774.0108491550632
1,2024-05-06 16:32:00+00:00,2024-05-06,2024-05-06 20:00:00+00:00,121452,value_area_bounce,1,7.437857142856956,18006.61,18019.485,17994.735,18023.985,17998.099955560916,18001.818884132343,17994.38102698949,False,False,True,464.98484917237124
1,2024-05-06 16:47:00+00:00,2024-05-06,2024-05-06 20:00:00+00:00,121467,value_area_bounce,-1,5.670714285713724,18007.980000000003,18008.542291666665,17994.469375,18018.594375,17998.684185422582,18001.51954256544,17995.848828279726,False,False,False,-179.10292869758405
1,2024-05-06 16:48:00+00:00,2024-05-06,2024-05-06 20:00:00+00:00,121468,value_area_bounce,1,6.563571428570867,18012.61,18013.057916666665,17995.89125,18017.349583333336,17998.75028577272,18002.032071487003,17995.468500058436,False,False,False,1321.2508375350976
1,2024-05-06 17:17:00+00:00,2024-05-06,2024-05-06 20:00:00+00:00,121497,value_area_bounce,1,6.705714285714099,18006.730000000003,18008.115208333336,18002.536458333336,18017.413125,18000.036357104334,18003.389214247192,17996.683499961477,False,False,False,529.7013239567736
1,2024-05-06 19:00:00+00:00,2024-05-06,2024-05-06 20:00:00+00:00,121600,value_area_bounce,-1,4.9550000000001875,18045.86,18039.2975,18038.005833333336,18049.630833333336,18006.97839257523,18009.45589257523,18004.50089257523,False,False,False,-600.7525703339568
1,2024-05-06 19:01:00+00:00,2024-05-06,2024-05-06 20:00:00+00:00,121601,value_area_bounce,1,5.196428571428571,18044.480000000003,18044.464166666665,18039.2975,18052.214166666665,18007.114236364017,18009.71245064973,18004.516022078304,False,False,False,146.36673487771907
1,2024-05-06 19:16:00+00:00,2024-05-06,2024-05-06 20:00:00+00:00,121616,value_area_bounce,1,5.098571428571241,18042.730000000003,18044.281875,18037.354791666665,18050.219375,18008.304246442527,18010.853532156812,18005.75496072824,False,False,False,307.3264307748275
1,2024-05-06 19:19:00+00:00,2024-05-06,2024-05-06 20:00:00+00:00,121619,value_area_bounce,1,4.857857142856768,18046.730000000003,18042.958125000005,18042.958125000005,18051.631875,18008.49848828006,18010.92741685149,18006.06955970863,False,False,False,1245.449292516
1,2024-05-06 19:35:00+00:00,2024-05-06,2024-05-06 20:00:00+00:00,121635,value_area_bounce,1,4.714999999999626,18048.61,18049.704375,18042.958125000005,18052.595625,18009.60041625777,18011.95791625777,18007.242916257772,False,False,False,260.68783453088486
1,2024-05-07 13:36:00+00:00,2024-05-07,2024-05-07 20:00:00+00:00,122656,value_area_bounce,-1,9.447142857143003,18124.43,18133.45666666667,18102.43,18133.45666666667,18126.598603286384,18131.322174714955,18121.875031857813,False,False,False,-2546.217133633634
1,2024-05-07 13:54:00+00:00,2024-05-07,2024-05-07 20:00:00+00:00,122674,value_area_bounce,1,10.839285714285714,18113.93,18118.8675,18110.8875,18134.8275,18120.515579597126,18125.935222454267,18115.095936739985,False,False,False,3921.4821641859608
1,2024-05-07 14:05:00+00:00,2024-05-07,2024-05-07 20:00:00+00:00,122685,value_area_bounce,1,9.696428571428571,18101.68,18104.513125,18099.99229166667,18127.11729166667,18115.779279592618,18120.62749387833,18110.931065306904,False,False,False,2937.2905270801557
1,2024-05-07 15:29:00+00:00,2024-05-07,2024-05-07 20:00:00+00:00,122769,value_area_bounce,-1,6.859285714286151,18151.43,18153.834791666668,18131.878125,18162.068541666667,18120.775662373006,18124.20530523015,18117.346019515862,False,False,False,-1016.1941898488983
1,2024-05-07 15:43:00+00:00,2024-05-07,2024-05-07 20:00:00+00:00,122783,value_area_bounce,1,6.365714285714213,18156.18,18153.741875,18148.945625,18160.136875,18122.57688377693,18125.759740919784,18119.394026634072,False,False,False,324.9035911946863
1,2024-05-07 15:46:00+00:00,2024-05-07,2024-05-07 20:00:00+00:00,122786,value_area_bounce,1,6.946428571428571,18159.93,18153.956041666665,18151.560208333336,18161.143541666665,18123.06167299598,18126.534887281694,18119.588458710266,False,False,False,1757.0854225163648
1,2024-05-07 15:57:00+00:00,2024-05-07,2024-05-07 20:00:00+00:00,122797,value_area_bounce,-1,5.571428571428571,18153.68,18153.956041666665,18153.956041666665,18162.341458333336,18124.611151792757,18127.39686607847,18121.825437507043,False,False,False,-746.138564770435
1,2024-05-07 19:31:00+00:00,2024-05-07,2024-05-07 20:00:00+00:00,123011,value_area_bounce,-1,6.170000000000073,18101.43,18100.55479166667,18087.119791666668,18105.033125,18123.65155962573,18126.73655962573,18120.56655962573,False,False,False,-182.656599953208
1,2024-05-07 19:41:00+00:00,2024-05-07,2024-05-07 20:00:00+00:00,123021,value_area_bounce,-1,6.2771428571429295,18101.93,18105.033125,18099.435208333336,18110.631041666667,18123.200994003804,18126.339565432376,18120.062422575233,False,False,False,-83.89623185804533
1,2024-05-07 19:59:00+00:00,2024-05-07,2024-05-07 20:00:00+00:00,123039,value_area_bounce,-1,8.828571428571584,18101.93,18107.325625,18099.019375000003,18110.648125,18122.28813639178,18126.702422106067,18117.873850677493,False,False,False,-835.3828215569438
1,2024-05-08 13:30:00+00:00,2024-05-08,2024-05-08 20:00:00+00:00,124030,value_area_bounce,1,5.336428571428509,18005.63,17999.573750000003,17994.886250000003,18000.511250000003,18002.20666666667,18004.874880952382,17999.538452380955,False,False,False,2347.814406838188
1,2024-05-08 15:46:00+00:00,2024-05-08,2024-05-08 20:00:00+00:00,124166,value_area_bounce,1,7.287142857142109,18083.88,18090.41125,18082.22375,18109.51541666667,18077.557637937283,18081.201209365856,18073.91406650871,False,False,False,281.2439399406802
1,2024-05-08 16:00:00+00:00,2024-05-08,2024-05-08 20:00:00+00:00,124180,value_area_bounce,1,7.242857142856208,18092.13,18088.489791666667,18086.807708333334,18098.582291666666,18078.051763864867,18081.673192436294,18074.43033529344,False,False,False,748.6665347372343
1,2024-05-08 16:46:00+00:00,2024-05-08,2024-05-08 20:00:00+00:00,124226,value_area_bounce,1,7.857142857142857,18081.88,18089.76,18080.76,18095.76,18078.8456606407,18082.774232069274,18074.91708921213,False,False,True,550.1654434695122
1,2024-05-08 16:47:00+00:00,2024-05-08,2024-05-08 20:00:00+00:00,124227,value_area_bounce,1,8.187857142856956,18089.51,18089.76,18080.76,18095.76,18078.873620776187,18082.967549347617,18074.779692204756,False,False,False,1515.040187385342
1,2024-05-08 17:12:00+00:00,2024-05-08,2024-05-08 20:00:00+00:00,124252,value_area_bounce,1,10.648571428571293,18071.26,18075.50625,18069.93375,18084.793749999997,18078.61883104609,18083.943116760376,18073.294545331803,False,False,False,397.6397473477806
1,2024-05-08 17:42:00+00:00,2024-05-08,2024-05-08 20:00:00+00:00,124282,value_area_bounce,1,6.5,18068.88,18079.442291666666,18062.04645833333,18081.181875,18077.23589904422,18080.48589904422,18073.98589904422,False,False,False,455.59820231089384
1,2024-05-08 18:33:00+00:00,2024-05-08,2024-05-08 20:00:00+00:00,124333,value_area_bounce,-1,5.740714285714473,18097.76,18087.85895833333,18083.39020833333,18098.286041666666,18078.151087700662,18081.021444843518,18075.280730557806,False,False,False,-58.71391557696546
1,2024-05-08 19:12:00+00:00,2024-05-08,2024-05-08 20:00:00+00:00,124372,value_area_bounce,1,6.232857142856768,18077.63,18088.578541666666,18077.311458333334,18095.016875,18078.477007694975,18081.593436266405,18075.360579123546,False,False,True,1553.622014870558
1,2024-05-08 19:15:00+00:00,2024-05-08,2024-05-08 20:00:00+00:00,124375,value_area_bounce,1,5.071428571428571,18077.88,18093.407291666666,18075.701875,18095.016875,18078.473491263863,18081.009205549577,18075.93777697815,False,False,False,1543.4884901942964
1,2024-05-08 19:51:00+00:00,2024-05-08,2024-05-08 20:00:00+00:00,124411,value_area_bounce,-1,5.036428571428197,18099.13,18094.5725,18078.3225,18102.6975,18079.50101591738,18082.019230203096,18076.982801631664,False,False,False,-395.396598869831
1,2024-05-08 19:59:00+00:00,2024-05-08,2024-05-08 20:00:00+00:00,124419,value_area_bounce,-1,7.214285714285714,18092.01,18093.645,18092.015,18101.795,18080.020141807257,18083.6272846644,18076.412998950116,False,False,False,-1902.8261873624344
1,2024-05-09 13:30:00+00:00,2024-05-09,2024-05-09 20:00:00+00:00,125410,value_area_bounce,1,5.856428571428686,18109.4,18103.150833333333,18096.042500000003,18110.259166666667,18105.36,18108.288214285716,18102.431785714285,False,False,False,1783.7343845119972
1,2024-05-09 13:50:00+00:00,2024-05-09,2024-05-09 20:00:00+00:00,125430,value_area_bounce,1,13.009999999999438,18038.9,18032.82770833333,18020.143958333334,18096.246458333335,18063.021535588792,18069.526535588793,18056.51653558879,False,False,False,659.6637831079056
1,2024-05-09 15:38:00+00:00,2024-05-09,2024-05-09 20:00:00+00:00,125538,value_area_bounce,-1,6.241428571428385,18129.03,18119.8475,18115.8575,18133.8125,18083.87507559301,18086.99578987872,18080.754361307296,False,False,False,-1025.6487651235252
1,2024-05-09 16:34:00+00:00,2024-05-09,2024-05-09 20:00:00+00:00,125594,value_area_bounce,1,5.526428571428759,18095.9,18104.56125,18091.582083333335,18113.832083333335,18087.575768407176,18090.33898269289,18084.81255412146,False,False,False,373.64762214725624
1,2024-05-09 16:35:00+00:00,2024-05-09,2024-05-09 20:00:00+00:00,125595,value_area_bounce,1,5.759285714285527,18104.78,18104.56125,18095.290416666663,18113.832083333335,18087.62866821107,18090.508311068214,18084.749025353925,False,False,False,979.5852221466183
1,2024-05-09 17:12:00+00:00,2024-05-09,2024-05-09 20:00:00+00:00,125632,value_area_bounce,-1,8.996428571428623,18136.15,18121.0925,18112.5925,18138.0925,18091.483004562167,18095.981218847883,18086.984790276452,False,False,False,-954.56447149309
1,2024-05-09 17:15:00+00:00,2024-05-09,2024-05-09 20:00:00+00:00,125635,value_area_bounce,-1,7.259285714285527,18133.65,18121.545625,18115.076875,18136.639375,18091.830249529557,18095.4598923867,18088.200606672413,False,False,False,-1042.2984168837904
1,2024-05-09 17:26:00+00:00,2024-05-09,2024-05-09 20:00:00+00:00,125646,value_area_bounce,1,8.498571428572177,18121.65,18137.420625,18115.295625,18137.420625,18092.9622359015,18097.211521615787,18088.712950187215,False,False,False,1495.805022563667
1,2024-05-09 18:25:00+00:00,2024-05-09,2024-05-09 20:00:00+00:00,125705,value_area_bounce,1,5.786428571428197,18112.28,18114.478125,18109.019791666666,18122.665625,18096.016455568897,18098.909669854613,18093.12324128318,False,False,False,1094.7058527465406
1,2024-05-09 18:34:00+00:00,2024-05-09,2024-05-09 20:00:00+00:00,125714,value_area_bounce,-1,6.445000000000748,18121.65,18114.478125,18109.019791666666,18124.030208333337,18096.584776610405,18099.807276610405,18093.362276610405,False,False,False,-436.6618053425293
1,2024-05-09 19:17:00+00:00,2024-05-09,2024-05-09 20:00:00+00:00,125757,value_area_bounce,1,5.355714285715034,18125.53,18126.040416666663,18124.769583333335,18137.477916666663,18099.331123079766,18102.008980222625,18096.653265936908,False,False,False,275.679257192819
1,2024-05-09 19:47:00+00:00,2024-05-09,2024-05-09 20:00:00+00:00,125787,value_area_bounce,1,7.197857142856394,18111.4,18125.68625,18109.41875,18125.68625,18100.47547045147,18104.0743990229,18096.876541880043,False,False,False,1123.7589034944128
1,2024-05-09 19:50:00+00:00,2024-05-09,2024-05-09 20:00:00+00:00,125790,value_area_bounce,1,7.438571428570867,18122.65,18125.15,18110.57,18128.39,18100.573653774358,18104.292939488645,18096.85436806007,False,False,False,1867.5593863455952
1,2024-05-09 19:58:00+00:00,2024-05-09,2024-05-09 20:00:00+00:00,125798,value_area_bounce,1,7.026428571428759,18116.4,18118.259375,18112.634375,18126.696875,18101.028662099827,18104.54187638554,18097.515447814112,False,False,False,698.8796374107646
1,2024-05-10 13:30:00+00:00,2024-05-10,2024-05-10 20:00:00+00:00,126790,value_area_bounce,-1,4.920000000000333,18168.29,18182.128125,18167.750208333335,18182.128125,18173.37,18175.829999999998,18170.91,False,False,False,-3136.7921927765333
1,2024-05-10 13:31:00+00:00,2024-05-10,2024-05-10 20:00:00+00:00,126791,value_area_bounce,1,6.536428571429236,18192.04,18172.978541666667,18171.671458333334,18182.128125,18178.496249052794,18181.76446333851,18175.22803476708,False,False,False,498.2168333162499
1,2024-05-10 13:45:00+00:00,2024-05-10,2024-05-10 20:00:00+00:00,126805,value_area_bounce,-1,12.500714285714432,18229.41,18217.904583333333,18182.89625,18235.408750000002,18212.018369227742,18218.2687263706,18205.768012084885,False,False,False,-1843.5324060008525
1,2024-05-10 15:48:00+00:00,2024-05-10,2024-05-10 20:00:00+00:00,126928,value_area_bounce,1,9.892857142857142,18131.16,18138.998333333337,18126.498333333337,18143.165,18172.055642527903,18177.00207109933,18167.109213956475,False,False,False,1571.2252097071728
1,2024-05-10 16:02:00+00:00,2024-05-10,2024-05-10 20:00:00+00:00,126942,value_area_bounce,1,7.302857142856998,18132.41,18138.998333333337,18126.498333333337,18143.165,18170.26492768258,18173.91635625401,18166.61349911115,False,False,False,127.31162916327139
1,2024-05-10 17:02:00+00:00,2024-05-10,2024-05-10 20:00:00+00:00,127002,value_area_bounce,-1,5.635000000000218,18146.41,18139.274375,18131.211875,18150.024375,18166.453752946658,18169.27125294666,18163.636252946657,False,False,False,-47.119364003368844
1,2024-05-10 17:25:00+00:00,2024-05-10,2024-05-10 20:00:00+00:00,127025,value_area_bounce,1,5.125,18136.29,18137.930625,18131.211875,18148.680625,18165.11514062921,18167.67764062921,18162.55264062921,False,False,False,939.233016998648
1,2024-05-10 17:50:00+00:00,2024-05-10,2024-05-10 20:00:00+00:00,127050,value_area_bounce,1,6.749285714285569,18141.91,18138.706875,18133.863125,18141.936041666668,18163.467302591816,18166.84194544896,18160.092659734673,False,False,False,1174.4109195108567
1,2024-05-10 19:14:00+00:00,2024-05-10,2024-05-10 20:00:00+00:00,127134,value_area_bounce,-1,5.508571428571356,18158.41,18160.312083333334,18152.717083333333,18164.109583333335,18162.290190970016,18165.044476684303,18159.53590525573,False,False,False,-22.697673640249036
1,2024-05-10 19:35:00+00:00,2024-05-10,2024-05-10 20:00:00+00:00,127155,value_area_bounce,-1,5.786428571428717,18166.66,18166.685833333337,18156.269166666665,18166.685833333337,18162.50904638177,18165.402260667484,18159.615832096053,False,False,False,-259.358208151873
1,2024-05-10 19:40:00+00:00,2024-05-10,2024-05-10 20:00:00+00:00,127160,value_area_bounce,-1,6.107857142857289,18167.41,18166.774375,18156.461875,18167.805625,18162.58536966693,18165.63929823836,18159.5314410955,False,False,False,-339.61817705319174
1,2024-05-10 19:51:00+00:00,2024-05-10,2024-05-10 20:00:00+00:00,127171,value_area_bounce,1,5.705714285714358,18160.66,18166.774375,18160.586875,18171.930625,18162.55725275471,18165.410109897566,18159.70439561185,False,False,False,913.9604668123907
1,2024-05-10 19:52:00+00:00,2024-05-10,2024-05-10 20:00:00+00:00,127172,value_area_bounce,1,5.937142857142784,18163.54,18158.967083333337,18157.175416666665,18167.925416666665,18162.55558190878,18165.52415333735,18159.58701048021,False,False,False,1005.4653391547529
1,2024-05-10 19:59:00+00:00,2024-05-10,2024-05-10 20:00:00+00:00,127179,value_area_bounce,-1,7.356428571428426,18163.79,18166.670208333337,18162.628541666665,18175.763958333337,18162.78216326654,18166.460377552256,18159.103948980824,False,False,False,-2383.7197483333275
1,2024-05-13 13:31:00+00:00,2024-05-13,2024-05-13 20:00:00+00:00,128156,value_area_bounce,1,5.99999999999974,18245.11,18241.619375000002,18237.475625000003,18247.144375,18242.17842484748,18245.17842484748,18239.17842484748,False,False,False,1692.499718418337
1,2024-05-13 13:32:00+00:00,2024-05-13,2024-05-13 20:00:00+00:00,128157,value_area_bounce,-1,6.660714285714026,18238.480000000003,18241.619375000002,18237.475625000003,18244.381875,18241.542071406824,18244.872428549683,18238.211714263965,False,False,False,-128.6114430379007
1,2024-05-13 13:54:00+00:00,2024-05-13,2024-05-13 20:00:00+00:00,128179,value_area_bounce,1,9.937857142856956,18194.230000000003,18241.146458333336,18192.292291666665,18248.125625,18208.87548174265,18213.84441031408,18203.90655317122,False,False,False,3672.0593283017906
1,2024-05-13 14:30:00+00:00,2024-05-13,2024-05-13 20:00:00+00:00,128215,value_area_bounce,-1,6.820000000000748,18211.730000000003,18207.791666666668,18190.548333333336,18217.645000000004,18208.868050768386,18212.278050768386,18205.458050768386,False,False,False,-1200.3360351445622
1,2024-05-13 14:54:00+00:00,2024-05-13,2024-05-13 20:00:00+00:00,128239,value_area_bounce,-1,7.34785714285733,18213.230000000003,18210.959166666667,18206.694166666668,18213.8025,18209.02545980453,18212.699388375957,18205.3515312331,False,False,False,-142.02554825455695
1,2024-05-13 15:02:00+00:00,2024-05-13,2024-05-13 20:00:00+00:00,128247,value_area_bounce,-1,8.089999999999625,18202.730000000003,18213.8025,18205.2725,18213.8025,18209.09404727833,18213.139047278328,18205.04904727833,False,False,False,-890.8723993553706
1,2024-05-13 15:04:00+00:00,2024-05-13,2024-05-13 20:00:00+00:00,128249,value_area_bounce,1,8.572142857142483,18207.61,18213.8025,18203.850833333334,18213.8025,18208.952900234133,18213.238971662704,18204.666828805563,False,False,False,254.94459869474463
1,2024-05-13 16:41:00+00:00,2024-05-13,2024-05-13 20:00:00+00:00,128346,value_area_bounce,-1,4.330714285714099,18214.36,18215.178125000002,18211.911875,18221.710625,18208.922048359243,18211.0874055021,18206.756691216386,False,False,False,-888.538019403409
1,2024-05-13 16:50:00+00:00,2024-05-13,2024-05-13 20:00:00+00:00,128355,value_area_bounce,1,5.080714285714099,18220.230000000003,18214.833125000005,18212.691875000004,18219.115625000002,18209.065799094555,18211.606156237413,18206.525441951697,False,False,False,630.6583540293476
1,2024-05-13 17:14:00+00:00,2024-05-13,2024-05-13 20:00:00+00:00,128379,value_area_bounce,1,9.26714285714323,18184.230000000003,18218.849583333336,18178.495416666665,18225.057916666665,18206.9246133647,18211.55818479327,18202.29104193613,False,False,False,3684.8478390428854
1,2024-05-13 17:15:00+00:00,2024-05-13,2024-05-13 20:00:00+00:00,128380,value_area_bounce,1,9.69571428571466,18189.480000000003,18218.849583333336,18178.495416666665,18225.057916666665,18206.81838996809,18211.66624711095,18201.970532825235,False,False,False,3181.3081686399473
1,2024-05-13 17:27:00+00:00,2024-05-13,2024-05-13 20:00:00+00:00,128392,value_area_bounce,-1,7.158571428570992,18208.980000000003,18174.219375,18153.583958333336,18209.594375,18206.708497967862,18210.287783682146,18203.129212253578,False,False,False,-592.5184797900743
1,2024-05-13 18:31:00+00:00,2024-05-13,2024-05-13 20:00:00+00:00,128456,value_area_bounce,-1,4.571428571428571,18192.11,18193.1725,18189.6725,18197.5475,18205.45423325294,18207.739947538656,18203.168518967228,False,False,False,-1000.8701195018662
1,2024-05-13 19:22:00+00:00,2024-05-13,2024-05-13 20:00:00+00:00,128507,value_area_bounce,-1,4.116428571428385,18205.230000000003,18203.438125,18197.094375,18207.969375,18205.28160021266,18207.339814498373,18203.223385926947,False,False,False,-242.18019754418847
1,2024-05-13 19:27:00+00:00,2024-05-13,2024-05-13 20:00:00+00:00,128512,value_area_bounce,1,4.839285714285714,18199.730000000003,18201.906875,18197.479791666665,18208.104791666665,18205.224120232026,18207.643763089167,18202.804477374884,False,False,False,100.55574962487754
1,2024-05-13 19:28:00+00:00,2024-05-13,2024-05-13 20:00:00+00:00,128513,value_area_bounce,1,5.0,18203.480000000003,18202.479791666665,18199.511041666665,18211.386041666665,18205.21787399733,18207.71787399733,18202.71787399733,False,False,False,984.040598109726
1,2024-05-13 19:45:00+00:00,2024-05-13,2024-05-13 20:00:00+00:00,128530,value_area_bounce,-1,4.5435714285719895,18206.230000000003,18210.344375,18202.250625,18212.656875,18205.34254417044,18207.614329884724,18203.070758456153,False,False,False,-552.3465256303393
1,2024-05-13 19:48:00+00:00,2024-05-13,2024-05-13 20:00:00+00:00,128533,value_area_bounce,-1,5.34785714285733,18202.61,18210.344375,18203.406875,18211.500625,18205.35494380311,18208.02887237454,18202.681015231683,False,False,False,-1125.8620514419233
1,2024-05-13 19:55:00+00:00,2024-05-13,2024-05-13 20:00:00+00:00,128540,value_area_bounce,-1,6.017857142857143,18207.730000000003,18210.344375,18202.250625,18211.500625,18205.446237801647,18208.455166373074,18202.43730923022,False,False,False,-771.187020450115
1,2024-05-13 19:59:00+00:00,2024-05-13,2024-05-13 20:00:00+00:00,128544,value_area_bounce,1,6.232142857142857,18212.61,18210.344375,18202.250625,18211.500625,18205.48721790171,18208.603289330284,18202.37114647314,False,False,False,309.2178881477324
1,2024-05-14 14:37:00+00:00,2024-05-14,2024-05-14 20:00:00+00:00,129602,value_area_bounce,-1,12.430000000000291,18226.61,18207.306041666667,18203.321458333332,18235.198125000003,18224.01466392242,18230.22966392242,18217.79966392242,False,False,False,-649.741516007218
1,2024-05-14 14:41:00+00:00,2024-05-14,2024-05-14 20:00:00+00:00,129606,value_area_bounce,1,13.60857142857172,18218.86,18223.244375000002,18203.321458333332,18231.213541666668,18223.230164180895,18230.03444989518,18216.42587846661,False,False,False,410.9639809535257
1,2024-05-14 14:42:00+00:00,2024-05-14,2024-05-14 20:00:00+00:00,129607,value_area_bounce,-1,13.930000000000291,18217.24,18223.244375000002,18203.321458333332,18227.228958333333,18222.540300966357,18229.505300966357,18215.575300966357,False,False,False,-622.8811649666519
1,2024-05-14 14:46:00+00:00,2024-05-14,2024-05-14 20:00:00+00:00,129611,value_area_bounce,1,13.465000000000146,18219.24,18219.259791666667,18211.290625,18223.244375000002,18221.265687430892,18227.998187430894,18214.53318743089,False,False,False,2054.9817407942405
1,2024-05-14 14:47:00+00:00,2024-05-14,2024-05-14 20:00:00+00:00,129612,value_area_bounce,1,13.760000000000218,18216.36,18219.259791666667,18211.290625,18223.244375000002,18220.830949773776,18227.710949773777,18213.950949773774,False,False,True,3981.273100645794
1,2024-05-14 14:48:00+00:00,2024-05-14,2024-05-14 20:00:00+00:00,129613,value_area_bounce,1,13.920714285714505,18220.86,18219.259791666667,18215.275208333333,18223.244375000002,18220.76894652007,18227.729303662927,18213.808589377215,False,False,False,2983.0457487006056
1,2024-05-14 14:51:00+00:00,2024-05-14,2024-05-14 20:00:00+00:00,129616,value_area_bounce,1,11.83071428571436,18223.86,18219.259791666667,18215.275208333333,18219.259791666667,18220.700736899274,18226.616094042132,18214.785379756417,False,False,False,586.589455488951
1,2024-05-14 16:46:00+00:00,2024-05-14,2024-05-14 20:00:00+00:00,129731,value_area_bounce,1,5.704285714285496,18224.61,18227.400208333333,18221.22729166667,18238.511458333334,18239.422733396492,18242.274876253636,18236.570590539348,False,False,False,272.77564720082523
1,2024-05-14 16:51:00+00:00,2024-05-14,2024-05-14 20:00:00+00:00,129736,value_area_bounce,-1,5.768571428571574,18231.36,18235.636250000003,18223.11875,18235.636250000003,18239.138114846377,18242.02240056066,18236.253829132093,False,False,False,-690.6896622318379
1,2024-05-14 17:01:00+00:00,2024-05-14,2024-05-14 20:00:00+00:00,129746,value_area_bounce,-1,5.705714285714358,18229.11,18227.291250000002,18223.11875,18232.854583333334,18238.82523719158,18241.67809433444,18235.972380048723,False,False,False,-602.5615520981191
1,2024-05-14 17:03:00+00:00,2024-05-14,2024-05-14 20:00:00+00:00,129748,value_area_bounce,-1,6.196428571428571,18224.99,18227.291250000002,18223.11875,18231.463750000003,18238.742629418324,18241.840843704038,18235.64441513261,False,False,False,-749.2165792195364
1,2024-05-14 17:05:00+00:00,2024-05-14,2024-05-14 20:00:00+00:00,129750,value_area_bounce,-1,6.356428571428426,18224.11,18228.182500000003,18223.869166666667,18232.495833333334,18238.642253157454,18241.82046744317,18235.464038871738,False,False,False,-643.7888341090872
1,2024-05-14 19:14:00+00:00,2024-05-14,2024-05-14 20:00:00+00:00,129879,value_area_bounce,-1,5.776428571428498,18327.74,18330.167083333334,18314.00041666667,18332.18791666667,18253.202136617132,18256.090350902847,18250.313922331417,False,False,False,-345.11606175201064
1,2024-05-14 19:54:00+00:00,2024-05-14,2024-05-14 20:00:00+00:00,129919,value_area_bounce,1,7.3942857142860055,18349.11,18336.380625,18332.161875,18343.411875,18262.440706080914,18266.137848938055,18258.743563223772,False,False,False,2511.8254245346097
1,2024-05-14 19:58:00+00:00,2024-05-14,2024-05-14 20:00:00+00:00,129923,value_area_bounce,-1,7.627142857143293,18343.86,18336.26625,18332.32875,18344.14125,18263.685631177763,18267.499202606334,18259.872059749192,False,False,False,-100.34202861527933
1,2024-05-14 19:59:00+00:00,2024-05-14,2024-05-14 20:00:00+00:00,129924,value_area_bounce,-1,8.251428571428862,18329.61,18337.104791666665,18322.229791666665,18340.823541666665,18264.439079237996,18268.56479352371,18260.313364952282,False,False,False,-4950.696729470392
1,2024-05-15 13:31:00+00:00,2024-05-15,2024-05-15 20:00:00+00:00,130916,value_area_bounce,1,8.47285714285733,18427.67,18420.442083333335,18416.40041666667,18430.546250000003,18422.334340460333,18426.57076903176,18418.097911888904,False,False,False,5027.153743145447
1,2024-05-15 14:00:00+00:00,2024-05-15,2024-05-15 20:00:00+00:00,130945,value_area_bounce,1,14.338571428571802,18418.42,18437.163125,18398.264375,18437.163125,18413.645847293297,18420.81513300758,18406.476561579013,False,False,False,8177.744860939178
1,2024-05-15 14:02:00+00:00,2024-05-15,2024-05-15 20:00:00+00:00,130947,value_area_bounce,1,14.464285714285714,18414.17,18437.163125,18408.873125,18437.163125,18413.726328950066,18420.958471807207,18406.494186092925,False,False,False,5288.8579281828215
1,2024-05-15 14:03:00+00:00,2024-05-15,2024-05-15 20:00:00+00:00,130948,value_area_bounce,1,13.446428571428571,18423.29,18437.163125,18408.873125,18437.163125,18413.859979244193,18420.583193529907,18407.13676495848,False,False,False,7730.930952769625
1,2024-05-15 18:21:00+00:00,2024-05-15,2024-05-15 20:00:00+00:00,131206,value_area_bounce,-1,6.367142857142296,18601.17,18579.008541666662,18568.018958333334,18605.383541666662,18467.514548890875,18470.698120319445,18464.330977462305,False,False,False,-74.04260938983523
1,2024-05-15 18:36:00+00:00,2024-05-15,2024-05-15 20:00:00+00:00,131221,value_area_bounce,1,6.579285714286276,18601.04,18595.581458333334,18595.581458333334,18610.998125,18471.94836301809,18475.238005875235,18468.658720160947,False,False,False,1807.1478974245715
1,2024-05-15 18:42:00+00:00,2024-05-15,2024-05-15 20:00:00+00:00,131227,value_area_bounce,1,6.240714285714473,18604.79,18602.118125,18596.013124999998,18608.223124999997,18473.814987464495,18476.93534460735,18470.69463032164,False,False,False,1021.5115318190212
1,2024-05-15 19:15:00+00:00,2024-05-15,2024-05-15 20:00:00+00:00,131260,value_area_bounce,1,5.634285714285527,18608.79,18599.75375,18598.769583333335,18606.642916666668,18482.267817206874,18485.084960064018,18479.45067434973,False,False,False,342.27399903315313
1,2024-05-15 19:41:00+00:00,2024-05-15,2024-05-15 20:00:00+00:00,131286,value_area_bounce,-1,5.607142857142857,18606.79,18606.191458333335,18598.598958333332,18612.518541666665,18489.376294784564,18492.179866213137,18486.572723355992,False,False,False,-828.0850955554079
1,2024-05-15 19:43:00+00:00,2024-05-15,2024-05-15 20:00:00+00:00,131288,value_area_bounce,-1,5.687857142856956,18608.67,18606.191458333335,18598.598958333332,18612.518541666665,18489.874582075026,18492.718510646453,18487.0306535036,False,False,False,-3.90366089823101
1,2024-05-15 19:50:00+00:00,2024-05-15,2024-05-15 20:00:00+00:00,131295,value_area_bounce,1,5.77714285714267,18605.54,18606.191458333335,18603.660624999997,18615.049375000002,18491.703365641402,18494.591937069974,18488.81479421283,False,False,False,1154.4924302235986
1,2024-05-15 19:53:00+00:00,2024-05-15,2024-05-15 20:00:00+00:00,131298,value_area_bounce,1,6.25,18608.17,18609.685833333337,18601.935833333337,18612.269166666665,18492.88344781005,18496.00844781005,18489.75844781005,False,False,False,622.4224850698664
1,2024-05-15 19:54:00+00:00,2024-05-15,2024-05-15 20:00:00+00:00,131299,value_area_bounce,1,6.437142857143044,18611.42,18609.685833333337,18601.935833333337,18612.269166666665,18493.441791416815,18496.66036284539,18490.223219988242,False,False,False,2236.4224850698665
1,2024-05-15 19:55:00+00:00,2024-05-15,2024-05-15 20:00:00+00:00,131300,value_area_bounce,1,6.713571428571803,18607.54,18609.685833333337,18601.935833333337,18610.9775,18494.182327560975,18497.53911327526,18490.82554184669,False,False,False,1665.2115759802323
1,2024-05-15 19:59:00+00:00,2024-05-15,2024-05-15 20:00:00+00:00,131304,value_area_bounce,1,7.767142857143232,18611.17,18609.685833333337,18604.519166666665,18613.560833333337,18496.76865950202,18500.65223093059,18492.88508807345,False,False,False,2780.706166491701
1,2024-05-16 13:36:00+00:00,2024-05-16,2024-05-16 20:00:00+00:00,132301,value_area_bounce,1,7.966428571428229,18600.86,18598.150625000002,18592.528958333336,18600.96145833333,18595.753869894877,18599.737084180593,18591.77065560916,False,False,False,1047.0923326230445
1,2024-05-16 14:06:00+00:00,2024-05-16,2024-05-16 20:00:00+00:00,132331,value_area_bounce,-1,8.08142857142879,18606.61,18597.78041666667,18588.534583333334,18618.12125,18609.99986660511,18614.040580890825,18605.959152319396,False,False,False,-3252.3537202865673
1,2024-05-16 15:13:00+00:00,2024-05-16,2024-05-16 20:00:00+00:00,132398,value_area_bounce,-1,6.224285714285933,18651.61,18634.6725,18626.1725,18653.7975,18621.590889566134,18624.703032423276,18618.478746708992,False,False,False,-3637.377857814941
1,2024-05-16 17:00:00+00:00,2024-05-16,2024-05-16 20:00:00+00:00,132505,value_area_bounce,-1,5.231428571428426,18639.61,18643.52125,18635.20875,18648.27125,18630.2681448441,18632.883859129815,18627.652430558384,False,False,False,-392.3556501398086
1,2024-05-16 17:18:00+00:00,2024-05-16,2024-05-16 20:00:00+00:00,132523,value_area_bounce,-1,5.052857142856998,18645.24,18648.755625,18634.693125,18651.568125,18630.96980312939,18633.496231700818,18628.44337455796,False,False,False,-1121.7867526530051
1,2024-05-16 17:20:00+00:00,2024-05-16,2024-05-16 20:00:00+00:00,132525,value_area_bounce,-1,5.9099999999998545,18635.61,18648.755625,18634.693125,18651.568125,18631.032804791575,18633.987804791577,18628.077804791574,False,False,False,-1702.1353257688697
1,2024-05-16 18:06:00+00:00,2024-05-16,2024-05-16 20:00:00+00:00,132571,value_area_bounce,-1,6.562142857142784,18604.36,18599.8025,18599.8025,18616.5525,18626.97309895942,18630.25417038799,18623.69202753085,False,False,False,-1589.0247801088522
1,2024-05-16 18:11:00+00:00,2024-05-16,2024-05-16 20:00:00+00:00,132576,value_area_bounce,1,7.687142857142784,18600.74,18600.37541666667,18600.37541666667,18614.52125,18626.518595394555,18630.362166823124,18622.675023965985,False,False,False,111.1243840128327
1,2024-05-16 19:00:00+00:00,2024-05-16,2024-05-16 20:00:00+00:00,132625,value_area_bounce,-1,6.109285714286151,18606.99,18603.89625,18594.02125,18612.12541666667,18623.435484994945,18626.49012785209,18620.3808421378,False,False,False,-82.9616677123542
1,2024-05-16 19:10:00+00:00,2024-05-16,2024-05-16 20:00:00+00:00,132635,value_area_bounce,-1,6.046428571428935,18609.99,18608.636875,18600.354375000003,18614.158541666668,18623.250455342008,18626.27366962772,18620.227241056295,False,False,False,-258.9545832667432
1,2024-05-16 19:19:00+00:00,2024-05-16,2024-05-16 20:00:00+00:00,132644,value_area_bounce,-1,5.660714285714286,18607.61,18609.073333333334,18603.24,18612.573333333334,18623.001417844385,18625.831774987244,18620.171060701527,False,False,False,-246.90894795716275
1,2024-05-16 19:50:00+00:00,2024-05-16,2024-05-16 20:00:00+00:00,132675,value_area_bounce,1,10.269285714286005,18588.86,18607.130625,18579.099375,18615.755625,18620.340001674438,18625.47464453158,18615.205358817297,False,False,False,2440.1762976019127
1,2024-05-17 15:08:00+00:00,2024-05-17,2024-05-17 20:00:00+00:00,133773,value_area_bounce,1,8.99928571428505,18570.17,18582.16458333334,18568.018750000003,18594.28958333334,18567.70775869885,18572.207401555992,18563.208115841706,False,False,False,2491.771061001607
1,2024-05-17 15:34:00+00:00,2024-05-17,2024-05-17 20:00:00+00:00,133799,value_area_bounce,1,6.302857142856477,18560.800000000003,18570.03958333334,18553.872916666667,18574.081250000003,18567.7363317051,18570.887760276528,18564.58490313367,False,False,False,131.71763685628764
1,2024-05-17 16:05:00+00:00,2024-05-17,2024-05-17 20:00:00+00:00,133830,value_area_bounce,-1,5.339285714285714,18562.800000000003,18571.835,18555.535000000003,18571.835,18566.66472543029,18569.334368287433,18563.99508257315,False,False,False,-721.8362884048832
1,2024-05-17 16:06:00+00:00,2024-05-17,2024-05-17 20:00:00+00:00,133831,value_area_bounce,1,5.633571428571096,18564.300000000003,18571.835,18555.535000000003,18571.835,18566.638735233944,18569.45552094823,18563.821949519657,False,False,False,37.616589576898946
1,2024-05-17 16:50:00+00:00,2024-05-17,2024-05-17 20:00:00+00:00,133875,value_area_bounce,1,6.295714285715284,18549.550000000003,18560.44520833333,18547.227708333332,18567.05395833333,18565.13151752799,18568.279374670845,18561.983660385133,False,False,False,2171.1022867493084
1,2024-05-17 17:55:00+00:00,2024-05-17,2024-05-17 20:00:00+00:00,133940,value_area_bounce,1,4.480714285712955,18536.550000000003,18537.971250000002,18535.606249999997,18546.24875,18562.307969874502,18564.548327017357,18560.067612731647,False,False,False,440.98521835641134
1,2024-05-17 18:23:00+00:00,2024-05-17,2024-05-17 20:00:00+00:00,133968,value_area_bounce,1,10.587857142855812,18473.92,18489.10208333334,18473.372916666667,18533.143750000003,18555.754446033807,18561.048374605234,18550.46051746238,False,False,False,172.98606768310674
1,2024-05-17 19:50:00+00:00,2024-05-17,2024-05-17 20:00:00+00:00,134055,value_area_bounce,1,5.470000000000125,18545.67,18544.029166666667,18541.3525,18554.735833333332,18550.069053165284,18552.804053165284,18547.334053165283,False,False,False,962.8140017007117
1,2024-05-17 19:56:00+00:00,2024-05-17,2024-05-17 20:00:00+00:00,134061,value_area_bounce,1,5.721428571430026,18543.42,18545.706250000003,18542.128750000003,18550.47625,18550.018233092327,18552.87894737804,18547.157518806613,False,False,False,441.9410193420383
1,2024-05-17 19:59:00+00:00,2024-05-17,2024-05-17 20:00:00+00:00,134064,value_area_bounce,1,6.86428571428717,18556.92,18545.498125,18540.341875,18548.591875,18549.995428239763,18553.427571096905,18546.56328538262,False,False,False,1601.7801217381816
1,2024-05-20 13:40:00+00:00,2024-05-20,2024-05-20 20:00:00+00:00,135050,value_area_bounce,-1,10.493571428571418,18619.82,18566.304375,18563.148125,18619.960625,18603.12586530107,18608.372651015357,18597.879079586783,False,False,False,-2906.267086771797
1,2024-05-20 15:40:00+00:00,2024-05-20,2024-05-20 20:00:00+00:00,135170,value_area_bounce,-1,4.821428571428571,18679.44,18685.965833333335,18667.174166666664,18685.965833333335,18652.62550690245,18655.036221188162,18650.214792616734,False,False,False,-135.17194074065412
1,2024-05-20 16:11:00+00:00,2024-05-20,2024-05-20 20:00:00+00:00,135201,value_area_bounce,-1,4.375,18672.57,18667.679375,18658.710625,18679.210625,18654.5779937539,18656.7654937539,18652.3904937539,False,False,False,-957.6980159038105
1,2024-05-20 17:41:00+00:00,2024-05-20,2024-05-20 20:00:00+00:00,135291,value_area_bounce,1,6.241428571428644,18670.32,18672.90541666667,18668.43708333333,18710.88625,18663.272578651857,18666.39329293757,18660.151864366144,False,False,False,492.526433761928
1,2024-05-20 17:43:00+00:00,2024-05-20,2024-05-20 20:00:00+00:00,135293,value_area_bounce,1,5.812857142857216,18672.82,18672.23354166667,18667.70270833333,18710.745625,18663.315225332633,18666.221653904064,18660.408796761203,False,False,False,996.9336262868708
1,2024-05-20 17:55:00+00:00,2024-05-20,2024-05-20 20:00:00+00:00,135305,value_area_bounce,1,5.17928571428586,18669.19,18674.60145833333,18663.091041666667,18695.32020833333,18663.64294309836,18666.232585955502,18661.053300241216,False,False,False,444.4922062729425
1,2024-05-20 18:11:00+00:00,2024-05-20,2024-05-20 20:00:00+00:00,135321,value_area_bounce,1,8.814285714286077,18662.44,18670.611666666664,18655.795,18679.501666666667,18663.371422091877,18667.77856494902,18658.964279234733,False,False,False,3934.509985329061
1,2024-05-20 18:13:00+00:00,2024-05-20,2024-05-20 20:00:00+00:00,135323,value_area_bounce,1,8.912142857143149,18666.19,18673.596041666664,18665.314791666664,18679.116875,18663.39171119743,18667.847782626002,18658.935639768857,False,False,False,5321.240212991575
1,2024-05-20 18:15:00+00:00,2024-05-20,2024-05-20 20:00:00+00:00,135325,value_area_bounce,1,9.492857142857506,18663.57,18673.596041666664,18662.554375,18679.116875,18663.376545831594,18668.122974403024,18658.630117260163,False,False,False,1648.125126939512
1,2024-05-20 19:33:00+00:00,2024-05-20,2024-05-20 20:00:00+00:00,135403,value_area_bounce,-1,5.241428571428644,18697.19,18684.106666666667,18680.77333333333,18699.106666666667,18666.752575156774,18669.373289442487,18664.13186087106,False,False,False,-261.21535571264553
1,2024-05-20 19:59:00+00:00,2024-05-20,2024-05-20 20:00:00+00:00,135429,value_area_bounce,1,7.463571428571283,18692.57,18691.184374999997,18676.894375,18707.260625,18667.88129633579,18671.613082050073,18664.149510621504,False,False,False,3535.78872190958
1,2024-05-21 13:42:00+00:00,2024-05-21,2024-05-21 20:00:00+00:00,136432,value_area_bounce,-1,11.239999999999782,18634.08,18633.256875,18622.638125,18639.628125000003,18627.919670144987,18633.539670144986,18622.29967014499,False,False,False,-94.38023559090408
1,2024-05-21 13:47:00+00:00,2024-05-21,2024-05-21 20:00:00+00:00,136437,value_area_bounce,1,10.355714285713995,18624.08,18634.48354166667,18622.991041666668,18638.314375,18627.152690252824,18632.330547395683,18621.974833109965,False,False,False,966.2762295456032
1,2024-05-21 13:49:00+00:00,2024-05-21,2024-05-21 20:00:00+00:00,136439,value_area_bounce,1,10.525714285714068,18626.08,18633.815625000003,18621.574375000004,18639.061875,18626.63178600259,18631.894643145446,18621.36892885973,False,False,False,2704.8466260056184
1,2024-05-21 13:50:00+00:00,2024-05-21,2024-05-21 20:00:00+00:00,136440,value_area_bounce,1,10.517142857142712,18630.460000000003,18633.815625000003,18621.574375000004,18639.061875,18626.6906593587,18631.94923078727,18621.43208793013,False,False,False,5506.32256419575
1,2024-05-21 15:39:00+00:00,2024-05-21,2024-05-21 20:00:00+00:00,136549,value_area_bounce,1,4.957142857143221,18680.58,18681.788333333338,18676.371666666666,18688.288333333338,18647.551311703715,18650.029883132287,18645.072740275144,False,False,False,1213.2116407443332
1,2024-05-21 16:45:00+00:00,2024-05-21,2024-05-21 20:00:00+00:00,136615,value_area_bounce,1,4.036428571428717,18678.33,18693.012083333335,18678.116250000003,18698.428750000003,18653.916013088092,18655.934227373808,18651.897798802376,False,False,False,433.9059744984405
1,2024-05-21 17:01:00+00:00,2024-05-21,2024-05-21 20:00:00+00:00,136631,value_area_bounce,1,5.07071428571414,18672.08,18683.012083333335,18667.65791666667,18691.387083333335,18654.918941636002,18657.45429877886,18652.383584493145,False,False,False,532.6207965919987
1,2024-05-21 17:12:00+00:00,2024-05-21,2024-05-21 20:00:00+00:00,136642,value_area_bounce,1,5.197142857143002,18673.710000000003,18678.882083333338,18670.507083333338,18683.069583333338,18655.575201072676,18658.173772501246,18652.976629644105,False,False,False,371.9066030778951
1,2024-05-21 17:25:00+00:00,2024-05-21,2024-05-21 20:00:00+00:00,136655,value_area_bounce,1,4.207142857143221,18672.710000000003,18671.464583333334,18669.43291666667,18679.591250000005,18656.13945927665,18658.24303070522,18654.035887848077,False,False,False,195.2468280278194
1,2024-05-21 17:56:00+00:00,2024-05-21,2024-05-21 20:00:00+00:00,136686,value_area_bounce,-1,3.97285714285707,18697.08,18694.75875,18674.511250000003,18697.873750000002,18658.46551907205,18660.45194764348,18656.479090500623,False,False,False,-143.10378592805728
1,2024-05-21 18:04:00+00:00,2024-05-21,2024-05-21 20:00:00+00:00,136694,value_area_bounce,-1,4.502142857143293,18697.960000000003,18694.512083333335,18673.762083333335,18697.97041666667,18659.265337740562,18661.516409169133,18657.01426631199,False,False,False,-852.9554493450754
1,2024-05-21 18:31:00+00:00,2024-05-21,2024-05-21 20:00:00+00:00,136721,value_area_bounce,1,4.188571428571647,18693.58,18693.803750000003,18691.678750000003,18702.303750000003,18661.15098199408,18663.245267708367,18659.056696279793,False,False,False,459.22943770968084
1,2024-05-21 18:32:00+00:00,2024-05-21,2024-05-21 20:00:00+00:00,136722,value_area_bounce,1,4.2064285714287895,18694.960000000003,18693.803750000003,18691.678750000003,18702.303750000003,18661.234671205762,18663.337885491477,18659.131456920048,False,False,False,1174.020548821202
1,2024-05-21 18:33:00+00:00,2024-05-21,2024-05-21 20:00:00+00:00,136723,value_area_bounce,1,4.250714285714431,18695.08,18693.803750000003,18691.678750000003,18702.303750000003,18661.31185717237,18663.43721431523,18659.186500029515,False,False,False,1775.9531958800544
1,2024-05-21 18:35:00+00:00,2024-05-21,2024-05-21 20:00:00+00:00,136725,value_area_bounce,1,4.268571428571574,18692.710000000003,18693.803750000003,18691.678750000003,18702.303750000003,18661.43563538543,18663.569921099715,18659.301349671146,False,False,False,1235.8359284626167
1,2024-05-21 18:36:00+00:00,2024-05-21,2024-05-21 20:00:00+00:00,136726,value_area_bounce,1,4.312857142857216,18694.210000000003,18693.803750000003,18691.678750000003,18702.303750000003,18661.50500241751,18663.66143098894,18659.34857384608,False,False,False,1042.8885756086793
1,2024-05-21 18:40:00+00:00,2024-05-21,2024-05-21 20:00:00+00:00,136730,value_area_bounce,1,4.375714285714431,18693.210000000003,18693.803750000003,18689.553750000003,18701.241250000003,18661.752384793694,18663.94024193655,18659.564527650837,False,False,False,748.3415393576503
1,2024-05-21 18:47:00+00:00,2024-05-21,2024-05-21 20:00:00+00:00,136737,value_area_bounce,1,4.312857142857216,18690.210000000003,18691.678750000003,18688.491250000003,18700.178750000003,18662.149693521707,18664.306122093138,18659.993264950277,False,False,False,399.71590049425106
1,2024-05-21 19:05:00+00:00,2024-05-21,2024-05-21 20:00:00+00:00,136755,value_area_bounce,-1,3.6078571428572883,18693.83,18691.913125000003,18688.006875000003,18695.819375000003,18663.071912396004,18664.875840967434,18661.267983824575,False,False,False,-575.6674906097884
1,2024-05-21 19:40:00+00:00,2024-05-21,2024-05-21 20:00:00+00:00,136790,value_area_bounce,-1,4.7221428571426385,18716.960000000003,18719.029375000002,18699.72979166667,18719.029375000002,18666.143962056416,18668.505033484988,18663.782890627845,False,False,False,-150.94005494537126
1,2024-05-21 19:45:00+00:00,2024-05-21,2024-05-21 20:00:00+00:00,136795,value_area_bounce,-1,4.373571428571138,18711.960000000003,18708.45479166667,18697.411458333336,18713.976458333334,18666.596001876635,18668.78278759092,18664.40921616235,False,False,False,-967.6857575762933
1,2024-05-22 13:35:00+00:00,2024-05-22,2024-05-22 20:00:00+00:00,137805,value_area_bounce,-1,7.365714285714473,18743.800000000003,18742.401250000003,18724.103750000002,18748.03125,18747.08105798199,18750.763915124848,18743.398200839136,False,False,False,-4696.530013068894
1,2024-05-22 13:41:00+00:00,2024-05-22,2024-05-22 20:00:00+00:00,137811,value_area_bounce,1,9.34785714285733,18729.800000000003,18742.401250000003,18724.103750000002,18745.21625,18743.046905854055,18747.720834425483,18738.372977282626,False,False,False,1022.2697559128342
1,2024-05-22 14:02:00+00:00,2024-05-22,2024-05-22 20:00:00+00:00,137832,value_area_bounce,-1,7.908571428572551,18749.550000000003,18751.795833333334,18740.825833333336,18753.62416666667,18745.10631250401,18749.060598218297,18741.15202678972,False,False,False,-1712.002537606029
1,2024-05-22 14:06:00+00:00,2024-05-22,2024-05-22 20:00:00+00:00,137836,value_area_bounce,-1,8.47285714285733,18745.43,18748.139166666668,18740.825833333336,18753.62416666667,18745.49551891629,18749.73194748772,18741.25909034486,False,False,False,-807.5316431106212
1,2024-05-22 14:07:00+00:00,2024-05-22,2024-05-22 20:00:00+00:00,137837,value_area_bounce,1,8.160000000000375,18742.68,18748.139166666668,18740.825833333336,18753.62416666667,18745.34730256732,18749.42730256732,18741.267302567318,False,False,False,1582.7469958227618
1,2024-05-22 15:01:00+00:00,2024-05-22,2024-05-22 20:00:00+00:00,137891,value_area_bounce,-1,5.1699999999998125,18747.800000000003,18742.27375,18739.89875,18749.39875,18745.482380948815,18748.067380948814,18742.897380948816,False,False,False,-95.39489087313837
1,2024-05-22 17:27:00+00:00,2024-05-22,2024-05-22 20:00:00+00:00,138037,value_area_bounce,-1,3.9121428571421086,18748.300000000003,18742.726875,18735.383125,18754.476875,18748.062169480632,18750.018240909205,18746.10609805206,False,False,False,-202.90604070485688
1,2024-05-22 17:45:00+00:00,2024-05-22,2024-05-22 20:00:00+00:00,138055,value_area_bounce,1,11.927142857143606,18698.550000000003,18709.450208333335,18685.073541666672,18742.968125,18743.759344156435,18749.722915585007,18737.795772727863,False,False,False,2142.494239227158
1,2024-05-22 17:49:00+00:00,2024-05-22,2024-05-22 20:00:00+00:00,138059,value_area_bounce,1,13.088571428571802,18692.050000000003,18709.555,18680.305,18742.055,18742.39925054731,18748.943536261595,18735.854964833026,False,False,False,3662.3264536997985
1,2024-05-22 18:00:00+00:00,2024-05-22,2024-05-22 20:00:00+00:00,138070,value_area_bounce,1,10.544999999999813,18689.43,18691.980625000004,18682.026875000003,18711.888125,18739.34465197565,18744.61715197565,18734.07215197565,False,False,False,3413.5275287899376
1,2024-05-22 18:04:00+00:00,2024-05-22,2024-05-22 20:00:00+00:00,138074,value_area_bounce,1,15.290714285714785,18666.43,18687.588125000002,18661.998541666668,18713.177708333336,18734.093663931944,18741.7390210748,18726.448306789087,False,False,False,953.7529681625788
1,2024-05-22 18:05:00+00:00,2024-05-22,2024-05-22 20:00:00+00:00,138075,value_area_bounce,1,16.558571428571927,18680.93,18687.588125000002,18661.998541666668,18713.177708333336,18733.397149265063,18741.67643497935,18725.11786355078,False,False,False,1644.804617581275
1,2024-05-22 18:10:00+00:00,2024-05-22,2024-05-22 20:00:00+00:00,138080,value_area_bounce,1,17.60285714285783,18684.050000000003,18687.588125000002,18677.352291666662,18713.177708333336,18731.499892569453,18740.301321140883,18722.698463998022,False,False,True,3131.8543567862043
1,2024-05-22 19:44:00+00:00,2024-05-22,2024-05-22 20:00:00+00:00,138174,value_area_bounce,-1,10.500714285713912,18667.800000000003,18667.815625000003,18626.909375000003,18675.253125000003,18709.482617346155,18714.732974489012,18704.2322602033,False,False,False,-828.2883495622176
1,2024-05-22 19:48:00+00:00,2024-05-22,2024-05-22 20:00:00+00:00,138178,value_area_bounce,-1,8.90285714285658,18673.300000000003,18667.815625000003,18626.909375000003,18675.253125000003,18709.07836952329,18713.529798094718,18704.62694095186,False,False,False,-1402.8520459192762
1,2024-05-24 13:30:00+00:00,2024-05-24,2024-05-24 20:00:00+00:00,140554,value_area_bounce,-1,9.088571428571802,18681.04,18683.416875000003,18680.51104166667,18693.58729166667,18683.583333333332,18688.127619047616,18679.039047619048,False,False,False,-1669.9070338474698
1,2024-05-24 13:31:00+00:00,2024-05-24,2024-05-24 20:00:00+00:00,140555,value_area_bounce,1,9.794285714285902,18685.54,18684.29875,18679.521249999998,18692.261250000003,18682.947913440024,18687.845056297167,18678.050770582882,False,False,False,1910.8779123890888
1,2024-05-24 13:32:00+00:00,2024-05-24,2024-05-24 20:00:00+00:00,140556,value_area_bounce,1,9.955000000000187,18686.17,18684.29875,18679.521249999998,18687.48375,18682.9867230658,18687.9642230658,18678.009223065797,False,False,False,6142.42969968206
1,2024-05-24 13:33:00+00:00,2024-05-24,2024-05-24 20:00:00+00:00,140557,value_area_bounce,1,10.704285714286275,18690.79,18682.61770833333,18681.035625,18687.363958333335,18684.02078105035,18689.372923907493,18678.668638193205,False,False,False,8108.116323520293
1,2024-05-24 13:38:00+00:00,2024-05-24,2024-05-24 20:00:00+00:00,140562,value_area_bounce,-1,14.723571428571242,18682.67,18682.9575,18679.28083333333,18693.9875,18689.77625610235,18697.138041816634,18682.414470388063,False,False,False,-1818.2956874956803
1,2024-05-24 13:48:00+00:00,2024-05-24,2024-05-24 20:00:00+00:00,140572,value_area_bounce,-1,13.399999999999116,18692.54,18683.795,18670.295,18699.545,18693.079182893336,18699.779182893337,18686.379182893335,False,False,False,-451.6124922062804
1,2024-05-24 13:50:00+00:00,2024-05-24,2024-05-24 20:00:00+00:00,140574,value_area_bounce,-1,12.827857142856633,18683.54,18683.795,18670.295,18699.545,18692.844965102435,18699.258893673865,18686.431036531005,False,False,False,-2601.9603843334903
1,2024-05-24 14:00:00+00:00,2024-05-24,2024-05-24 20:00:00+00:00,140584,opening_range_breakout,1,14.942857142857195,18728.79,18681.059375,18669.678125,18692.440625,18691.836255473216,18699.307684044645,18684.364826901787,False,False,False,5226.550026499716
1,2024-05-24 17:30:00+00:00,2024-05-24,2024-05-24 20:00:00+00:00,140794,value_area_bounce,-1,5.7599999999994385,18828.79,18830.19125,18821.34625,18833.139583333334,18771.562043388134,18774.442043388135,18768.682043388133,False,False,False,-1043.034088244779
1,2024-05-24 17:35:00+00:00,2024-05-24,2024-05-24 20:00:00+00:00,140799,value_area_bounce,1,6.7064285714280105,18826.04,18822.820416666666,18818.39791666667,18831.665416666667,18772.219036749,18775.572251034715,18768.865822463285,False,False,False,23.81986795932272
1,2024-05-24 18:21:00+00:00,2024-05-24,2024-05-24 20:00:00+00:00,140845,value_area_bounce,-1,6.716428571427449,18847.54,18822.455,18814.308333333334,18850.96833333333,18778.285413297202,18781.643627582915,18774.92719901149,False,False,False,-1420.9832706523234
1,2024-05-24 19:05:00+00:00,2024-05-24,2024-05-24 20:00:00+00:00,140889,value_area_bounce,1,10.115714285714473,18793.04,18826.347083333334,18792.409583333334,18841.430416666662,18782.215974607072,18787.273831749928,18777.158117464216,False,False,False,2368.0718755659254
1,2024-05-24 19:06:00+00:00,2024-05-24,2024-05-24 20:00:00+00:00,140890,value_area_bounce,1,10.392857142857142,18800.04,18826.347083333334,18792.409583333334,18841.430416666662,18782.26927095862,18787.465699530047,18777.07284238719,False,False,False,3913.3014367255905
1,2024-05-24 19:32:00+00:00,2024-05-24,2024-05-24 20:00:00+00:00,140916,value_area_bounce,-1,6.9992857142860885,18803.17,18799.940833333334,18787.649166666662,18804.8575,18783.341995227038,18786.84163808418,18779.842352369895,False,False,False,-61.54237952255471
1,2024-05-24 19:54:00+00:00,2024-05-24,2024-05-24 20:00:00+00:00,140938,value_area_bounce,1,7.243571428571158,18804.54,18797.617916666666,18795.89375,18804.514583333334,18784.320360650534,18787.942146364818,18780.69857493625,False,False,False,1938.264216439851
1,2024-05-24 19:55:00+00:00,2024-05-24,2024-05-24 20:00:00+00:00,140939,value_area_bounce,-1,7.725714285714015,18798.17,18798.247708333332,18795.361875,18802.576458333333,18784.378364303007,18788.241221445864,18780.51550716015,False,False,False,-144.88168281671415
1,2024-05-24 19:58:00+00:00,2024-05-24,2024-05-24 20:00:00+00:00,140942,value_area_bounce,1,7.931428571428114,18806.54,18801.347083333334,18797.659583333334,18805.034583333334,18784.485587174986,18788.4513014607,18780.519872889272,False,False,False,1736.7515293316703
1,2024-05-28 13:31:00+00:00,2024-05-28,2024-05-28 20:00:00+00:00,143064,value_area_bounce,1,6.61428571428639,18880.53,18866.743125,18860.936875,18869.065625000003,18870.09110589463,18873.39824875177,18866.783963037487,False,False,False,6183.707610151528
1,2024-05-28 13:41:00+00:00,2024-05-28,2024-05-28 20:00:00+00:00,143074,value_area_bounce,1,14.15214285714319,18850.53,18857.842291666668,18849.820625,18871.880208333332,18857.319545695867,18864.39561712444,18850.243474267296,False,False,False,178.3376061338356
1,2024-05-28 15:02:00+00:00,2024-05-28,2024-05-28 20:00:00+00:00,143155,value_area_bounce,-1,7.785714285714286,18851.66,18829.394375,18819.852708333332,18858.019375,18835.94543608756,18839.83829323042,18832.052578944702,False,False,False,-1690.8442563979443
1,2024-05-28 15:33:00+00:00,2024-05-28,2024-05-28 20:00:00+00:00,143186,value_area_bounce,-1,5.5271428571429295,18867.03,18863.03,18854.696666666663,18871.363333333335,18839.439677175087,18842.20324860366,18836.676105746516,False,False,False,-1404.2207027723346
1,2024-05-28 15:57:00+00:00,2024-05-28,2024-05-28 20:00:00+00:00,143210,value_area_bounce,-1,4.653571428571793,18869.28,18871.034583333334,18860.35375,18874.08625,18841.850748268193,18844.177533982478,18839.523962553907,False,False,False,-1328.414069229212
1,2024-05-28 16:12:00+00:00,2024-05-28,2024-05-28 20:00:00+00:00,143225,value_area_bounce,1,5.455714285714358,18878.66,18871.144583333335,18867.69208333333,18874.597083333334,18843.11756694284,18845.8454240857,18840.389709799983,False,False,False,2516.9355368710158
1,2024-05-28 16:55:00+00:00,2024-05-28,2024-05-28 20:00:00+00:00,143268,value_area_bounce,-1,5.42928571428586,18876.16,18860.849374999998,18856.615625,18877.784375,18846.45682447359,18849.171467330732,18843.742181616446,False,False,False,-644.3813254142135
1,2024-05-28 16:56:00+00:00,2024-05-28,2024-05-28 20:00:00+00:00,143269,value_area_bounce,-1,5.767857142857143,18870.66,18860.849374999998,18856.615625,18877.784375,18846.548005387467,18849.431933958895,18843.66407681604,False,False,False,-1530.2908328030871
1,2024-05-28 17:01:00+00:00,2024-05-28,2024-05-28 20:00:00+00:00,143274,value_area_bounce,-1,7.312142857142784,18863.53,18860.849374999998,18860.849374999998,18879.195625,18846.948229110996,18850.604300539566,18843.292157682426,False,False,False,-1133.5673048233107
1,2024-05-28 17:02:00+00:00,2024-05-28,2024-05-28 20:00:00+00:00,143275,value_area_bounce,1,8.077142857142722,18864.53,18860.849374999998,18860.849374999998,18877.784375,18847.12794948614,18851.166520914714,18843.089378057568,False,False,False,942.8943639826663
1,2024-05-28 17:03:00+00:00,2024-05-28,2024-05-28 20:00:00+00:00,143276,value_area_bounce,1,8.28285714285708,18864.78,18861.105000000003,18853.355000000003,18876.605000000003,18847.250664593186,18851.392093164613,18843.10923602176,False,False,False,3188.6378974801964
1,2024-05-28 17:06:00+00:00,2024-05-28,2024-05-28 20:00:00+00:00,143279,value_area_bounce,1,9.264285714285506,18854.53,18861.338125000002,18849.271875,18873.404375,18847.38236802147,18852.014510878613,18842.750225164327,False,False,False,4157.45244203435
1,2024-05-28 17:07:00+00:00,2024-05-28,2024-05-28 20:00:00+00:00,143280,value_area_bounce,1,9.532142857142649,18860.16,18862.093125,18851.375625,18872.810625,18847.436101718682,18852.202173147252,18842.67003029011,False,False,False,3842.150773228872
1,2024-05-28 17:46:00+00:00,2024-05-28,2024-05-28 20:00:00+00:00,143319,value_area_bounce,-1,5.9185714285712105,18867.53,18867.81125,18856.90625,18875.08125,18849.975505659568,18852.934791373853,18847.016219945283,False,False,False,-763.9604064626751
1,2024-05-28 18:00:00+00:00,2024-05-28,2024-05-28 20:00:00+00:00,143333,value_area_bounce,1,9.66928571428564,18851.53,18869.649791666663,18847.670625,18871.847708333335,18850.10225886972,18854.936901726862,18845.267616012577,False,False,False,1065.6472504187832
1,2024-05-28 18:03:00+00:00,2024-05-28,2024-05-28 20:00:00+00:00,143336,value_area_bounce,1,10.02714285714293,18853.03,18869.649791666663,18847.670625,18871.847708333335,18850.07230483648,18855.085876265053,18845.05873340791,False,False,False,1932.6855419538838
1,2024-05-28 19:51:00+00:00,2024-05-28,2024-05-28 20:00:00+00:00,143444,value_area_bounce,-1,8.393571428571574,18830.28,18824.64,18815.239999999998,18837.8,18840.319495312277,18844.51628102656,18836.122709597992,False,False,False,-1556.1394130866815
1,2024-05-29 13:36:00+00:00,2024-05-29,2024-05-29 20:00:00+00:00,144449,value_area_bounce,-1,11.116428571428385,18737.370000000003,18746.244375000002,18724.565208333333,18748.412291666667,18742.34417967858,18747.902393964294,18736.785965392868,False,False,False,-2848.9538822402287
1,2024-05-29 13:44:00+00:00,2024-05-29,2024-05-29 20:00:00+00:00,144457,value_area_bounce,1,14.95642857142801,18736.620000000003,18746.959375,18726.116041666668,18749.564791666668,18744.074726728435,18751.55294101415,18736.59651244272,False,False,False,6830.430924405089
1,2024-05-29 13:45:00+00:00,2024-05-29,2024-05-29 20:00:00+00:00,144458,value_area_bounce,1,15.286428571428198,18746.0,18746.959375,18728.721458333333,18749.564791666668,18743.957476431817,18751.600690717532,18736.3142621461,False,False,False,5874.52532336006
1,2024-05-29 15:36:00+00:00,2024-05-29,2024-05-29 20:00:00+00:00,144569,value_area_bounce,1,8.348571428571242,18799.870000000003,18810.803125,18789.566875000004,18817.881875,18781.512626779466,18785.68691249375,18777.33834106518,False,False,False,1195.6068813177255
1,2024-05-29 16:00:00+00:00,2024-05-29,2024-05-29 20:00:00+00:00,144593,value_area_bounce,-1,7.518571428571055,18789.25,18784.666041666667,18781.655208333337,18795.203958333335,18782.409208513855,18786.16849422814,18778.64992279957,False,False,False,-976.8231536478036
1,2024-05-29 16:18:00+00:00,2024-05-29,2024-05-29 20:00:00+00:00,144611,value_area_bounce,1,7.946428571428571,18786.370000000003,18792.719583333335,18780.92625,18795.667916666665,18782.548664577058,18786.52187886277,18778.575450291344,False,False,False,1902.3480729476928
1,2024-05-29 17:01:00+00:00,2024-05-29,2024-05-29 20:00:00+00:00,144654,value_area_bounce,-1,6.540714285714785,18802.0,18813.807500000003,18790.057500000003,18820.932500000003,18785.454046083796,18788.724403226654,18782.18368894094,False,False,False,-2233.0015608330755
1,2024-05-29 17:08:00+00:00,2024-05-29,2024-05-29 20:00:00+00:00,144661,value_area_bounce,1,10.344285714286213,18801.370000000003,18805.307500000003,18790.307500000003,18812.807500000003,18785.982636338656,18791.1547791958,18780.810493481513,False,False,False,712.3436869558448
1,2024-05-29 17:10:00+00:00,2024-05-29,2024-05-29 20:00:00+00:00,144663,value_area_bounce,-1,10.57571428571516,18804.25,18805.12520833334,18796.427291666667,18812.083541666667,18786.101988127455,18791.389845270314,18780.814130984596,False,False,False,-325.74529221588807
1,2024-05-29 17:50:00+00:00,2024-05-29,2024-05-29 20:00:00+00:00,144703,value_area_bounce,1,7.972142857143418,18793.370000000003,18800.239583333336,18785.864583333336,18805.03125,18786.094627993985,18790.080699422557,18782.108556565414,False,False,False,1441.4075572146328
1,2024-05-29 18:07:00+00:00,2024-05-29,2024-05-29 20:00:00+00:00,144720,value_area_bounce,-1,6.7614285714272615,18799.870000000003,18786.71875,18766.510416666664,18804.90625,18786.914881909295,18790.29559619501,18783.53416762358,False,False,False,-91.15350098974932
1,2024-05-29 18:12:00+00:00,2024-05-29,2024-05-29 20:00:00+00:00,144725,value_area_bounce,-1,7.234285714284591,18804.370000000003,18809.171875,18782.765625,18811.203125,18787.227725850167,18790.84486870731,18783.610582993024,False,False,False,-408.5733072141297
1,2024-05-29 18:57:00+00:00,2024-05-29,2024-05-29 20:00:00+00:00,144770,value_area_bounce,1,9.490000000000562,18778.5,18772.609375,18764.067708333336,18798.234375,18787.064196737734,18791.809196737733,18782.319196737735,False,False,False,1392.8823618849974
1,2024-05-30 13:32:00+00:00,2024-05-30,2024-05-30 20:00:00+00:00,145825,value_area_bounce,1,8.536428571427937,18709.640000000003,18703.424375000002,18696.282708333336,18715.92229166667,18704.176223337516,18708.44443762323,18699.9080090518,False,False,False,683.7309472307852
1,2024-05-30 13:33:00+00:00,2024-05-30,2024-05-30 20:00:00+00:00,145826,value_area_bounce,-1,9.973571428570722,18694.640000000003,18703.424375000002,18696.282708333336,18715.92229166667,18703.874093731614,18708.8608794459,18698.88730801733,False,False,False,-3458.8490527684116
1,2024-05-30 13:42:00+00:00,2024-05-30,2024-05-30 20:00:00+00:00,145835,value_area_bounce,1,17.94642857142831,18695.640000000003,18702.661875,18679.955625000002,18722.124375,18686.374288494044,18695.347502779758,18677.40107420833,False,False,False,4212.455855982397
1,2024-05-30 14:01:00+00:00,2024-05-30,2024-05-30 20:00:00+00:00,145854,value_area_bounce,1,11.868571428571679,18691.140000000003,18688.515000000003,18685.365,18704.265000000003,18688.369139534887,18694.303425249174,18682.4348538206,False,False,False,2937.557769739124
1,2024-05-30 14:04:00+00:00,2024-05-30,2024-05-30 20:00:00+00:00,145857,value_area_bounce,1,12.660000000000375,18690.390000000003,18688.515000000003,18685.365,18707.415,18687.979308848957,18694.30930884896,18681.649308848955,False,False,False,2537.321214096535
1,2024-05-30 14:05:00+00:00,2024-05-30,2024-05-30 20:00:00+00:00,145858,value_area_bounce,1,12.954285714286275,18697.890000000003,18688.515000000003,18685.365,18704.265000000003,18688.147270908816,18694.62441376596,18681.67012805167,False,False,False,4137.628797412904
1,2024-05-30 14:22:00+00:00,2024-05-30,2024-05-30 20:00:00+00:00,145875,value_area_bounce,1,14.17928571428534,18681.890000000003,18690.754375,18676.629375,18704.879375,18683.10103583782,18690.190678694962,18676.011392980676,False,False,False,2188.332013285507
1,2024-05-30 16:50:00+00:00,2024-05-30,2024-05-30 20:00:00+00:00,146023,value_area_bounce,1,5.589285714285714,18639.27,18649.018750000003,18638.04625,18649.018750000003,18652.702077566064,18655.496720423205,18649.907434708923,False,False,False,480.68600073282556
1,2024-05-30 19:39:00+00:00,2024-05-30,2024-05-30 20:00:00+00:00,146192,value_area_bounce,1,11.125,18557.890000000003,18578.202500000003,18547.827500000003,18611.952500000003,18643.048677782317,18648.611177782317,18637.486177782317,False,False,False,626.5247909434278
1,2024-05-30 19:46:00+00:00,2024-05-30,2024-05-30 20:00:00+00:00,146199,value_area_bounce,1,11.827142857142983,18549.890000000003,18555.317083333335,18544.879583333335,18604.02541666667,18640.70582351089,18646.619394939462,18634.792252082316,False,False,False,5.560162742870489
1,2024-05-31 13:31:00+00:00,2024-05-31,2024-05-31 20:00:00+00:00,147204,value_area_bounce,1,9.776428571428239,18560.06,18561.107708333337,18552.263958333337,18605.326458333337,18558.524792335375,18563.41300662109,18553.63657804966,False,False,False,627.2208402936831
1,2024-05-31 14:00:00+00:00,2024-05-31,2024-05-31 20:00:00+00:00,147233,opening_range_breakout,-1,16.90214285714267,18472.69,18554.563125,18534.838125000002,18598.944375,18536.250345902954,18544.701417331526,18527.799274474382,False,False,False,-3374.1771981586717
1,2024-05-31 18:12:00+00:00,2024-05-31,2024-05-31 20:00:00+00:00,147485,value_area_bounce,1,8.317142857143283,18295.31,18300.6275,18290.83583333333,18312.3775,18360.703838926638,18364.86241035521,18356.545267498066,False,False,False,2066.1607694275217
1,2024-05-31 18:15:00+00:00,2024-05-31,2024-05-31 20:00:00+00:00,147488,value_area_bounce,1,8.387857142857943,18288.56,18292.794166666667,18281.044166666667,18304.544166666667,18360.232617816564,18364.426546387993,18356.038689245135,False,False,False,391.8011914621609
1,2024-05-31 18:51:00+00:00,2024-05-31,2024-05-31 20:00:00+00:00,147524,value_area_bounce,-1,9.044999999999813,18289.06,18286.47666666667,18274.81,18293.47666666667,18355.610967067427,18360.133467067426,18351.088467067428,False,False,False,-2564.366486804767
1,2024-05-31 19:57:00+00:00,2024-05-31,2024-05-31 20:00:00+00:00,147590,value_area_bounce,-1,16.245714285714712,18518.31,18514.9475,18373.694166666668,18523.775833333333,18366.134751309146,18374.257608452004,18358.011894166288,False,False,False,-2525.1951714288084
1,2024-06-03 13:35:00+00:00,2024-06-03,2024-06-03 20:00:00+00:00,148573,value_area_bounce,-1,10.811428571427834,18668.26,18669.68875,18644.17875,18671.814583333333,18673.303118333984,18678.708832619697,18667.89740404827,False,False,False,-1401.076744289183
1,2024-06-03 13:50:00+00:00,2024-06-03,2024-06-03 20:00:00+00:00,148588,value_area_bounce,-1,13.464285714285714,18676.76,18670.07,18646.230000000003,18693.909999999996,18686.449955860986,18693.182098718127,18679.717813003845,False,False,False,-4939.039932746544
1,2024-06-03 14:10:00+00:00,2024-06-03,2024-06-03 20:00:00+00:00,148608,value_area_bounce,1,20.860000000000582,18623.26,18636.864166666666,18615.40583333333,18679.78083333333,18663.10495402127,18673.53495402127,18652.67495402127,False,False,False,217.886495641093
1,2024-06-03 16:30:00+00:00,2024-06-03,2024-06-03 20:00:00+00:00,148748,value_area_bounce,1,14.528571428571013,18474.390000000003,18463.627708333333,18452.17354166667,18560.988124999996,18604.027824250497,18611.292109964783,18596.763538536212,False,False,False,1730.0602670303244
1,2024-06-03 16:54:00+00:00,2024-06-03,2024-06-03 20:00:00+00:00,148772,value_area_bounce,1,12.856428571427907,18459.76,18463.461875,18447.445625,18495.494375000002,18591.428771724863,18597.856986010578,18585.000557439147,False,False,False,1273.645420280232
1,2024-06-03 18:21:00+00:00,2024-06-03,2024-06-03 20:00:00+00:00,148859,value_area_bounce,1,11.303571428571429,18527.76,18521.338750000003,18506.06125,18530.068750000002,18570.683255919263,18576.33504163355,18565.031470204976,False,False,False,2282.472582602342
1,2024-06-03 18:58:00+00:00,2024-06-03,2024-06-03 20:00:00+00:00,148896,value_area_bounce,1,9.947857142858473,18520.26,18527.213125,18507.963125,18534.431875,18567.513963433088,18572.487892004516,18562.54003486166,False,False,False,88.08099271757465
1,2024-06-03 19:30:00+00:00,2024-06-03,2024-06-03 20:00:00+00:00,148928,value_area_bounce,-1,10.12428571428505,18537.51,18527.213125,18514.973541666666,18539.45270833333,18565.91395096977,18570.976093826914,18560.851808112628,False,False,False,-1284.2471233204844
1,2024-06-03 19:37:00+00:00,2024-06-03,2024-06-03 20:00:00+00:00,148935,value_area_bounce,-1,10.588571428570763,18540.26,18522.317291666666,18505.181875,18541.900625,18565.725022946917,18571.0193086612,18560.430737232633,False,False,False,-97.59378069670174
1,2024-06-03 19:38:00+00:00,2024-06-03,2024-06-03 20:00:00+00:00,148936,value_area_bounce,-1,10.633571428571097,18534.26,18522.317291666666,18505.181875,18541.900625,18565.67843399653,18570.995219710818,18560.361648282244,False,False,False,-1508.927114030035
1,2024-06-03 19:47:00+00:00,2024-06-03,2024-06-03 20:00:00+00:00,148945,value_area_bounce,-1,11.550714285714744,18548.26,18552.79104166667,18526.551458333335,18555.176458333335,18565.318540372147,18571.093897515006,18559.54318322929,False,False,False,-1080.2861087599658
1,2024-06-03 19:50:00+00:00,2024-06-03,2024-06-03 20:00:00+00:00,148948,value_area_bounce,-1,11.087142857143979,18554.01,18552.256250000002,18532.514583333334,18556.204583333336,18565.269672618844,18570.813244047415,18559.726101190274,False,False,False,-214.29589889341582
1,2024-06-04 13:33:00+00:00,2024-06-04,2024-06-04 20:00:00+00:00,149951,value_area_bounce,-1,9.147857142857902,18576.1,18591.896458333336,18567.092291666668,18591.896458333336,18592.074712146747,18596.648640718176,18587.500783575317,False,False,False,-2357.6675114677505
1,2024-06-04 13:36:00+00:00,2024-06-04,2024-06-04 20:00:00+00:00,149954,value_area_bounce,1,13.600714285716094,18586.980000000003,18591.376875,18571.213958333334,18600.018125000002,18580.477872146115,18587.278229288975,18573.677515003255,False,False,False,3551.7525934566984
1,2024-06-04 13:41:00+00:00,2024-06-04,2024-06-04 20:00:00+00:00,149959,value_area_bounce,1,16.546428571429974,18586.6,18591.376875,18576.974791666667,18600.018125000002,18581.293609800956,18589.566824086673,18573.02039551524,False,False,False,961.9276500060612
1,2024-06-04 13:47:00+00:00,2024-06-04,2024-06-04 20:00:00+00:00,149965,value_area_bounce,1,16.357857142857807,18581.6,18585.616041666668,18574.094375,18591.376875,18581.557897062165,18589.736825633594,18573.378968490735,False,False,False,2084.988888482187
1,2024-06-04 14:01:00+00:00,2024-06-04,2024-06-04 20:00:00+00:00,149979,opening_range_breakout,1,18.077857142857933,18621.480000000003,18583.073958333334,18576.438125,18593.027708333335,18581.923334244202,18590.962262815632,18572.884405672772,False,False,False,5473.57542987464
1,2024-06-04 14:05:00+00:00,2024-06-04,2024-06-04 20:00:00+00:00,149983,value_area_bounce,-1,21.845714285715076,18558.35,18581.969791666663,18574.948958333334,18599.521875,18584.5099061756,18595.43276331846,18573.587049032743,False,False,False,-4655.640443216951
1,2024-06-04 14:10:00+00:00,2024-06-04,2024-06-04 20:00:00+00:00,149988,value_area_bounce,1,25.07714285714298,18573.1,18560.907291666663,18560.907291666663,18592.501041666663,18581.129652925807,18593.66822435438,18568.591081497234,False,False,False,754.2209166861076
1,2024-06-04 17:10:00+00:00,2024-06-04,2024-06-04 20:00:00+00:00,150168,value_area_bounce,1,8.62428571428505,18575.1,18566.599791666667,18563.29770833334,18599.620625000003,18573.146649656854,18577.458792513997,18568.83450679971,False,False,False,877.3860341939903
1,2024-06-04 17:57:00+00:00,2024-06-04,2024-06-04 20:00:00+00:00,150215,value_area_bounce,1,8.474285714286712,18589.85,18585.5375,18583.4125,18598.2875,18574.82620572614,18579.063348583284,18570.589062869,False,False,False,1714.3797372541726
1,2024-06-04 19:08:00+00:00,2024-06-04,2024-06-04 20:00:00+00:00,150286,value_area_bounce,1,16.36428571428405,18615.480000000003,18687.34333333333,18606.59666666667,18692.39,18590.598443963285,18598.780586820427,18582.416301106143,False,False,False,3074.902332367167
1,2024-06-04 19:10:00+00:00,2024-06-04,2024-06-04 20:00:00+00:00,150288,value_area_bounce,1,16.04357142857043,18621.6,18687.34333333333,18611.643333333333,18692.39,18590.822921766157,18598.844707480443,18582.801136051872,False,False,False,4632.109889300391
1,2024-06-05 13:30:00+00:00,2024-06-05,2024-06-05 20:00:00+00:00,151328,value_area_bounce,-1,6.107142857143117,18790.230000000003,18802.167500000003,18785.460833333334,18808.432500000003,18798.523333333338,18801.57690476191,18795.469761904766,False,False,False,-3256.6519259555807
1,2024-06-05 13:39:00+00:00,2024-06-05,2024-06-05 20:00:00+00:00,151337,value_area_bounce,-1,12.77714285714293,18784.86,18796.606041666666,18783.022708333338,18798.303958333338,18794.75136817147,18801.13993960004,18788.3627967429,False,False,False,-2425.8261525019725
1,2024-06-05 13:41:00+00:00,2024-06-05,2024-06-05 20:00:00+00:00,151339,value_area_bounce,1,13.661428571428457,18798.480000000003,18797.46541666667,18789.319583333338,18807.240416666667,18794.32366814137,18801.154382427085,18787.492953855653,False,False,False,3264.088855599839
1,2024-06-05 13:45:00+00:00,2024-06-05,2024-06-05 20:00:00+00:00,151343,value_area_bounce,1,13.13571428571335,18807.480000000003,18797.46541666667,18790.948750000003,18803.982083333336,18795.081907132284,18801.649764275142,18788.514049989426,False,False,False,1859.4221613049053
1,2024-06-05 13:50:00+00:00,2024-06-05,2024-06-05 20:00:00+00:00,151348,value_area_bounce,-1,12.796428571427636,18791.480000000003,18797.46541666667,18795.83625,18807.240416666667,18796.96408967894,18803.36230396465,18790.565875393226,False,False,False,-1371.1441679058162
1,2024-06-05 13:56:00+00:00,2024-06-05,2024-06-05 20:00:00+00:00,151354,value_area_bounce,-1,14.421428571427636,18804.11,18796.692916666667,18787.238750000004,18804.256250000002,18799.668930270593,18806.879644556306,18792.45821598488,False,False,False,-136.0285266859496
1,2024-06-05 14:00:00+00:00,2024-06-05,2024-06-05 20:00:00+00:00,151358,value_area_bounce,1,16.741428571428383,18816.86,18796.692916666667,18787.238750000004,18806.147083333337,18800.198326501177,18808.56904078689,18791.827612215464,False,False,False,3731.458828757763
1,2024-06-05 14:06:00+00:00,2024-06-05,2024-06-05 20:00:00+00:00,151364,value_area_bounce,-1,17.794285714285902,18793.980000000003,18812.497916666667,18797.102916666667,18812.497916666667,18802.95791308388,18811.85505594102,18794.060770226737,False,False,False,-4832.650222581623
1,2024-06-05 14:08:00+00:00,2024-06-05,2024-06-05 20:00:00+00:00,151366,value_area_bounce,1,18.758571428571617,18798.36,18797.102916666667,18797.102916666667,18812.497916666667,18802.61599416473,18811.99527987902,18793.236708450444,False,False,False,540.0582215988089
1,2024-06-05 16:31:00+00:00,2024-06-05,2024-06-05 20:00:00+00:00,151509,value_area_bounce,1,5.8457142857140365,18936.480000000003,18932.047083333335,18930.697916666668,18941.491250000003,18856.66643728531,18859.589294428166,18853.74358014245,False,False,False,712.3418180542801
1,2024-06-05 17:41:00+00:00,2024-06-05,2024-06-05 20:00:00+00:00,151579,value_area_bounce,-1,6.88571428571335,18977.980000000003,18980.073541666665,18959.552708333336,18984.177708333336,18872.640252212983,18876.08310935584,18869.197395070125,False,False,False,-166.0608841339265
1,2024-06-05 18:21:00+00:00,2024-06-05,2024-06-05 20:00:00+00:00,151619,value_area_bounce,1,6.755000000000499,18982.480000000003,18976.834375000002,18975.693958333337,18985.957708333335,18881.027129030725,18884.404629030723,18877.649629030726,False,False,False,1105.15300584133
1,2024-06-05 19:26:00+00:00,2024-06-05,2024-06-05 20:00:00+00:00,151684,value_area_bounce,1,6.180714285714722,19000.730000000003,19002.1725,18999.1875,19007.1475,18893.506188515632,18896.59654565849,18890.415831372775,False,False,False,617.6182811182115
1,2024-06-05 19:30:00+00:00,2024-06-05,2024-06-05 20:00:00+00:00,151688,value_area_bounce,1,6.996428571428884,19004.230000000003,19005.208958333336,18998.281875,19007.188125,18894.575669291644,18898.07388357736,18891.07745500593,False,False,False,2365.2816593332773
1,2024-06-05 19:33:00+00:00,2024-06-05,2024-06-05 20:00:00+00:00,151691,value_area_bounce,1,7.484285714286151,19001.230000000003,18999.807916666665,18998.787083333336,19007.974583333336,18895.272487043883,18899.014629901027,18891.53034418674,False,False,False,1865.3564974216647
1,2024-06-05 19:34:00+00:00,2024-06-05,2024-06-05 20:00:00+00:00,151692,value_area_bounce,1,7.448571428571865,19002.230000000003,18999.807916666665,18998.787083333336,19007.974583333336,18895.484680783,18899.208966497285,18891.760395068715,False,False,False,1702.7283773873578
1,2024-06-05 19:44:00+00:00,2024-06-05,2024-06-05 20:00:00+00:00,151702,value_area_bounce,-1,7.16285714285758,19004.480000000003,19011.073541666665,18999.094375,19011.073541666665,18897.644407280182,18901.225835851612,18894.062978708753,False,False,False,-470.7830143033008
1,2024-06-05 19:50:00+00:00,2024-06-05,2024-06-05 20:00:00+00:00,151708,value_area_bounce,1,7.952142857142982,19003.480000000003,18996.698541666665,18996.698541666665,19009.875625,18899.3481478931,18903.324219321672,18895.372076464526,False,False,False,1187.1146997558478
1,2024-06-06 13:38:00+00:00,2024-06-06,2024-06-06 20:00:00+00:00,152716,value_area_bounce,-1,12.553571428571429,19067.66,19060.494583333333,19055.542083333334,19070.399583333332,19068.15174617472,19074.428531889007,19061.874960460435,False,False,False,-665.5807408032148
1,2024-06-06 13:41:00+00:00,2024-06-06,2024-06-06 20:00:00+00:00,152719,value_area_bounce,-1,13.799999999999793,19070.53,19072.787291666667,19060.943958333333,19077.228541666667,19069.141907381807,19076.04190738181,19062.241907381806,False,False,False,-2433.0869051262525
1,2024-06-06 13:42:00+00:00,2024-06-06,2024-06-06 20:00:00+00:00,152720,value_area_bounce,-1,14.210714285714078,19066.78,19072.787291666667,19060.943958333333,19077.228541666667,19069.13512114479,19076.240478287647,19062.029764001934,False,False,False,-2703.752888563369
1,2024-06-06 13:44:00+00:00,2024-06-06,2024-06-06 20:00:00+00:00,152722,value_area_bounce,-1,13.90785714285708,19068.28,19069.830416666668,19051.292083333334,19072.478750000002,19069.193730591283,19076.14765916271,19062.239802019856,False,False,False,-4209.289437717349
1,2024-06-06 13:45:00+00:00,2024-06-06,2024-06-06 20:00:00+00:00,152723,value_area_bounce,-1,14.094999999999866,19052.91,19069.830416666668,19055.264583333334,19069.830416666668,19068.46002032336,19075.50752032336,19061.41252032336,False,False,False,-4701.296155565393
1,2024-06-06 14:03:00+00:00,2024-06-06,2024-06-06 20:00:00+00:00,152741,value_area_bounce,1,15.008571428571356,19036.28,19070.232916666668,19035.44125,19077.19125,19046.111004373193,19053.61529008748,19038.606718658906,False,False,False,5356.816775545148
1,2024-06-06 14:06:00+00:00,2024-06-06,2024-06-06 20:00:00+00:00,152744,value_area_bounce,1,15.0,19034.78,19070.232916666668,19031.962083333332,19077.19125,19044.98659282912,19052.48659282912,19037.48659282912,False,False,False,3618.4300813497402
1,2024-06-06 14:51:00+00:00,2024-06-06,2024-06-06 20:00:00+00:00,152789,value_area_bounce,-1,9.010000000000218,19045.28,19036.035,19016.785,19052.535,19044.825981722504,19049.330981722505,19040.320981722503,False,False,False,-966.7799020960776
1,2024-06-06 16:15:00+00:00,2024-06-06,2024-06-06 20:00:00+00:00,152873,value_area_bounce,-1,7.170000000000073,19022.16,19029.098124999997,19025.801874999997,19035.690625,19043.400979278933,19046.985979278932,19039.815979278934,False,False,False,-1976.4192957144148
1,2024-06-06 16:41:00+00:00,2024-06-06,2024-06-06 20:00:00+00:00,152899,value_area_bounce,1,8.231428571428426,19010.78,19013.237083333333,19002.892083333332,19032.202916666665,19040.874969367702,19044.990683653417,19036.759255081986,False,False,False,1815.204686021491
1,2024-06-06 18:00:00+00:00,2024-06-06,2024-06-06 20:00:00+00:00,152978,value_area_bounce,1,6.795000000000073,19044.28,19046.5775,19037.8625,19050.3125,19039.814228715873,19043.211728715873,19036.416728715874,False,False,False,548.317721253097
1,2024-06-06 18:18:00+00:00,2024-06-06,2024-06-06 20:00:00+00:00,152996,value_area_bounce,1,10.562857142857215,19020.53,19046.514166666668,19006.9725,19055.639166666668,19037.675783123184,19042.957211694615,19032.394354551754,False,False,False,1495.038624851793
1,2024-06-06 19:28:00+00:00,2024-06-06,2024-06-06 20:00:00+00:00,153066,value_area_bounce,1,7.260000000000218,19023.78,19036.0075,19020.957499999997,19036.0075,19035.379644577057,19039.009644577058,19031.749644577056,False,False,False,1161.6641822177276
1,2024-06-06 19:47:00+00:00,2024-06-06,2024-06-06 20:00:00+00:00,153085,value_area_bounce,1,8.270000000000437,19023.78,19027.300833333335,19018.259166666663,19036.3425,19034.757778293268,19038.892778293266,19030.62277829327,False,False,False,928.7030242926073
1,2024-06-06 19:51:00+00:00,2024-06-06,2024-06-06 20:00:00+00:00,153089,value_area_bounce,-1,8.314285714286077,19026.03,19027.900208333333,19019.36770833333,19036.432708333334,19034.733423730715,19038.89056658786,19030.57628087357,False,False,False,-1414.6280030566331
1,2024-06-06 19:54:00+00:00,2024-06-06,2024-06-06 20:00:00+00:00,153092,value_area_bounce,-1,8.367142857143076,19031.03,19029.322291666664,19019.36770833333,19036.432708333334,19034.701260973634,19038.884832402204,19030.517689545064,False,False,False,-2086.320486063498
1,2024-06-06 19:55:00+00:00,2024-06-06,2024-06-06 20:00:00+00:00,153093,value_area_bounce,-1,8.750714285714432,19028.66,19029.322291666664,19019.36770833333,19036.432708333334,19034.68475787761,19039.060115020467,19030.309400734754,False,False,False,-2724.0172537398757
1,2024-06-06 19:58:00+00:00,2024-06-06,2024-06-06 20:00:00+00:00,153096,value_area_bounce,-1,8.661428571428717,19023.28,19029.322291666664,19016.523541666666,19030.744375000002,19034.618980741532,19038.949695027248,19030.288266455816,False,False,False,-4723.018323497609
1,2024-06-07 13:30:00+00:00,2024-06-07,2024-06-07 20:00:00+00:00,154088,value_area_bounce,-1,11.615714285714214,18977.92,18951.62375,18907.715416666666,18982.359583333335,18985.423333333336,18991.231190476192,18979.61547619048,False,False,False,-1609.9968566775196
1,2024-06-07 13:38:00+00:00,2024-06-07,2024-06-07 20:00:00+00:00,154096,value_area_bounce,1,15.971428571426909,18979.67,18983.75,18969.27,19005.47,18979.11972574256,18987.105440028274,18971.134011456845,False,False,False,1183.6423580343585
1,2024-06-07 13:57:00+00:00,2024-06-07,2024-06-07 20:00:00+00:00,154115,value_area_bounce,-1,14.007857142856144,18992.92,18980.893750000003,18968.97708333334,18995.78958333334,18986.900756034072,18993.9046846055,18979.896827462646,False,False,False,-3443.3056472183857
1,2024-06-07 15:10:00+00:00,2024-06-07,2024-06-07 20:00:00+00:00,154188,value_area_bounce,1,13.160714285714286,18994.92,19005.072500000002,18989.052500000005,19045.122499999998,19005.59571480456,19012.17607194742,18999.0153576617,False,False,False,1649.2535369996783
1,2024-06-07 15:11:00+00:00,2024-06-07,2024-06-07 20:00:00+00:00,154189,value_area_bounce,1,13.142142857142192,18991.92,19005.072500000002,18989.052500000005,19045.122499999998,19005.442373256865,19012.013444685435,18998.871301828294,False,False,False,3018.451049080437
1,2024-06-07 15:36:00+00:00,2024-06-07,2024-06-07 20:00:00+00:00,154214,value_area_bounce,-1,10.608571428572759,19029.92,18996.15604166667,18983.42229166667,19042.846458333333,19007.09580094139,19012.400086655678,19001.791515227105,False,False,False,-759.3296408099349
1,2024-06-07 16:37:00+00:00,2024-06-07,2024-06-07 20:00:00+00:00,154275,value_area_bounce,-1,7.812142857142525,19069.42,19060.93020833333,19042.663125,19076.587708333333,19015.28736981744,19019.19344124601,19011.38129838887,False,False,False,-2447.990329872705
1,2024-06-07 16:46:00+00:00,2024-06-07,2024-06-07 20:00:00+00:00,154284,value_area_bounce,-1,8.409285714284383,19057.92,19061.695625,19047.538125,19073.49354166667,19016.714959281057,19020.919602138198,19012.510316423915,False,False,False,-746.7124261091259
1,2024-06-07 17:39:00+00:00,2024-06-07,2024-06-07 20:00:00+00:00,154337,value_area_bounce,1,9.29214285714053,19094.42,19093.779166666667,19090.57083333334,19106.612500000003,19030.30095486147,19034.94702629004,19025.654883432897,False,False,False,444.6900930426616
1,2024-06-07 17:46:00+00:00,2024-06-07,2024-06-07 20:00:00+00:00,154344,value_area_bounce,1,8.935714285712622,19087.800000000003,19094.486875000002,19084.204375,19097.914375,19031.539475353246,19036.0073324961,19027.07161821039,False,False,False,141.70572575508322
1,2024-06-07 19:50:00+00:00,2024-06-07,2024-06-07 20:00:00+00:00,154468,value_area_bounce,1,10.275714285713288,19009.92,19009.11708333333,18997.68041666667,19023.412916666668,19024.59248658648,19029.730343729338,19019.454629443622,False,False,False,534.6984004530239
1,2024-06-07 19:54:00+00:00,2024-06-07,2024-06-07 20:00:00+00:00,154472,value_area_bounce,1,11.94571428571362,18999.17,19003.39875,18994.82125,19023.412916666668,19024.26102319514,19030.233880337997,19018.288166052283,False,False,False,1024.355917232765
1,2024-06-10 13:31:00+00:00,2024-06-10,2024-06-10 20:00:00+00:00,155454,value_area_bounce,1,7.313571428570867,18962.210000000003,18961.09125,18961.09125,18969.52875,18960.687158636516,18964.343944350803,18957.03037292223,False,False,False,3185.1980154034145
1,2024-06-10 13:45:00+00:00,2024-06-10,2024-06-10 20:00:00+00:00,155468,value_area_bounce,1,14.063571428570867,18980.710000000003,18988.131875000003,18967.163125000003,18991.944375000003,18978.16492428763,18985.196710001917,18971.133138573343,False,False,False,1146.6542677216053
1,2024-06-10 15:58:00+00:00,2024-06-10,2024-06-10 20:00:00+00:00,155601,value_area_bounce,-1,6.616428571428385,19068.460000000003,19068.084791666668,19050.553541666668,19077.824375,19004.87310440131,19008.181318687024,19001.5648901156,False,False,False,-577.2454412254503
1,2024-06-10 16:25:00+00:00,2024-06-10,2024-06-10 20:00:00+00:00,155628,value_area_bounce,-1,6.517857142857143,19071.960000000003,19067.949375,19061.491041666668,19077.636875,19011.465476150424,19014.724404721852,19008.206547578997,False,False,False,-154.1767897237753
1,2024-06-10 16:46:00+00:00,2024-06-10,2024-06-10 20:00:00+00:00,155649,value_area_bounce,-1,6.214999999999626,19076.34,19077.636875,19067.949375,19084.095208333332,19015.503255841635,19018.610755841633,19012.395755841637,False,False,False,-182.86511278250612
1,2024-06-10 16:50:00+00:00,2024-06-10,2024-06-10 20:00:00+00:00,155653,value_area_bounce,1,6.339999999999626,19081.710000000003,19078.074375,19073.355625,19089.084791666668,19016.363814163724,19019.533814163722,19013.193814163726,False,False,False,394.723202400046
1,2024-06-10 17:05:00+00:00,2024-06-10,2024-06-10 20:00:00+00:00,155668,value_area_bounce,1,8.062142857143044,19081.960000000003,19080.111666666668,19073.298333333332,19085.221666666668,19019.120836924736,19023.151908353306,19015.089765496166,False,False,False,1244.9764329804593
1,2024-06-10 18:05:00+00:00,2024-06-10,2024-06-10 20:00:00+00:00,155728,value_area_bounce,-1,6.589285714285714,19069.59,19034.088125000002,19028.785625000004,19071.205625000002,19025.528313599225,19028.822956456366,19022.233670742084,False,False,False,-324.76831790793057
1,2024-06-10 18:25:00+00:00,2024-06-10,2024-06-10 20:00:00+00:00,155748,value_area_bounce,1,12.321428571428571,19038.960000000003,19073.845208333332,19036.220208333332,19086.386875,19027.477456979123,19033.638171264836,19021.31674269341,False,False,False,1492.7558807278756
1,2024-06-10 18:28:00+00:00,2024-06-10,2024-06-10 20:00:00+00:00,155751,value_area_bounce,1,12.213571428571802,19028.210000000003,19036.220208333332,19017.407708333332,19070.709791666668,19027.511082876063,19033.617868590347,19021.40429716178,False,False,False,46.15339307733103
1,2024-06-10 18:31:00+00:00,2024-06-10,2024-06-10 20:00:00+00:00,155754,value_area_bounce,1,12.54357142857199,19016.710000000003,19034.199375,19010.063958333332,19068.678541666668,19027.402118162143,19033.673903876428,19021.130332447858,False,False,False,655.3529212684232
1,2024-06-10 18:42:00+00:00,2024-06-10,2024-06-10 20:00:00+00:00,155765,value_area_bounce,-1,11.258571428571615,19048.210000000003,19033.725416666668,19008.892083333332,19055.454583333332,19027.84136813563,19033.470653849916,19022.21208242134,False,False,False,-632.779538167858
1,2024-06-10 19:31:00+00:00,2024-06-10,2024-06-10 20:00:00+00:00,155814,value_area_bounce,-1,7.285714285714286,19073.34,19052.585000000003,19042.25166666667,19081.00166666667,19032.84131778805,19036.48417493091,19029.19846064519,False,False,False,-827.168088064727
1,2024-06-10 19:57:00+00:00,2024-06-10,2024-06-10 20:00:00+00:00,155840,value_area_bounce,1,8.64214285714323,19073.460000000003,19070.24229166667,19066.503125,19081.459791666668,19035.422462827242,19039.743534255813,19031.10139139867,False,False,False,1299.50259244383
1,2024-06-10 19:58:00+00:00,2024-06-10,2024-06-10 20:00:00+00:00,155841,value_area_bounce,-1,9.615714285714473,19068.710000000003,19070.24229166667,19066.503125,19081.459791666668,19035.60088585144,19040.408742994296,19030.793028708584,False,False,False,-1825.774200286589
1,2024-06-10 19:59:00+00:00,2024-06-10,2024-06-10 20:00:00+00:00,155842,value_area_bounce,1,10.34714285714342,19086.09,19070.24229166667,19066.503125,19081.459791666668,19036.164980798214,19041.338552226785,19030.991409369642,False,False,False,3453.6801567876582
1,2024-06-11 13:31:00+00:00,2024-06-11,2024-06-11 20:00:00+00:00,156834,value_area_bounce,-1,6.830714285714358,19024.52,19035.905208333337,19027.94854166667,19035.905208333337,19033.0406581565,19036.456015299358,19029.625301013642,False,False,False,-1932.8942905837594
1,2024-06-11 13:38:00+00:00,2024-06-11,2024-06-11 20:00:00+00:00,156841,value_area_bounce,-1,11.580714285714098,19044.65,19034.402083333334,19019.435416666667,19045.627083333333,19043.424081244077,19049.214438386934,19037.63372410122,False,False,False,-7580.928633592106
1,2024-06-11 13:39:00+00:00,2024-06-11,2024-06-11 20:00:00+00:00,156842,value_area_bounce,-1,11.77714285714293,19034.02,19034.402083333334,19019.435416666667,19047.497916666667,19042.960526624316,19048.849098052888,19037.071955195745,False,False,False,-7978.9533465118475
1,2024-06-11 15:35:00+00:00,2024-06-11,2024-06-11 20:00:00+00:00,156958,value_area_bounce,-1,7.687142857142784,19086.52,19090.540625,19073.978125,19100.478125,19051.026569391463,19054.870140820032,19047.182997962893,False,False,False,-648.0484617353288
1,2024-06-11 16:59:00+00:00,2024-06-11,2024-06-11 20:00:00+00:00,157042,value_area_bounce,1,5.883571428571356,19074.65,19078.875208333335,19068.998541666668,19080.10979166667,19055.73911952142,19058.680905235706,19052.79733380713,False,False,False,549.1395836836753
1,2024-06-11 17:00:00+00:00,2024-06-11,2024-06-11 20:00:00+00:00,157043,value_area_bounce,-1,6.178571428571429,19069.27,19072.70229166667,19068.998541666668,19080.10979166667,19055.789072607935,19058.87835832222,19052.69978689365,False,False,False,-841.2089862524842
1,2024-06-11 17:01:00+00:00,2024-06-11,2024-06-11 20:00:00+00:00,157044,value_area_bounce,1,6.687142857142784,19075.02,19072.70229166667,19068.998541666668,19078.875208333335,19055.850679903426,19059.194251331995,19052.507108474856,False,False,False,84.2380216782824
1,2024-06-11 18:09:00+00:00,2024-06-11,2024-06-11 20:00:00+00:00,157112,value_area_bounce,-1,6.098571428571502,19131.52,19099.540833333333,19084.74916666667,19135.040833333333,19063.987325869304,19067.03661158359,19060.93804015502,False,False,False,-3107.797130389922
1,2024-06-11 18:44:00+00:00,2024-06-11,2024-06-11 20:00:00+00:00,157147,value_area_bounce,-1,7.867142857143075,19180.77,19139.603125,19129.571875,19189.759375,19072.61278341681,19076.54635484538,19068.67921198824,False,False,False,-453.76385635458024
1,2024-06-11 19:30:00+00:00,2024-06-11,2024-06-11 20:00:00+00:00,157193,value_area_bounce,1,6.584285714285476,19173.77,19176.070833333335,19166.100833333334,19191.025833333333,19081.51739626688,19084.809539124024,19078.22525340974,False,False,False,994.8325833744859
1,2024-06-11 19:36:00+00:00,2024-06-11,2024-06-11 20:00:00+00:00,157199,value_area_bounce,1,7.2628571428569035,19171.27,19175.884375,19164.134375,19184.696875,19082.669350144435,19086.300778715864,19079.037921573006,False,False,False,244.22775872606883
1,2024-06-11 19:50:00+00:00,2024-06-11,2024-06-11 20:00:00+00:00,157213,value_area_bounce,1,7.749285714285569,19173.77,19178.7125,19168.504166666666,19181.629166666666,19085.77145574824,19089.646098605383,19081.896812891096,False,False,False,74.41766414863952
1,2024-06-12 13:31:00+00:00,2024-06-12,2024-06-12 20:00:00+00:00,158214,value_area_bounce,1,8.812857142856956,19382.86,19396.46083333333,19381.7025,19400.677499999998,19369.560666666668,19373.9670952381,19365.154238095238,False,False,False,109.09738298565526
1,2024-06-12 13:32:00+00:00,2024-06-12,2024-06-12 20:00:00+00:00,158215,value_area_bounce,1,9.893571428571315,19396.24,19396.46083333333,19377.485833333332,19400.677499999998,19376.83548975606,19381.782275470345,19371.888704041776,False,False,False,3310.0838963950373
1,2024-06-12 14:39:00+00:00,2024-06-12,2024-06-12 20:00:00+00:00,158282,value_area_bounce,-1,8.626428571428862,19491.11,19476.465208333335,19459.872708333336,19493.057708333334,19457.673476126194,19461.986690411908,19453.36026184048,False,False,False,-4646.031210759962
1,2024-06-12 16:32:00+00:00,2024-06-12,2024-06-12 20:00:00+00:00,158395,value_area_bounce,1,5.469285714285694,19487.74,19485.99,19484.49,19499.49,19472.340731782155,19475.0753746393,19469.60608892501,False,False,False,680.9444179305225
1,2024-06-12 16:35:00+00:00,2024-06-12,2024-06-12 20:00:00+00:00,158398,value_area_bounce,1,5.3799999999999795,19478.11,19486.318125,19475.349375,19491.193125,19472.414724598937,19475.104724598936,19469.72472459894,False,False,False,615.2078790789138
1,2024-06-12 16:50:00+00:00,2024-06-12,2024-06-12 20:00:00+00:00,158413,value_area_bounce,-1,5.284285714285423,19484.61,19477.786875,19477.786875,19488.536875,19472.875132279096,19475.517275136237,19470.232989421955,False,False,False,-1126.651137681468
1,2024-06-12 17:30:00+00:00,2024-06-12,2024-06-12 20:00:00+00:00,158453,value_area_bounce,-1,5.274285714285985,19492.61,19485.07729166667,19476.925208333334,19499.751041666666,19474.55958919326,19477.196732050405,19471.922446336117,False,False,False,-1203.969673814855
1,2024-06-12 17:38:00+00:00,2024-06-12,2024-06-12 20:00:00+00:00,158461,value_area_bounce,1,7.849285714285933,19490.61,19498.902291666665,19485.447708333333,19504.668541666666,19474.809144300456,19478.7337871576,19470.884501443314,False,False,False,1121.2792214812434
1,2024-06-12 17:48:00+00:00,2024-06-12,2024-06-12 20:00:00+00:00,158471,value_area_bounce,1,5.821428571428571,19486.11,19498.902291666665,19485.447708333333,19504.668541666666,19475.099491723915,19478.01020600963,19472.1887774382,False,False,False,225.00320609508344
1,2024-06-12 17:49:00+00:00,2024-06-12,2024-06-12 20:00:00+00:00,158472,value_area_bounce,1,5.329999999999927,19487.61,19498.902291666665,19485.447708333333,19504.668541666666,19475.123587412898,19477.7885874129,19472.458587412897,False,False,False,1324.4868077646279
1,2024-06-12 17:52:00+00:00,2024-06-12,2024-06-12 20:00:00+00:00,158475,value_area_bounce,1,5.7935714285712105,19492.49,19498.902291666665,19485.447708333333,19504.668541666666,19475.1974515143,19478.094237228586,19472.300665800016,False,False,False,1514.618223847579
1,2024-06-12 18:44:00+00:00,2024-06-12,2024-06-12 20:00:00+00:00,158527,value_area_bounce,-1,25.426428571428914,19476.61,19487.112708333334,19463.905208333337,19498.716458333336,19476.88047888955,19489.593693175266,19464.167264603835,False,False,False,-2299.522398719385
1,2024-06-12 18:45:00+00:00,2024-06-12,2024-06-12 20:00:00+00:00,158528,value_area_bounce,1,24.346428571428987,19473.36,19487.112708333334,19463.905208333337,19498.716458333336,19476.825183574114,19488.99839785983,19464.6519692884,False,False,False,1412.1409120543626
1,2024-06-12 18:46:00+00:00,2024-06-12,2024-06-12 20:00:00+00:00,158529,value_area_bounce,1,24.096428571428987,19481.11,19487.112708333334,19467.773125,19498.716458333336,19476.833791016037,19488.88200530175,19464.785576730323,False,False,False,1686.3773084506806
1,2024-06-12 19:23:00+00:00,2024-06-12,2024-06-12 20:00:00+00:00,158566,value_area_bounce,-1,17.187857142857215,19509.86,19497.943125,19472.370208333334,19528.630625,19480.47980356858,19489.073732140012,19471.88587499715,False,False,False,-3545.4183517590695
1,2024-06-12 19:30:00+00:00,2024-06-12,2024-06-12 20:00:00+00:00,158573,value_area_bounce,1,22.579285714285497,19449.49,19477.70354166667,19431.620208333334,19500.745208333334,19479.69173816928,19490.981381026424,19468.402095312136,False,False,False,5531.515043670734
1,2024-06-12 19:35:00+00:00,2024-06-12,2024-06-12 20:00:00+00:00,158578,value_area_bounce,1,26.757142857142494,19441.74,19476.818125,19420.849375,19501.693125,19478.547547757367,19491.926119185937,19465.168976328798,False,False,False,1821.6659567595052
1,2024-06-12 19:40:00+00:00,2024-06-12,2024-06-12 20:00:00+00:00,158583,value_area_bounce,1,25.516428571428282,19442.49,19439.505625,19420.849375,19501.693125,19477.864081544612,19490.622295830326,19465.1058672589,False,False,False,1004.9628657574249
1,2024-06-12 19:59:00+00:00,2024-06-12,2024-06-12 20:00:00+00:00,158602,value_area_bounce,-1,20.106428571428946,19470.11,19434.269583333335,19427.795416666668,19486.06291666667,19476.708221691315,19486.76143597703,19466.6550074056,False,False,False,-1312.3057257029723
1,2024-06-13 13:31:00+00:00,2024-06-13,2024-06-13 20:00:00+00:00,159594,value_area_bounce,1,8.492142857142815,19615.65,19612.99979166667,19605.864375,19614.426875,19613.050546406674,19617.296617835244,19608.804474978104,False,False,False,2038.3430260013859
1,2024-06-13 13:34:00+00:00,2024-06-13,2024-06-13 20:00:00+00:00,159597,value_area_bounce,-1,9.45642857142853,19610.4,19613.335625,19601.745625000003,19614.784375000003,19614.896393673684,19619.6246079594,19610.16817938797,False,False,False,-2116.2991175962125
1,2024-06-13 13:35:00+00:00,2024-06-13,2024-06-13 20:00:00+00:00,159598,value_area_bounce,-1,10.60857142857146,19599.53,19613.335625,19603.194375,19614.784375000003,19613.287606427362,19618.59189214165,19607.983320713076,False,False,False,-4939.6324509295455
1,2024-06-13 13:46:00+00:00,2024-06-13,2024-06-13 20:00:00+00:00,159609,value_area_bounce,-1,14.259285714285527,19618.9,19613.998125,19603.941875000004,19620.031875,19618.488133298662,19625.617776155806,19611.35849044152,False,False,False,-2899.780631794839
1,2024-06-13 13:51:00+00:00,2024-06-13,2024-06-13 20:00:00+00:00,159614,value_area_bounce,-1,12.973571428571242,19614.9,19613.998125,19603.941875000004,19622.043125000004,19619.58572006085,19626.072505775137,19613.098934346566,False,False,False,-3752.466906445316
1,2024-06-13 13:55:00+00:00,2024-06-13,2024-06-13 20:00:00+00:00,159618,value_area_bounce,-1,12.794285714285902,19615.4,19613.998125,19609.975625,19624.054375,19619.09612652394,19625.49326938108,19612.698983666796,False,False,False,-1289.5348960623437
1,2024-06-13 13:56:00+00:00,2024-06-13,2024-06-13 20:00:00+00:00,159619,value_area_bounce,1,11.758571428571615,19614.4,19613.998125,19609.975625,19624.054375,19618.931865614057,19624.811151328344,19613.05257989977,False,False,False,2672.0304704433315
1,2024-06-13 14:00:00+00:00,2024-06-13,2024-06-13 20:00:00+00:00,159623,value_area_bounce,1,12.219285714285954,19624.15,19612.301041666666,19610.311458333337,19626.228125,19617.957285866658,19624.0669287238,19611.847643009514,False,False,False,5452.435934621013
1,2024-06-13 17:46:00+00:00,2024-06-13,2024-06-13 20:00:00+00:00,159849,value_area_bounce,-1,7.579285714286276,19548.78,19541.61875,19529.74375,19549.535416666666,19563.547738815123,19567.337381672267,19559.75809595798,False,False,False,-1858.963844947787
1,2024-06-13 17:55:00+00:00,2024-06-13,2024-06-13 20:00:00+00:00,159858,value_area_bounce,-1,6.420714285713724,19556.28,19556.071875,19540.603125,19558.884375,19563.4217765118,19566.632133654657,19560.211419368945,False,False,False,-267.3911257986569
1,2024-06-13 18:06:00+00:00,2024-06-13,2024-06-13 20:00:00+00:00,159869,value_area_bounce,1,8.054999999999252,19552.15,19545.181041666663,19542.076875,19559.149791666663,19562.934629955154,19566.962129955155,19558.907129955154,False,False,False,1560.2270658846655
1,2024-06-13 18:26:00+00:00,2024-06-13,2024-06-13 20:00:00+00:00,159889,value_area_bounce,-1,6.607857142856768,19559.65,19556.373125,19546.504375,19566.241875,19562.953281278402,19566.25720984983,19559.649352706972,False,False,False,-817.8282968017566
1,2024-06-13 19:14:00+00:00,2024-06-13,2024-06-13 20:00:00+00:00,159937,value_area_bounce,-1,8.916428571428437,19573.15,19574.49375,19564.86875,19580.910416666666,19563.873788943954,19568.33200322967,19559.41557465824,False,False,False,-1321.5205004632853
1,2024-06-13 19:54:00+00:00,2024-06-13,2024-06-13 20:00:00+00:00,159977,value_area_bounce,1,7.060714285713402,19586.78,19587.009375,19577.165625,19591.228125,19565.042419254853,19568.57277639771,19561.512062111997,False,False,False,1836.3864521570304
1,2024-06-13 19:59:00+00:00,2024-06-13,2024-06-13 20:00:00+00:00,159982,value_area_bounce,-1,10.768571428571054,19570.28,19583.24375,19574.18125,19588.68125,19565.58147836686,19570.965764081146,19560.197192652577,False,False,False,-323.1746249081525
1,2024-06-14 13:33:00+00:00,2024-06-14,2024-06-14 20:00:00+00:00,160976,value_area_bounce,1,9.75,19549.4,19554.54875,19535.940416666665,19554.54875,19549.588753033437,19554.463753033437,19544.713753033437,False,False,False,4597.66504740422
1,2024-06-14 14:03:00+00:00,2024-06-14,2024-06-14 20:00:00+00:00,161006,value_area_bounce,-1,11.339285714285714,19585.4,19555.72604166667,19533.363541666666,19596.723958333336,19576.435759175787,19582.10540203293,19570.766116318646,False,False,False,-5819.295180897071
1,2024-06-14 14:05:00+00:00,2024-06-14,2024-06-14 20:00:00+00:00,161008,value_area_bounce,-1,11.642857142857142,19583.78,19556.185416666667,19533.980416666665,19593.19375,19576.94804845163,19582.76947702306,19571.126619880204,False,False,False,-6441.508884601283
1,2024-06-14 14:08:00+00:00,2024-06-14,2024-06-14 20:00:00+00:00,161011,value_area_bounce,-1,13.294999999999813,19589.15,19600.881875,19557.096875,19608.179375,19578.21475211568,19584.86225211568,19571.56725211568,False,False,False,-3459.4233492676676
1,2024-06-14 15:55:00+00:00,2024-06-14,2024-06-14 20:00:00+00:00,161118,value_area_bounce,1,9.452857142856633,19579.9,19596.521249999998,19576.285416666666,19605.19375,19583.696137339753,19588.422565911183,19578.969708768323,False,False,False,5765.531773468712
1,2024-06-14 17:03:00+00:00,2024-06-14,2024-06-14 20:00:00+00:00,161186,value_area_bounce,-1,7.042857142856259,19607.9,19603.206458333334,19591.723541666666,19608.127708333333,19586.38682232711,19589.908250898538,19582.86539375568,False,False,False,-389.88200227533684
1,2024-06-14 17:41:00+00:00,2024-06-14,2024-06-14 20:00:00+00:00,161224,value_area_bounce,-1,6.30428571428534,19637.53,19610.065416666668,19607.624583333334,19639.355416666665,19589.990624913586,19593.14276777073,19586.838482056442,False,False,False,-1612.1652149252986
1,2024-06-14 18:01:00+00:00,2024-06-14,2024-06-14 20:00:00+00:00,161244,value_area_bounce,1,9.315714285713641,19629.4,19628.477291666666,19615.933958333335,19639.452708333334,19591.92856674674,19596.5864238896,19587.270709603883,False,False,False,823.880095819271
1,2024-06-14 18:28:00+00:00,2024-06-14,2024-06-14 20:00:00+00:00,161271,value_area_bounce,-1,8.540714285714525,19636.4,19626.3425,19620.4675,19638.0925,19594.466494872115,19598.736852014972,19590.196137729257,False,False,False,-909.8879769835381
1,2024-06-14 18:30:00+00:00,2024-06-14,2024-06-14 20:00:00+00:00,161273,value_area_bounce,-1,8.401428571428758,19629.9,19627.222708333335,19606.712291666663,19636.545625,19594.62769358834,19598.828407874054,19590.426979302625,False,False,False,-3303.4116158775387
1,2024-06-14 18:36:00+00:00,2024-06-14,2024-06-14 20:00:00+00:00,161279,value_area_bounce,1,7.4871428571430965,19621.4,19627.222708333335,19619.764375,19636.545625,19595.03002939612,19598.77360082469,19591.286457967548,False,False,False,148.8832566068578
1,2024-06-14 19:55:00+00:00,2024-06-14,2024-06-14 20:00:00+00:00,161358,value_area_bounce,1,7.059285714285579,19637.65,19646.477916666663,19635.644583333335,19651.894583333335,19601.04793051748,19604.577573374623,19597.51828766034,False,False,False,973.966373430026
1,2024-06-17 13:32:00+00:00,2024-06-17,2024-06-17 20:00:00+00:00,162340,value_area_bounce,-1,6.053571428571429,19675.43,19680.94166666667,19670.291666666668,19682.125,19681.93649443797,19684.963280152257,19678.909708723684,False,False,False,-3140.096482938151
1,2024-06-17 13:56:00+00:00,2024-06-17,2024-06-17 20:00:00+00:00,162364,value_area_bounce,1,13.258571428571615,19653.43,19664.52875,19650.232916666668,19681.683750000004,19662.220000742178,19668.849286456465,19655.59071502789,False,False,False,3632.9386816573724
1,2024-06-17 13:57:00+00:00,2024-06-17,2024-06-17 20:00:00+00:00,162365,value_area_bounce,1,12.928571428571429,19664.050000000003,19664.52875,19650.232916666668,19681.683750000004,19662.17786418573,19668.642149900017,19655.713578471445,False,False,False,4567.5557743800155
1,2024-06-17 14:56:00+00:00,2024-06-17,2024-06-17 20:00:00+00:00,162424,value_area_bounce,1,8.548571428572489,19690.550000000003,19692.96791666667,19681.638750000002,19697.499583333334,19673.44996817028,19677.724253884568,19669.175682455993,False,False,False,3436.1750866229077
1,2024-06-17 15:57:00+00:00,2024-06-17,2024-06-17 20:00:00+00:00,162485,value_area_bounce,-1,7.3935714285726135,19730.300000000003,19729.627916666668,19728.40375,19736.972916666666,19687.534432291344,19691.231218005632,19683.837646577056,False,False,False,-1659.3229632573707
1,2024-06-17 16:07:00+00:00,2024-06-17,2024-06-17 20:00:00+00:00,162495,value_area_bounce,-1,7.2050000000001875,19729.050000000003,19732.90375,19728.449583333335,19736.467083333337,19689.025972329317,19692.628472329317,19685.423472329316,False,False,False,-748.1133309561544
1,2024-06-17 18:14:00+00:00,2024-06-17,2024-06-17 20:00:00+00:00,162622,value_area_bounce,-1,11.464999999999625,19934.43,19919.2425,19869.659166666665,19958.909166666665,19754.22842887385,19759.960928873847,19748.49592887385,False,False,False,-4463.841957079233
1,2024-06-17 18:42:00+00:00,2024-06-17,2024-06-17 20:00:00+00:00,162650,value_area_bounce,1,8.205000000000187,19954.18,19943.6325,19940.887500000004,19957.357500000002,19771.263563387816,19775.366063387817,19767.161063387815,False,False,False,2044.7388452405344
1,2024-06-18 13:31:00+00:00,2024-06-18,2024-06-18 20:00:00+00:00,163719,value_area_bounce,1,8.151428571428758,19918.82,19902.592708333337,19895.644791666666,19917.878125000003,19906.032584375083,19910.108298660798,19901.95687008937,False,False,False,2327.702911889915
1,2024-06-18 13:44:00+00:00,2024-06-18,2024-06-18 20:00:00+00:00,163732,value_area_bounce,1,12.909999999999854,19904.2,19918.569166666668,19902.685833333333,19918.569166666668,19912.468587958178,19918.923587958176,19906.01358795818,False,False,False,2702.1045231267153
1,2024-06-18 13:50:00+00:00,2024-06-18,2024-06-18 20:00:00+00:00,163738,value_area_bounce,1,12.290714285714005,19905.95,19902.393958333334,19902.393958333334,19921.53979166667,19909.502396553005,19915.647753695863,19903.357039410148,False,False,False,1237.7559518023288
1,2024-06-18 13:56:00+00:00,2024-06-18,2024-06-18 20:00:00+00:00,163744,value_area_bounce,1,12.35285714285679,19904.7,19903.622083333335,19896.794583333332,19919.552916666667,19906.66106212987,19912.8374907013,19900.484633558444,False,False,False,2801.7801697966925
1,2024-06-18 15:00:00+00:00,2024-06-18,2024-06-18 20:00:00+00:00,163808,value_area_bounce,1,8.437142857142785,19882.82,19895.98125,19878.91875,19910.60625,19900.66758781851,19904.88615924708,19896.44901638994,False,False,False,611.8753687664379
1,2024-06-18 16:13:00+00:00,2024-06-18,2024-06-18 20:00:00+00:00,163881,value_area_bounce,-1,5.821428571428571,19886.32,19890.002500000002,19868.057500000003,19893.9925,19892.84551604573,19895.756230331444,19889.934801760017,False,False,False,-2029.1048114597727
1,2024-06-18 16:28:00+00:00,2024-06-18,2024-06-18 20:00:00+00:00,163896,value_area_bounce,-1,6.680000000000291,19887.95,19889.2725,19877.3125,19893.7575,19892.66715112755,19896.00715112755,19889.32715112755,False,False,False,-441.12312125631934
1,2024-06-18 16:30:00+00:00,2024-06-18,2024-06-18 20:00:00+00:00,163898,value_area_bounce,-1,6.5278571428573615,19884.82,19889.35104166667,19880.41354166667,19892.330208333333,19892.633191548575,19895.897120120004,19889.369262977147,False,False,False,-951.201089378962
1,2024-06-18 16:41:00+00:00,2024-06-18,2024-06-18 20:00:00+00:00,163909,value_area_bounce,-1,5.55428571428586,19891.82,19887.886458333334,19882.614791666667,19893.158125,19892.58015738546,19895.357300242602,19889.803014528316,False,False,False,-483.6660896501049
1,2024-06-18 16:49:00+00:00,2024-06-18,2024-06-18 20:00:00+00:00,163917,value_area_bounce,-1,5.465714285714577,19888.7,19889.344791666666,19885.641041666666,19893.048541666667,19892.486696421965,19895.219553564824,19889.753839279107,False,False,False,-288.3072796937296
1,2024-06-18 17:39:00+00:00,2024-06-18,2024-06-18 20:00:00+00:00,163967,value_area_bounce,-1,5.982142857142857,19921.7,19918.480208333334,19909.75729166667,19925.458541666667,19895.141369246478,19898.13244067505,19892.150297817905,False,False,False,-39.605930995519316
1,2024-06-18 17:59:00+00:00,2024-06-18,2024-06-18 20:00:00+00:00,163987,value_area_bounce,-1,6.103571428571221,19914.82,19924.720625,19912.263958333333,19926.277708333335,19896.48663431032,19899.538420024604,19893.434848596036,False,False,False,-973.8527809457576
1,2024-06-18 18:00:00+00:00,2024-06-18,2024-06-18 20:00:00+00:00,163988,value_area_bounce,1,6.237857142857008,19918.07,19924.720625,19912.263958333333,19926.277708333335,19896.551675448893,19899.67060402032,19893.432746877465,False,False,False,537.9563418615286
1,2024-06-18 18:10:00+00:00,2024-06-18,2024-06-18 20:00:00+00:00,163998,value_area_bounce,1,10.345714285714296,19909.32,19922.620833333334,19905.590833333335,19936.8125,19896.514584456854,19901.68744159971,19891.341727313997,False,False,False,2239.2490039521845
1,2024-06-18 19:02:00+00:00,2024-06-18,2024-06-18 20:00:00+00:00,164050,value_area_bounce,-1,6.009285714285787,19897.95,19900.705416666664,19893.330416666664,19901.934583333335,19896.89407327931,19899.898716136453,19893.889430422165,False,False,False,-870.8212347460366
1,2024-06-18 19:03:00+00:00,2024-06-18,2024-06-18 20:00:00+00:00,164051,value_area_bounce,-1,6.259285714285787,19895.7,19900.892916666664,19895.16375,19904.330416666664,19896.896348256167,19900.02599111331,19893.766705399023,False,False,False,-2371.7494845425426
1,2024-06-18 19:04:00+00:00,2024-06-18,2024-06-18 20:00:00+00:00,164052,value_area_bounce,-1,6.045714285714504,19896.07,19900.892916666664,19894.017916666664,19902.03875,19896.897851910737,19899.920709053593,19893.87499476788,False,False,False,-2982.944440137093
1,2024-06-18 19:10:00+00:00,2024-06-18,2024-06-18 20:00:00+00:00,164058,value_area_bounce,-1,6.958571428572084,19895.32,19900.892916666664,19895.16375,19900.892916666664,19896.90514442028,19900.384430134567,19893.425858705996,False,False,False,-332.2505918224349
1,2024-06-18 19:36:00+00:00,2024-06-18,2024-06-18 20:00:00+00:00,164084,value_area_bounce,-1,6.1528571428573615,19908.82,19908.856458333335,19900.325208333335,19910.752291666664,19897.36727415226,19900.44370272369,19894.290845580832,False,False,False,-111.12282117054673
1,2024-06-18 19:41:00+00:00,2024-06-18,2024-06-18 20:00:00+00:00,164089,value_area_bounce,-1,5.822142857143002,19906.07,19908.856458333335,19900.325208333335,19910.752291666664,19897.45579857405,19900.36687000262,19894.54472714548,False,False,False,-533.4183419524468
1,2024-06-18 19:50:00+00:00,2024-06-18,2024-06-18 20:00:00+00:00,164098,value_area_bounce,1,7.031428571428218,19901.82,19907.096041666664,19899.585625,19911.387708333335,19897.451352659165,19900.96706694488,19893.935638373452,False,False,False,1493.8507922292429
1,2024-06-18 19:52:00+00:00,2024-06-18,2024-06-18 20:00:00+00:00,164100,value_area_bounce,1,6.82642857142829,19904.82,19909.03875,19898.41375,19910.10125,19897.4856826978,19900.89889698351,19894.072468412087,False,False,False,4138.562491144014
1,2024-06-20 13:30:00+00:00,2024-06-20,2024-06-20 20:00:00+00:00,166240,value_area_bounce,1,6.499285714286349,19970.36,19965.350625000003,19962.038125000003,19985.225625000003,19967.570000000003,19970.819642857146,19964.32035714286,False,False,False,4694.3623049514545
1,2024-06-20 13:32:00+00:00,2024-06-20,2024-06-20 20:00:00+00:00,166242,value_area_bounce,1,9.589285714286234,19939.86,19968.09541666667,19939.174583333333,19981.241250000003,19953.81514201295,19958.609784870096,19949.020499155806,False,False,False,1539.116879327019
1,2024-06-20 13:36:00+00:00,2024-06-20,2024-06-20 20:00:00+00:00,166246,value_area_bounce,1,12.26714285714323,19934.61,19968.414583333335,19930.73041666667,19975.26625,19943.121591745283,19949.255163173853,19936.988020316712,False,False,False,4614.758430047161
1,2024-06-20 13:38:00+00:00,2024-06-20,2024-06-20 20:00:00+00:00,166248,value_area_bounce,1,14.071428571429092,19945.61,19968.414583333335,19930.73041666667,19975.26625,19942.41063075646,19949.446345042175,19935.374916470748,False,False,False,1825.481736104517
1,2024-06-20 13:59:00+00:00,2024-06-20,2024-06-20 20:00:00+00:00,166269,value_area_bounce,1,10.08071428571436,19955.61,19949.224583333336,19949.224583333336,19978.38375,19953.359022034674,19958.399379177532,19948.318664891816,False,False,False,350.60948416819815
1,2024-06-20 16:05:00+00:00,2024-06-20,2024-06-20 20:00:00+00:00,166395,value_area_bounce,1,8.617142857143076,19897.11,19914.104791666665,19892.073541666665,19923.896458333336,19920.952158340267,19925.260729768837,19916.643586911698,False,False,False,890.3101532454566
1,2024-06-20 16:40:00+00:00,2024-06-20,2024-06-20 20:00:00+00:00,166430,value_area_bounce,1,20.136428571429082,19776.99,19884.856458333335,19763.993541666667,19906.185208333336,19897.601861884712,19907.670076170427,19887.533647598997,False,False,False,642.5889196384701
1,2024-06-20 18:40:00+00:00,2024-06-20,2024-06-20 20:00:00+00:00,166550,value_area_bounce,1,11.454999999999927,19775.99,19791.775,19768.698333333334,19801.665,19846.629885747094,19852.357385747095,19840.902385747093,False,False,False,1270.889189446982
1,2024-06-21 13:41:00+00:00,2024-06-21,2024-06-21 20:00:00+00:00,167631,value_area_bounce,1,20.74357142857116,19768.79,19780.515000000003,19767.265,19809.665,19771.794084329213,19782.1658700435,19761.422298614925,False,False,False,430.6593973575526
1,2024-06-21 14:00:00+00:00,2024-06-21,2024-06-21 20:00:00+00:00,167650,value_area_bounce,1,20.327857142856633,19742.42,19767.343333333338,19734.66333333333,19810.91666666667,19743.17491067932,19753.33883925075,19733.01098210789,False,False,False,6768.971573633509
1,2024-06-21 14:06:00+00:00,2024-06-21,2024-06-21 20:00:00+00:00,167656,value_area_bounce,1,17.425714285713962,19739.04,19767.343333333338,19729.216666666667,19810.91666666667,19741.874002530854,19750.586859673713,19733.161145387996,False,False,False,877.526489482952
1,2024-06-21 16:09:00+00:00,2024-06-21,2024-06-21 20:00:00+00:00,167779,value_area_bounce,-1,9.379285714286327,19816.29,19766.869375,19746.688125,19819.340625,19754.469520625862,19759.159163483004,19749.77987776872,False,False,False,-2245.745172676873
1,2024-06-21 16:32:00+00:00,2024-06-21,2024-06-21 20:00:00+00:00,167802,value_area_bounce,1,8.178571428571429,19816.29,19824.982708333337,19812.941041666665,19837.024375,19758.201211494255,19762.29049720854,19754.11192577997,False,False,False,1042.8642555790102
1,2024-06-21 17:05:00+00:00,2024-06-21,2024-06-21 20:00:00+00:00,167835,value_area_bounce,1,10.294999999999813,19772.92,19813.211666666662,19770.045,19819.378333333334,19760.36129536038,19765.50879536038,19755.21379536038,False,False,False,997.0062767903792
1,2024-06-21 17:30:00+00:00,2024-06-21,2024-06-21 20:00:00+00:00,167860,value_area_bounce,1,10.759999999999438,19743.54,19771.675416666665,19741.157916666667,19775.06625,19759.891340852355,19765.271340852356,19754.511340852354,False,False,False,872.7380582170655
1,2024-06-21 18:05:00+00:00,2024-06-21,2024-06-21 20:00:00+00:00,167895,value_area_bounce,1,8.926428571429694,19735.79,19732.399166666662,19732.399166666662,19752.065833333334,19757.920278975114,19762.38349326083,19753.4570646894,False,False,False,135.91464375218015
1,2024-06-21 18:08:00+00:00,2024-06-21,2024-06-21 20:00:00+00:00,167898,value_area_bounce,1,9.096428571429508,19736.79,19732.394999999997,19732.394999999997,19747.305,19757.747624413532,19762.295838699247,19753.199410127818,False,False,False,1637.4770123430671
1,2024-06-21 19:00:00+00:00,2024-06-21,2024-06-21 20:00:00+00:00,167950,value_area_bounce,1,6.509285714285527,19755.54,19759.455625000002,19748.410208333335,19761.033541666668,19757.37493259443,19760.629575451574,19754.120289737286,False,False,False,841.9753107289077
1,2024-06-21 19:29:00+00:00,2024-06-21,2024-06-21 20:00:00+00:00,167979,value_area_bounce,-1,6.447142857142483,19765.79,19752.207499999997,19740.50583333333,19768.924166666668,19757.827179058615,19761.050750487186,19754.603607630044,False,False,False,-1341.5804778684787
1,2024-06-21 19:39:00+00:00,2024-06-21,2024-06-21 20:00:00+00:00,167989,value_area_bounce,-1,6.937857142856956,19772.04,19763.435625,19761.675208333334,19777.518958333334,19758.024121252944,19761.49304982437,19754.555192681517,False,False,False,-496.2455491132191
1,2024-06-21 19:53:00+00:00,2024-06-21,2024-06-21 20:00:00+00:00,168003,value_area_bounce,1,9.785000000000375,19779.79,19763.2325,19763.2325,19775.192499999997,19758.230088976743,19763.122588976745,19753.33758897674,False,False,False,3089.5890279821124
1,2024-06-21 19:54:00+00:00,2024-06-21,2024-06-21 20:00:00+00:00,168004,value_area_bounce,-1,10.26714285714323,19770.29,19773.6975,19763.2325,19775.192499999997,19758.33365682259,19763.46722825116,19753.20008539402,False,False,False,-553.2800629265516
1,2024-06-24 13:31:00+00:00,2024-06-24,2024-06-24 20:00:00+00:00,168986,value_area_bounce,1,8.33142857142853,19700.97,19692.1425,19692.1425,19710.8475,19694.82749374524,19698.993208030955,19690.661779459526,False,False,False,1671.1841513383033
1,2024-06-24 13:36:00+00:00,2024-06-24,2024-06-24 20:00:00+00:00,168991,value_area_bounce,-1,11.688571428570867,19707.72,19721.383541666666,19692.204375,19721.383541666666,19710.433723789985,19716.27800950427,19704.5894380757,False,False,False,-2783.571886686714
1,2024-06-24 14:01:00+00:00,2024-06-24,2024-06-24 20:00:00+00:00,169016,opening_range_breakout,1,19.638571428571854,19761.22,19705.464583333334,19664.422916666663,19709.56875,19697.135197190255,19706.95448290454,19687.31591147597,False,False,False,9853.878815775457
1,2024-06-24 14:57:00+00:00,2024-06-24,2024-06-24 20:00:00+00:00,169072,value_area_bounce,1,16.89142857142932,19656.97,19730.917708333334,19643.792708333334,19759.959375,19692.48745480436,19700.933169090073,19684.041740518645,False,False,False,6485.871971992256
1,2024-06-24 17:49:00+00:00,2024-06-24,2024-06-24 20:00:00+00:00,169244,value_area_bounce,1,9.866428571428385,19594.47,19594.121458333335,19584.325208333332,19610.448541666665,19673.543133491978,19678.47634777769,19668.609919206265,False,False,False,1408.434799744086
1,2024-06-24 17:55:00+00:00,2024-06-24,2024-06-24 20:00:00+00:00,169250,value_area_bounce,1,9.170714285713725,19597.97,19592.985416666663,19583.547916666663,19599.277083333334,19672.279329887973,19676.86468703083,19667.693972745117,False,False,False,2112.6322621302625
1,2024-06-24 19:26:00+00:00,2024-06-24,2024-06-24 20:00:00+00:00,169341,value_area_bounce,-1,9.376428571427823,19607.47,19617.603541666667,19593.870625,19620.993958333333,19655.865141132337,19660.55335541805,19651.176926846623,False,False,False,-513.6013386486899
1,2024-06-24 19:35:00+00:00,2024-06-24,2024-06-24 20:00:00+00:00,169350,value_area_bounce,1,9.232142857142858,19607.1,19603.115833333337,19600.824166666665,19619.1575,19655.076647845934,19659.692719274506,19650.46057641736,False,False,False,1651.3049666878042
1,2024-06-25 13:30:00+00:00,2024-06-25,2024-06-25 20:00:00+00:00,170365,value_area_bounce,1,6.937142857142784,19613.640000000003,19618.849375,19601.776458333334,19618.849375,19607.47333333334,19610.94190476191,19604.00476190477,False,False,False,5039.966529546846
1,2024-06-25 13:34:00+00:00,2024-06-25,2024-06-25 20:00:00+00:00,170369,value_area_bounce,-1,11.30357142857117,19598.02,19607.98479166667,19594.01604166667,19611.088958333334,19606.02538588671,19611.677171600997,19600.373600172425,False,False,False,-1679.4506475164935
1,2024-06-25 13:41:00+00:00,2024-06-25,2024-06-25 20:00:00+00:00,170376,value_area_bounce,1,15.928571428571429,19605.890000000003,19607.986875000002,19596.143125000002,19624.568125,19597.9803492445,19605.944634958785,19590.016063530213,False,False,False,6315.887543656064
1,2024-06-25 13:45:00+00:00,2024-06-25,2024-06-25 20:00:00+00:00,170380,value_area_bounce,1,15.625,19617.640000000003,19607.986875000002,19598.511875000004,19626.936875,19600.740093679407,19608.552593679407,19592.927593679407,False,False,False,5514.107463054657
1,2024-06-25 13:51:00+00:00,2024-06-25,2024-06-25 20:00:00+00:00,170386,value_area_bounce,-1,13.69571428571466,19615.890000000003,19607.181875000002,19602.212708333333,19624.573958333334,19604.536511703944,19611.3843688468,19597.688654561087,False,False,False,-1305.2741460534444
1,2024-06-25 13:52:00+00:00,2024-06-25,2024-06-25 20:00:00+00:00,170387,value_area_bounce,-1,13.84714285714342,19610.890000000003,19607.181875000002,19602.212708333333,19624.573958333334,19604.840124683837,19611.763696112408,19597.916553255265,False,False,False,-4774.846677380856
1,2024-06-25 14:01:00+00:00,2024-06-25,2024-06-25 20:00:00+00:00,170396,value_area_bounce,-1,13.865714285714473,19620.640000000003,19611.098333333335,19605.93166666667,19626.598333333335,19607.48078415212,19614.413641294977,19600.547927009266,False,False,False,-934.9385761546791
1,2024-06-25 14:02:00+00:00,2024-06-25,2024-06-25 20:00:00+00:00,170397,opening_range_breakout,1,14.26714285714323,19638.890000000003,19608.379583333335,19602.33791666667,19623.483750000003,19608.176217937646,19615.309789366216,19601.042646509075,False,False,False,40.358012576870124
1,2024-06-25 16:19:00+00:00,2024-06-25,2024-06-25 20:00:00+00:00,170534,value_area_bounce,1,6.882142857143792,19714.890000000003,19716.259583333333,19707.40541666667,19730.42625,19658.166577364915,19661.607648793488,19654.72550593634,False,False,False,687.8283484874192
1,2024-06-25 16:23:00+00:00,2024-06-25,2024-06-25 20:00:00+00:00,170538,value_area_bounce,1,8.230714285715035,19703.02,19720.37416666667,19695.165833333333,19729.540833333333,19658.962910379458,19663.078267522316,19654.8475532366,False,False,False,1066.0854182454427
1,2024-06-25 17:03:00+00:00,2024-06-25,2024-06-25 20:00:00+00:00,170578,value_area_bounce,1,9.814285714286338,19646.390000000003,19679.52333333333,19640.07,19690.283333333333,19661.014063491446,19665.92120634859,19656.1069206343,False,False,False,1135.5526122918868
1,2024-06-25 17:07:00+00:00,2024-06-25,2024-06-25 20:00:00+00:00,170582,value_area_bounce,1,11.350714285714535,19644.640000000003,19688.073125000003,19637.758125000004,19692.26604166667,19660.416913924277,19666.092271067133,19654.74155678142,False,False,False,454.98232952893966
1,2024-06-25 18:47:00+00:00,2024-06-25,2024-06-25 20:00:00+00:00,170682,value_area_bounce,-1,6.572142857142483,19727.640000000003,19721.509583333333,19715.447083333333,19735.65541666667,19667.648991290895,19670.935062719465,19664.362919862324,False,False,False,-284.142991307265
1,2024-06-25 18:55:00+00:00,2024-06-25,2024-06-25 20:00:00+00:00,170690,value_area_bounce,-1,9.992142857142296,19713.77,19708.42104166667,19698.056458333333,19727.07729166667,19668.74408594658,19673.74015737515,19663.74801451801,False,False,False,-370.54115280316523
1,2024-06-25 19:36:00+00:00,2024-06-25,2024-06-25 20:00:00+00:00,170731,value_area_bounce,-1,7.630714285714411,19741.890000000003,19725.400625000002,19717.291875000003,19744.32104166667,19673.45367555096,19677.269032693817,19669.638318408106,False,False,False,-412.1233436711598
1,2024-06-25 19:48:00+00:00,2024-06-25,2024-06-25 20:00:00+00:00,170743,value_area_bounce,-1,6.850000000000624,19738.640000000003,19723.808125000003,19715.996458333335,19745.290208333336,19674.939265064055,19678.364265064054,19671.514265064056,False,False,False,-817.4238907671088
1,2024-06-25 19:54:00+00:00,2024-06-25,2024-06-25 20:00:00+00:00,170749,value_area_bounce,1,7.2985714285724885,19736.390000000003,19747.243125,19727.713958333334,19749.19604166667,19675.873631259907,19679.522916974194,19672.22434554562,False,False,False,1514.7029833991517
1,2024-06-26 13:30:00+00:00,2024-06-26,2024-06-26 20:00:00+00:00,171745,value_area_bounce,-1,8.171428571427636,19706.2,19700.758958333336,19682.802291666667,19716.471041666668,19708.87,19712.955714285712,19704.784285714286,False,False,False,-2998.2536173843946
1,2024-06-26 13:33:00+00:00,2024-06-26,2024-06-26 20:00:00+00:00,171748,value_area_bounce,-1,10.955714285713839,19713.95,19709.737291666668,19682.802291666667,19716.471041666668,19716.40477187449,19721.88262901735,19710.926914731634,False,False,False,-922.1905407048598
1,2024-06-26 13:34:00+00:00,2024-06-26,2024-06-26 20:00:00+00:00,171749,value_area_bounce,-1,11.544285714285381,19703.2,19709.737291666668,19682.802291666667,19718.715625,19714.804270885048,19720.57641374219,19709.032128027906,False,False,False,-3452.408896309377
1,2024-06-26 13:37:00+00:00,2024-06-26,2024-06-26 20:00:00+00:00,171752,value_area_bounce,-1,12.786428571427937,19709.7,19707.492708333335,19682.802291666667,19716.471041666668,19714.44216376853,19720.835378054246,19708.048949482814,False,False,False,-4342.715846817534
1,2024-06-26 13:41:00+00:00,2024-06-26,2024-06-26 20:00:00+00:00,171756,value_area_bounce,-1,14.964285714285454,19705.45,19718.699791666666,19701.776458333334,19718.699791666666,19715.150228292583,19722.632371149724,19707.66808543544,False,False,False,-261.2094401360291
1,2024-06-26 13:42:00+00:00,2024-06-26,2024-06-26 20:00:00+00:00,171757,value_area_bounce,1,16.00928571428553,19721.33,19718.699791666666,19701.776458333334,19718.699791666666,19715.183309886677,19723.18795274382,19707.178667029533,False,False,False,4815.3987469984995
1,2024-06-26 14:00:00+00:00,2024-06-26,2024-06-26 20:00:00+00:00,171775,value_area_bounce,-1,12.019285714286005,19745.7,19707.385000000002,19687.535000000003,19747.085000000003,19733.424892413102,19739.434535270244,19727.41524955596,False,False,False,-130.62328034246593
1,2024-06-26 14:25:00+00:00,2024-06-26,2024-06-26 20:00:00+00:00,171800,value_area_bounce,-1,11.688571428571647,19777.45,19776.986458333333,19746.871875,19794.19479166667,19749.2925263597,19755.136812073986,19743.44824064541,False,False,False,-1300.524582400396
1,2024-06-26 14:26:00+00:00,2024-06-26,2024-06-26 20:00:00+00:00,171801,value_area_bounce,-1,11.545000000000073,19773.2,19764.377083333333,19704.58541666667,19777.189583333333,19749.711001183798,19755.483501183797,19743.9385011838,False,False,False,-3815.065816991587
1,2024-06-26 14:53:00+00:00,2024-06-26,2024-06-26 20:00:00+00:00,171828,value_area_bounce,1,13.170714285714505,19768.95,19783.453958333335,19760.304375,19783.453958333335,19754.035762137202,19760.62111928006,19747.450404994346,False,False,False,1494.1257840220999
1,2024-06-26 15:20:00+00:00,2024-06-26,2024-06-26 20:00:00+00:00,171855,value_area_bounce,1,14.731428571428426,19753.2,19764.023958333335,19743.78854166667,19784.259375,19750.188520858588,19757.554235144304,19742.822806572873,False,False,False,4688.162933476581
1,2024-06-26 15:35:00+00:00,2024-06-26,2024-06-26 20:00:00+00:00,171870,value_area_bounce,1,11.212142857142421,19743.95,19747.835625,19727.600208333337,19780.21229166667,19749.504536738048,19755.11060816662,19743.898465309478,False,False,False,911.4698397191082
1,2024-06-26 17:14:00+00:00,2024-06-26,2024-06-26 20:00:00+00:00,171969,value_area_bounce,-1,9.679285714285859,19759.2,19749.195625,19730.103125,19765.106041666666,19754.79466362055,19759.634306477692,19749.955020763406,False,False,False,-565.1644413924428
1,2024-06-26 18:00:00+00:00,2024-06-26,2024-06-26 20:00:00+00:00,172015,value_area_bounce,-1,7.6528571428573615,19749.7,19747.79875,19731.61125,19754.73625,19753.470011671427,19757.296440242855,19749.643583099998,False,False,False,-259.74029306017724
1,2024-06-26 18:01:00+00:00,2024-06-26,2024-06-26 20:00:00+00:00,172016,value_area_bounce,-1,7.8400000000001455,19748.95,19747.79875,19731.61125,19754.73625,19753.460430478488,19757.380430478486,19749.54043047849,False,False,False,-2025.3112021514896
1,2024-06-26 18:36:00+00:00,2024-06-26,2024-06-26 20:00:00+00:00,172051,value_area_bounce,-1,7.171428571428935,19745.2,19748.959375,19744.755624999998,19754.564375,19753.23636097879,19756.822075264503,19749.650646693077,False,False,False,-888.8628853174279
1,2024-06-26 18:44:00+00:00,2024-06-26,2024-06-26 20:00:00+00:00,172059,value_area_bounce,1,7.474285714285933,19749.7,19751.715416666666,19744.632083333338,19755.257083333338,19753.008880805664,19756.746023662807,19749.271737948522,False,False,False,1719.7513630392878
1,2024-06-27 13:30:00+00:00,2024-06-27,2024-06-27 20:00:00+00:00,173125,value_area_bounce,1,7.017142857143232,19799.460000000003,19776.091666666667,19773.201666666668,19782.835,19790.710000000003,19794.218571428573,19787.201428571432,False,False,False,4834.250675272321
1,2024-06-27 13:41:00+00:00,2024-06-27,2024-06-27 20:00:00+00:00,173136,value_area_bounce,-1,17.329285714286275,19856.34,19868.142916666668,19792.956250000003,19868.142916666668,19838.209202489314,19846.873845346458,19829.54455963217,False,False,False,-7998.936797224199
1,2024-06-27 13:42:00+00:00,2024-06-27,2024-06-27 20:00:00+00:00,173137,value_area_bounce,-1,17.660000000000373,19853.710000000003,19858.744583333333,19783.55791666667,19858.744583333333,19839.476081707777,19848.30608170778,19830.646081707775,False,False,False,-8390.708009025917
1,2024-06-27 13:43:00+00:00,2024-06-27,2024-06-27 20:00:00+00:00,173138,value_area_bounce,-1,18.133571428571617,19842.460000000003,19858.744583333333,19783.55791666667,19858.744583333333,19839.904969559906,19848.971755274193,19830.83818384562,False,False,False,-14703.092379041866
1,2024-06-27 13:57:00+00:00,2024-06-27,2024-06-27 20:00:00+00:00,173152,value_area_bounce,1,17.099999999999064,19822.960000000003,19868.142916666668,19821.151250000003,19877.541250000002,19838.707785135262,19847.25778513526,19830.157785135263,False,False,False,1467.265270248276
1,2024-06-27 17:02:00+00:00,2024-06-27,2024-06-27 20:00:00+00:00,173337,value_area_bounce,-1,7.420714285713724,19829.34,19829.881875000003,19812.069375000003,19833.444375000003,19821.747854031986,19825.458211174842,19818.03749688913,False,False,False,-226.59202474459937
1,2024-06-27 19:31:00+00:00,2024-06-27,2024-06-27 20:00:00+00:00,173486,value_area_bounce,-1,7.362142857143356,19829.960000000003,19823.251458333332,19815.720208333332,19833.293125,19820.007534166,19823.688605594572,19816.32646273743,False,False,False,-469.80961297366775
1,2024-06-27 19:59:00+00:00,2024-06-27,2024-06-27 20:00:00+00:00,173514,value_area_bounce,1,12.59785714285733,19831.09,19828.136875,19810.418125,19840.793125,19819.660912471114,19825.959841042542,19813.361983899686,False,False,False,5050.917581026841
1,2024-06-28 15:03:00+00:00,2024-06-28,2024-06-28 20:00:00+00:00,174598,value_area_bounce,1,18.982142857142858,19899.69,19964.40875,19881.22125,20017.34625,19949.011030515587,19958.50210194416,19939.519959087014,False,False,False,1192.354721961743
1,2024-06-28 16:26:00+00:00,2024-06-28,2024-06-28 20:00:00+00:00,174681,value_area_bounce,1,13.35357142857122,19852.94,19896.07375,19841.76375,19905.125416666666,19923.273569347748,19929.950355062032,19916.596783633464,False,False,False,1826.1734818105638
1,2024-06-28 17:30:00+00:00,2024-06-28,2024-06-28 20:00:00+00:00,174745,value_area_bounce,-1,7.754999999999719,19823.94,19798.496249999997,19773.010416666664,19834.904583333333,19903.77172009402,19907.64922009402,19899.894220094022,False,False,False,-3020.602957538913
1,2024-06-28 17:33:00+00:00,2024-06-28,2024-06-28 20:00:00+00:00,174748,value_area_bounce,-1,9.590000000000146,19833.19,19798.830416666664,19782.684583333335,19837.580416666664,19903.215982068825,19908.010982068823,19898.420982068827,False,False,False,-1641.6329321794567
1,2024-06-28 17:34:00+00:00,2024-06-28,2024-06-28 20:00:00+00:00,174749,value_area_bounce,-1,9.982857142857288,19826.19,19798.830416666664,19782.684583333335,19837.580416666664,19903.01071990943,19908.00214848086,19898.019291338,False,False,False,-2455.117780664305
1,2024-06-28 17:56:00+00:00,2024-06-28,2024-06-28 20:00:00+00:00,174771,value_area_bounce,1,7.566428571428072,19822.19,19819.60125,19819.60125,19841.35125,19899.727210338482,19903.510424624197,19895.943996052767,False,False,False,53.77693314248961
1,2024-06-28 18:20:00+00:00,2024-06-28,2024-06-28 20:00:00+00:00,174795,value_area_bounce,-1,7.8349999999996465,19831.19,19824.809583333335,19815.955416666664,19835.434583333335,19897.12397590326,19901.04147590326,19893.206475903262,False,False,False,-1688.9258099817732
1,2024-06-28 18:26:00+00:00,2024-06-28,2024-06-28 20:00:00+00:00,174801,value_area_bounce,1,11.326428571428291,19817.82,19825.825208333335,19817.543958333335,19839.627291666664,19895.23289414358,19900.896108429293,19889.56967985787,False,False,False,1846.2547090450034
1,2024-06-28 19:37:00+00:00,2024-06-28,2024-06-28 20:00:00+00:00,174872,value_area_bounce,1,15.285714285714286,19749.44,19785.245625,19747.122291666667,19804.307291666664,19876.52494441258,19884.16780155544,19868.88208726972,False,False,False,2815.708625626116
1,2024-06-28 19:38:00+00:00,2024-06-28,2024-06-28 20:00:00+00:00,174873,value_area_bounce,1,15.740714285714214,19759.69,19785.245625,19747.122291666667,19804.307291666664,19876.10712848997,19883.977485632826,19868.236771347114,False,False,False,9545.643355582286
1,2024-06-28 19:48:00+00:00,2024-06-28,2024-06-28 20:00:00+00:00,174883,value_area_bounce,-1,15.459285714285736,19782.69,19783.116875,19755.179375,19797.085625,19872.708390991873,19880.438033849015,19864.97874813473,False,False,False,-2049.7598424390626
1,2024-07-01 13:30:00+00:00,2024-07-01,2024-07-01 20:00:00+00:00,175870,value_area_bounce,1,8.186428571428353,19762.81,19763.639375,19748.125625,19767.086875,19756.72666666667,19760.819880952382,19752.633452380956,False,False,False,5563.597230001575
1,2024-07-01 13:31:00+00:00,2024-07-01,2024-07-01 20:00:00+00:00,175871,value_area_bounce,1,9.489999999999522,19771.56,19757.137083333335,19755.216249999998,19766.74125,19762.2670353779,19767.0120353779,19757.5220353779,False,False,False,6889.493340436681
1,2024-07-01 13:36:00+00:00,2024-07-01,2024-07-01 20:00:00+00:00,175876,value_area_bounce,1,15.356428571428426,19749.31,19756.315208333333,19743.013125,19785.579791666667,19748.22324918985,19755.901463475566,19740.545034904135,False,False,False,630.4043382273885
1,2024-07-01 13:38:00+00:00,2024-07-01,2024-07-01 20:00:00+00:00,175878,value_area_bounce,1,17.775714285714326,19764.19,19740.352708333332,19740.352708333332,19761.636041666665,19748.33939736275,19757.227254505608,19739.451540219892,False,False,False,5222.069650862461
1,2024-07-01 14:13:00+00:00,2024-07-01,2024-07-01 20:00:00+00:00,175913,opening_range_breakout,-1,20.648571428571294,19629.06,19647.76625,19635.401250000003,19734.32125,19702.251500014136,19712.575785728422,19691.92721429985,False,False,False,-16195.307987915516
1,2024-07-01 14:17:00+00:00,2024-07-01,2024-07-01 20:00:00+00:00,175917,value_area_bounce,1,20.52714285714267,19662.94,19711.815,19653.815,19755.315,19695.36035344596,19705.623924874533,19685.09678201739,False,False,False,4235.382562796433
1,2024-07-01 16:34:00+00:00,2024-07-01,2024-07-01 20:00:00+00:00,176054,value_area_bounce,-1,8.980714285715035,19798.69,19809.263125,19759.02354166667,19813.127708333333,19714.749759081817,19719.240116224675,19710.259401938958,False,False,False,-541.3818339480248
1,2024-07-01 16:57:00+00:00,2024-07-01,2024-07-01 20:00:00+00:00,176077,value_area_bounce,-1,8.223571428571242,19805.44,19811.013125,19801.638125,19813.356875,19719.57389572643,19723.685681440715,19715.462110012144,False,False,False,-2972.7370168811995
1,2024-07-01 16:58:00+00:00,2024-07-01,2024-07-01 20:00:00+00:00,176078,value_area_bounce,-1,8.322142857142483,19801.31,19809.643333333333,19803.143333333333,19811.81,19719.81819626559,19723.97926769416,19715.65712483702,False,False,False,-4345.7566315264585
1,2024-07-01 17:26:00+00:00,2024-07-01,2024-07-01 20:00:00+00:00,176106,value_area_bounce,1,9.832142857141921,19797.31,19806.288125,19796.106874999998,19816.469375,19725.187009945283,19730.103081373854,19720.27093851671,False,False,False,2185.1997354123637
1,2024-07-01 17:30:00+00:00,2024-07-01,2024-07-01 20:00:00+00:00,176110,value_area_bounce,1,10.15285714285658,19799.19,19806.288125,19796.106874999998,19816.469375,19725.8160986474,19730.892527218828,19720.73967007597,False,False,False,2212.8289246924314
1,2024-07-01 17:56:00+00:00,2024-07-01,2024-07-01 20:00:00+00:00,176136,value_area_bounce,1,7.4185714285719895,19792.81,19795.871875,19792.674375000002,19802.266875,19729.311690793,19733.020976507287,19725.602405078716,False,False,False,1107.098962866576
1,2024-07-01 18:04:00+00:00,2024-07-01,2024-07-01 20:00:00+00:00,176144,value_area_bounce,1,8.089285714285714,19794.56,19795.871875,19791.075624999998,19803.865625,19730.32422275846,19734.3688656156,19726.27957990132,False,False,False,732.7835615889867
1,2024-07-01 18:25:00+00:00,2024-07-01,2024-07-01 20:00:00+00:00,176165,value_area_bounce,-1,9.732142857142858,19818.06,19793.080625,19778.861875,19818.674375,19734.412627602196,19739.27869903077,19729.546556173624,False,False,False,-3234.7683557918726
1,2024-07-01 18:26:00+00:00,2024-07-01,2024-07-01 20:00:00+00:00,176166,value_area_bounce,-1,9.52714285714267,19808.81,19793.080625,19778.861875,19818.674375,19734.6558092785,19739.419380707073,19729.89223784993,False,False,False,-4331.776065296207
1,2024-07-01 19:25:00+00:00,2024-07-01,2024-07-01 20:00:00+00:00,176225,value_area_bounce,-1,7.437857142856956,19803.56,19803.0875,19795.400833333333,19816.53916666667,19742.226888524347,19745.945817095773,19738.50795995292,False,False,False,-2781.650491500862
1,2024-07-02 13:36:00+00:00,2024-07-02,2024-07-02 20:00:00+00:00,177256,value_area_bounce,-1,13.071428571428571,19803.77,19778.743958333333,19730.32104166667,19809.558541666665,19805.915125035983,19812.450839321697,19799.37941075027,False,False,False,-4458.934000638592
1,2024-07-02 14:47:00+00:00,2024-07-02,2024-07-02 20:00:00+00:00,177327,value_area_bounce,-1,14.741428571428644,19867.77,19834.525,19834.525,19875.775,19849.95137471108,19857.322088996792,19842.580660425367,False,False,False,-1352.2186098169059
1,2024-07-02 17:27:00+00:00,2024-07-02,2024-07-02 20:00:00+00:00,177487,value_area_bounce,-1,7.57071428571414,19975.52,19975.980208333334,19918.893541666668,19983.116041666668,19877.771266587963,19881.55662373082,19873.985909445106,False,False,False,-103.76325199187755
1,2024-07-02 18:29:00+00:00,2024-07-02,2024-07-02 20:00:00+00:00,177549,value_area_bounce,-1,5.740714285714213,20019.15,20010.812708333335,19989.576458333337,20022.610625,19890.863010717498,19893.733367860354,19887.99265357464,False,False,False,-1238.645898898595
1,2024-07-02 18:59:00+00:00,2024-07-02,2024-07-02 20:00:00+00:00,177579,value_area_bounce,-1,5.614999999999782,20018.9,20013.217708333337,20007.019791666666,20020.655208333337,19896.399663032968,19899.207163032966,19893.59216303297,False,False,False,-1525.1695738566602
1,2024-07-02 19:03:00+00:00,2024-07-02,2024-07-02 20:00:00+00:00,177583,value_area_bounce,-1,5.893571428571574,20017.65,20013.217708333337,20007.019791666666,20021.894791666666,19897.214850067645,19900.16163578193,19894.26806435336,False,False,False,-547.6628205160339
1,2024-07-02 19:06:00+00:00,2024-07-02,2024-07-02 20:00:00+00:00,177586,value_area_bounce,-1,6.572142857143002,20015.52,20020.655208333337,20008.259375,20020.655208333337,19897.85010492796,19901.13617635653,19894.564033499388,False,False,False,-584.3361655531534
1,2024-07-02 19:08:00+00:00,2024-07-02,2024-07-02 20:00:00+00:00,177588,value_area_bounce,-1,7.1442857142860055,20013.65,20020.655208333337,20008.259375,20020.655208333337,19898.194641306396,19901.766784163538,19894.622498449255,False,False,False,-419.07344765337115
1,2024-07-02 19:32:00+00:00,2024-07-02,2024-07-02 20:00:00+00:00,177612,value_area_bounce,-1,5.180714285714722,20020.02,20019.233333333337,20014.566666666666,20023.9,19902.196712289977,19904.787069432834,19899.60635514712,False,False,False,-726.5875678139976
1,2024-07-02 19:44:00+00:00,2024-07-02,2024-07-02 20:00:00+00:00,177624,value_area_bounce,-1,6.05428571428586,20022.02,20015.733333333337,20014.566666666666,20023.9,19904.355294196946,19907.38243705409,19901.328151339803,False,False,False,-60.35366357187979
1,2024-07-02 19:45:00+00:00,2024-07-02,2024-07-02 20:00:00+00:00,177625,value_area_bounce,-1,6.197142857143002,20015.52,20015.733333333337,20014.566666666666,20022.733333333337,19904.569517736123,19907.668089164694,19901.470946307552,False,False,False,-666.170838210677
1,2024-07-02 19:49:00+00:00,2024-07-02,2024-07-02 20:00:00+00:00,177629,value_area_bounce,-1,7.058571428571407,20012.52,20015.103125,20015.103125,20021.592708333337,19905.217196701808,19908.746482416092,19901.687910987523,False,False,False,-1088.9142761173257
1,2024-07-02 19:50:00+00:00,2024-07-02,2024-07-02 20:00:00+00:00,177630,value_area_bounce,1,7.942857142857195,20016.9,20015.103125,20015.103125,20021.592708333337,19905.6116930901,19909.58312166153,19901.64026451867,False,False,False,975.393614701843
1,2024-07-02 19:51:00+00:00,2024-07-02,2024-07-02 20:00:00+00:00,177631,value_area_bounce,1,8.156428571428478,20016.77,20015.775,20014.691666666666,20022.275,19905.918609337772,19909.996823623485,19901.84039505206,False,False,False,1911.0930884447346
1,2024-07-02 19:52:00+00:00,2024-07-02,2024-07-02 20:00:00+00:00,177632,value_area_bounce,1,8.664999999999834,20025.52,20015.775,20014.691666666666,20021.191666666666,19906.190728247693,19910.523228247694,19901.858228247693,False,False,False,2800.6826536615804
1,2024-07-03 14:00:00+00:00,2024-07-03,2024-07-03 17:00:00+00:00,178660,value_area_bounce,-1,14.862857142857008,20042.2,20048.53145833333,20038.887708333332,20064.604375,20051.64765000558,20059.079078577008,20044.21622143415,False,False,False,-1668.297568956998
1,2024-07-03 14:01:00+00:00,2024-07-03,2024-07-03 17:00:00+00:00,178661,value_area_bounce,1,15.675714285714223,20062.07,20040.5075,20040.5075,20062.557500000003,20051.85564689021,20059.693504033068,20044.01778974735,False,False,False,222.20036350835653
1,2024-07-03 14:11:00+00:00,2024-07-03,2024-07-03 17:00:00+00:00,178671,value_area_bounce,-1,18.85285714285757,20052.82,20055.207500000004,20040.5075,20062.557500000003,20054.188988928236,20063.615417499663,20044.76256035681,False,False,False,-1498.1749566993021
1,2024-07-03 15:22:00+00:00,2024-07-03,2024-07-03 17:00:00+00:00,178742,value_area_bounce,-1,7.955714285714358,20139.07,20107.325,20095.075,20139.99166666667,20073.222424374788,20077.200281517646,20069.24456723193,False,False,False,-254.73156108221315
1,2024-07-03 16:33:00+00:00,2024-07-03,2024-07-03 17:00:00+00:00,178813,value_area_bounce,-1,7.245714285713932,20192.32,20188.153125,20134.246875,20202.528125,20095.183200968728,20098.806058111586,20091.56034382587,False,False,False,-2347.0227221930204
1,2024-07-05 13:33:00+00:00,2024-07-05,2024-07-05 20:00:00+00:00,180932,value_area_bounce,-1,9.54357142857173,20247.4,20250.967291666668,20214.93020833333,20250.967291666668,20255.3643959144,20260.136181628684,20250.592610200114,False,False,False,-1302.7564844941344
1,2024-07-05 13:43:00+00:00,2024-07-05,2024-07-05 20:00:00+00:00,180942,value_area_bounce,-1,16.535714285714285,20264.65,20251.635416666664,20216.72708333333,20269.089583333334,20266.743041666043,20275.0108988089,20258.475184523184,False,False,False,-6254.709252468652
1,2024-07-05 13:45:00+00:00,2024-07-05,2024-07-05 20:00:00+00:00,180944,value_area_bounce,-1,16.839999999999627,20242.78,20251.635416666664,20216.72708333333,20272.580416666664,20265.908684065416,20274.328684065415,20257.488684065418,False,False,False,-5372.630192512159
1,2024-07-05 14:00:00+00:00,2024-07-05,2024-07-05 20:00:00+00:00,180959,opening_range_breakout,1,15.286428571428198,20325.9,20251.381666666668,20212.651666666665,20281.504999999997,20269.986307727362,20277.629522013078,20262.343093441646,False,False,False,6114.306235618164
1,2024-07-05 14:08:00+00:00,2024-07-05,2024-07-05 20:00:00+00:00,180967,value_area_bounce,-1,16.82071428571466,20277.53,20282.81229166667,20231.866458333334,20282.81229166667,20278.645040189072,20287.05539733193,20270.234683046216,False,False,False,-4145.0343299397855
1,2024-07-05 16:46:00+00:00,2024-07-05,2024-07-05 20:00:00+00:00,181125,value_area_bounce,1,7.1150000000005615,20383.65,20395.113333333335,20381.78,20401.78,20319.692846909165,20323.250346909164,20316.135346909166,False,False,False,289.2101142823818
1,2024-07-05 17:08:00+00:00,2024-07-05,2024-07-05 20:00:00+00:00,181147,value_area_bounce,1,7.820000000000748,20381.4,20386.003125000003,20374.006875,20399.713125000002,20323.774594677267,20327.684594677266,20319.864594677267,False,False,False,1207.3032029111605
1,2024-07-05 18:19:00+00:00,2024-07-05,2024-07-05 20:00:00+00:00,181218,value_area_bounce,1,5.785714285714286,20420.4,20422.108125,20416.983125,20432.358125,20335.791517565525,20338.684374708384,20332.898660422667,False,False,False,495.6623816726651
1,2024-07-05 18:45:00+00:00,2024-07-05,2024-07-05 20:00:00+00:00,181244,value_area_bounce,1,6.723571428571241,20404.15,20423.2175,20402.0925,20423.2175,20338.93153393585,20342.293319650136,20335.569748221566,False,False,False,1952.721838273707
1,2024-07-05 19:29:00+00:00,2024-07-05,2024-07-05 20:00:00+00:00,181288,value_area_bounce,-1,5.400714285714847,20420.03,20420.520833333332,20407.894166666665,20425.255833333333,20343.67952686898,20346.379884011836,20340.97916972612,False,False,False,-1234.3265366808478
1,2024-07-05 19:47:00+00:00,2024-07-05,2024-07-05 20:00:00+00:00,181306,value_area_bounce,-1,4.8314285714280105,20424.4,20422.894375,20415.176874999997,20425.466875,20345.929905080466,20348.34561936618,20343.51419079475,False,False,False,-371.173163397682
1,2024-07-05 19:48:00+00:00,2024-07-05,2024-07-05 20:00:00+00:00,181307,value_area_bounce,-1,4.947857142856394,20423.65,20422.894375,20416.463125000002,20425.466875,20346.06764333785,20348.541571909278,20343.593714766423,False,False,False,-1526.1609227651752
1,2024-07-05 19:59:00+00:00,2024-07-05,2024-07-05 20:00:00+00:00,181318,value_area_bounce,-1,7.946428571428571,20419.4,20422.228541666667,20416.261041666665,20428.196041666666,20348.681857662494,20352.655071948207,20344.70864337678,False,False,False,-298.67540936545504
1,2024-07-08 13:32:00+00:00,2024-07-08,2024-07-08 20:00:00+00:00,182296,value_area_bounce,1,7.070000000000748,20443.63,20431.585,20431.585,20442.401666666665,20432.001864752016,20435.536864752015,20428.466864752016,False,False,False,292.2149944049147
1,2024-07-08 13:33:00+00:00,2024-07-08,2024-07-08 20:00:00+00:00,182297,value_area_bounce,-1,7.64142857142932,20440.01,20432.109375,20430.885625,20440.675625,20434.32928187223,20438.149996157943,20430.508567586516,False,False,False,-2731.5409464527065
1,2024-07-08 13:34:00+00:00,2024-07-08,2024-07-08 20:00:00+00:00,182298,value_area_bounce,-1,8.775714285714846,20428.38,20432.109375,20430.885625,20441.899375,20434.169145794956,20438.557002937814,20429.7812886521,False,False,False,-6106.437202159229
1,2024-07-08 13:40:00+00:00,2024-07-08,2024-07-08 20:00:00+00:00,182304,value_area_bounce,1,13.338571428571802,20419.38,20442.195833333335,20418.2975,20442.195833333335,20425.5007055364,20432.169991250685,20418.831419822116,False,False,False,4652.466742083963
1,2024-07-08 13:45:00+00:00,2024-07-08,2024-07-08 20:00:00+00:00,182309,value_area_bounce,-1,13.669999999999813,20425.63,20418.2975,20405.429166666665,20433.004166666666,20425.075908482904,20431.910908482903,20418.240908482905,False,False,False,-540.0675349807625
1,2024-07-08 13:53:00+00:00,2024-07-08,2024-07-08 20:00:00+00:00,182317,value_area_bounce,-1,11.865000000000562,20433.63,20442.87875,20418.76125,20442.87875,20427.19099358363,20433.12349358363,20421.25849358363,False,False,False,-413.95643110873516
1,2024-07-08 13:57:00+00:00,2024-07-08,2024-07-08 20:00:00+00:00,182321,value_area_bounce,-1,11.187142857143044,20435.13,20442.87875,20420.95375,20442.87875,20427.755459489043,20433.349030917612,20422.161888060473,False,False,False,-1944.9274015946685
1,2024-07-08 14:00:00+00:00,2024-07-08,2024-07-08 20:00:00+00:00,182324,value_area_bounce,-1,13.32071428571466,20410.88,20436.30125,20416.56875,20436.30125,20427.677892024567,20434.338249167424,20421.01753488171,False,False,False,-289.3625447655204
1,2024-07-08 14:01:00+00:00,2024-07-08,2024-07-08 20:00:00+00:00,182325,value_area_bounce,1,13.44571428571466,20419.26,20436.30125,20416.56875,20436.30125,20427.221480021544,20433.9443371644,20420.498622878687,False,False,False,1063.8249569549637
1,2024-07-08 14:25:00+00:00,2024-07-08,2024-07-08 20:00:00+00:00,182349,value_area_bounce,1,11.38571428571335,20427.51,20418.375625,20413.678125,20434.816875,20427.59702435145,20433.289881494307,20421.90416720859,False,False,False,3936.3308113556877
1,2024-07-08 15:38:00+00:00,2024-07-08,2024-07-08 20:00:00+00:00,182422,value_area_bounce,-1,8.927142857143606,20446.01,20406.81208333333,20397.12458333333,20455.24958333333,20427.88267787557,20432.34624930414,20423.419106446996,False,False,False,-933.2444318322207
1,2024-07-08 18:10:00+00:00,2024-07-08,2024-07-08 20:00:00+00:00,182574,value_area_bounce,1,5.901428571428759,20445.63,20455.85375,20441.79125,20465.22875,20433.514058066827,20436.46477235254,20430.563343781112,False,False,False,1017.8622874437132
1,2024-07-08 18:30:00+00:00,2024-07-08,2024-07-08 20:00:00+00:00,182594,value_area_bounce,-1,4.224285714285153,20445.38,20449.978333333333,20439.221666666668,20456.125,20434.077189162123,20436.189332019265,20431.96504630498,False,False,False,-853.2307484785551
1,2024-07-08 18:37:00+00:00,2024-07-08,2024-07-08 20:00:00+00:00,182601,value_area_bounce,1,5.366428571428385,20439.13,20442.456666666665,20436.023333333334,20451.463333333333,20434.163146033137,20436.84636031885,20431.479931747424,False,False,False,1004.7003830901982
1,2024-07-08 18:46:00+00:00,2024-07-08,2024-07-08 20:00:00+00:00,182610,value_area_bounce,1,7.785000000000374,20426.88,20439.29645833333,20426.536041666666,20452.056875,20433.945535438306,20437.838035438308,20430.053035438305,False,False,False,1579.3497804533336
1,2024-07-08 19:00:00+00:00,2024-07-08,2024-07-08 20:00:00+00:00,182624,value_area_bounce,-1,5.769999999998878,20441.88,20423.341875000002,20415.820208333334,20444.026458333334,20434.09401993636,20436.97901993636,20431.209019936363,False,False,False,-377.02795789911033
1,2024-07-08 19:16:00+00:00,2024-07-08,2024-07-08 20:00:00+00:00,182640,value_area_bounce,1,5.080714285714099,20432.76,20440.265625,20427.102708333332,20451.548124999998,20434.242535229172,20436.78289237203,20431.702178086314,False,False,False,467.1574216261936
1,2024-07-08 19:33:00+00:00,2024-07-08,2024-07-08 20:00:00+00:00,182657,value_area_bounce,1,5.686428571429133,20429.88,20441.005,20423.588333333333,20441.005,20434.17002263014,20437.013236915853,20431.326808344427,False,False,False,574.0499385331136
1,2024-07-08 19:35:00+00:00,2024-07-08,2024-07-08 20:00:00+00:00,182659,value_area_bounce,1,6.1685714285719895,20430.88,20441.005,20425.17166666667,20441.005,20434.14605973895,20437.230345453234,20431.061774024663,False,False,False,1082.641365437131
1,2024-07-09 13:31:00+00:00,2024-07-09,2024-07-09 20:00:00+00:00,183675,value_area_bounce,-1,4.330714285714358,20528.7,20533.590000000004,20527.270000000004,20533.590000000004,20532.868062391397,20535.033419534255,20530.70270524854,False,False,False,-2425.2593178404254
1,2024-07-09 13:32:00+00:00,2024-07-09,2024-07-09 20:00:00+00:00,183676,value_area_bounce,1,5.95642857142853,20552.7,20533.500208333335,20527.973125000004,20533.500208333335,20536.613702263763,20539.591916549478,20533.63548797805,False,False,False,1671.0033682016337
1,2024-07-09 13:37:00+00:00,2024-07-09,2024-07-09 20:00:00+00:00,183681,value_area_bounce,-1,11.437857142856956,20547.08,20553.564375,20528.974791666667,20553.564375,20547.457945952574,20553.176874524004,20541.739017381144,False,False,False,-1614.4013497892765
1,2024-07-09 14:01:00+00:00,2024-07-09,2024-07-09 20:00:00+00:00,183705,value_area_bounce,-1,10.867142857143076,20542.2,20536.965625000004,20522.811041666668,20549.098125000004,20544.483432713845,20549.917004142415,20539.049861285275,False,False,False,-4577.362456497953
1,2024-07-09 14:05:00+00:00,2024-07-09,2024-07-09 20:00:00+00:00,183709,value_area_bounce,-1,11.170714285714505,20540.33,20536.314375,20532.426875,20551.864375,20544.955019619796,20550.540376762652,20539.36966247694,False,False,False,-3096.1057940188784
1,2024-07-09 14:10:00+00:00,2024-07-09,2024-07-09 20:00:00+00:00,183714,value_area_bounce,1,12.678571428571429,20543.7,20533.1425,20533.1425,20552.2675,20543.734081196577,20550.073366910863,20537.39479548229,False,False,False,2021.0247840137326
1,2024-07-09 14:22:00+00:00,2024-07-09,2024-07-09 20:00:00+00:00,183726,value_area_bounce,-1,11.303571428571429,20544.95,20537.570625,20532.706458333334,20554.595208333336,20546.394952883747,20552.046738598034,20540.74316716946,False,False,False,-1044.2755126787079
1,2024-07-09 16:14:00+00:00,2024-07-09,2024-07-09 20:00:00+00:00,183838,value_area_bounce,-1,7.028571428571793,20502.7,20490.94375,20485.146249999998,20504.471250000002,20526.391427396702,20529.905713110988,20522.877141682417,False,False,False,-1907.472053673283
1,2024-07-09 16:35:00+00:00,2024-07-09,2024-07-09 20:00:00+00:00,183859,value_area_bounce,1,6.052857142856998,20500.45,20505.038125000003,20497.130625,20511.627708333333,20525.35866996889,20528.38509854032,20522.33224139746,False,False,False,176.96854366687762
1,2024-07-09 18:50:00+00:00,2024-07-09,2024-07-09 20:00:00+00:00,183994,value_area_bounce,-1,5.321428571428571,20470.33,20468.67375,20457.73625,20473.36125,20504.596036115385,20507.2567504011,20501.93532182967,False,False,False,-546.7873444549748
1,2024-07-09 18:57:00+00:00,2024-07-09,2024-07-09 20:00:00+00:00,184001,value_area_bounce,1,5.452142857142982,20470.2,20465.54875,20462.42375,20473.36125,20504.153053295777,20506.87912472435,20501.426981867204,False,False,False,559.2077640530574
1,2024-07-09 19:35:00+00:00,2024-07-09,2024-07-09 20:00:00+00:00,184039,value_area_bounce,1,5.0971428571426385,20474.08,20476.402916666666,20466.194583333338,20480.48625,20502.478080970384,20505.026652398956,20499.929509541813,False,False,False,698.2595201450007
1,2024-07-09 19:55:00+00:00,2024-07-09,2024-07-09 20:00:00+00:00,184059,value_area_bounce,-1,6.982142857142857,20475.58,20476.725833333338,20466.3925,20480.600833333338,20501.690809215263,20505.181880643835,20498.19973778669,False,False,False,-1610.7074910239326
1,2024-07-10 13:31:00+00:00,2024-07-10,2024-07-10 20:00:00+00:00,185055,value_area_bounce,-1,4.752857142857465,20561.72,20566.996875,20562.263125,20566.996875,20566.55963310962,20568.936061681048,20564.183204538193,False,False,False,-5029.236696736764
1,2024-07-10 13:40:00+00:00,2024-07-10,2024-07-10 20:00:00+00:00,185064,value_area_bounce,1,11.644285714285227,20552.97,20566.16395833333,20542.848958333336,20573.935625,20550.76895905724,20556.591101914382,20544.9468162001,False,False,False,2848.5051698634925
1,2024-07-10 14:00:00+00:00,2024-07-10,2024-07-10 20:00:00+00:00,185084,value_area_bounce,-1,11.623571428572177,20569.22,20566.548125,20552.485625,20578.266875,20559.12958256162,20564.941368275908,20553.317796847336,False,False,False,-781.82795094313
1,2024-07-10 17:02:00+00:00,2024-07-10,2024-07-10 20:00:00+00:00,185266,value_area_bounce,-1,6.67928571428534,20651.97,20642.240625,20613.157291666663,20656.782291666663,20572.56993079686,20575.909573654004,20569.230287939718,False,False,False,-2048.163455828604
1,2024-07-10 17:24:00+00:00,2024-07-10,2024-07-10 20:00:00+00:00,185288,value_area_bounce,-1,7.607142857142857,20652.47,20640.85,20625.683333333334,20662.516666666663,20578.582184459163,20582.385755887735,20574.77861303059,False,False,False,-157.681756674001
1,2024-07-10 18:40:00+00:00,2024-07-10,2024-07-10 20:00:00+00:00,185364,value_area_bounce,1,4.231428571428945,20679.35,20680.152083333334,20676.56875,20682.839583333334,20592.65658990224,20594.772304187954,20590.540875616523,False,False,False,90.68238700482766
1,2024-07-12 13:30:00+00:00,2024-07-12,2024-07-12 20:00:00+00:00,187799,value_area_bounce,1,8.821428571428571,20276.230000000003,20261.7675,20249.8925,20266.5175,20266.56666666667,20270.977380952383,20262.155952380956,False,False,False,6341.164874821665
1,2024-07-12 13:32:00+00:00,2024-07-12,2024-07-12 20:00:00+00:00,187801,value_area_bounce,-1,11.366428571428644,20257.730000000003,20266.190625000003,20247.616875,20266.190625000003,20268.26415307547,20273.947367361183,20262.580938789757,False,False,False,-1289.2164966579248
1,2024-07-12 13:33:00+00:00,2024-07-12,2024-07-12 20:00:00+00:00,187802,value_area_bounce,1,13.232142857143117,20270.980000000003,20264.126875,20249.680625,20266.190625000003,20267.396233214597,20274.01230464317,20260.780161786024,False,False,False,3074.1327991703
1,2024-07-12 13:37:00+00:00,2024-07-12,2024-07-12 20:00:00+00:00,187806,value_area_bounce,1,17.70642857142853,20268.36,20264.126875,20255.871875,20266.190625000003,20264.00732297198,20272.860537257693,20255.154108686263,False,False,False,7652.214020941667
1,2024-07-12 14:00:00+00:00,2024-07-12,2024-07-12 20:00:00+00:00,187829,opening_range_breakout,1,14.98357142857068,20386.480000000003,20262.358125000002,20257.018541666668,20289.05604166667,20287.369303100495,20294.86108881478,20279.87751738621,False,False,False,8121.901094707209
1,2024-07-12 14:04:00+00:00,2024-07-12,2024-07-12 20:00:00+00:00,187833,opening_range_breakout,1,16.376428571427823,20373.86,20266.623750000002,20241.47375,20298.061250000002,20296.223361288172,20304.411575573886,20288.035147002458,False,False,False,4015.58068809821
1,2024-07-12 15:25:00+00:00,2024-07-12,2024-07-12 20:00:00+00:00,187914,value_area_bounce,1,10.018571428571054,20460.230000000003,20454.776666666665,20448.11,20474.776666666665,20362.42463149943,20367.433917213715,20357.415345785146,False,False,False,932.836924233758
1,2024-07-12 15:53:00+00:00,2024-07-12,2024-07-12 20:00:00+00:00,187942,value_area_bounce,1,8.968571428572302,20464.730000000003,20475.585625,20455.359375,20475.585625,20372.8795279412,20377.363813655487,20368.395242226914,False,False,False,732.0951883323798
1,2024-07-12 17:59:00+00:00,2024-07-12,2024-07-12 20:00:00+00:00,188068,value_area_bounce,-1,9.037857142856021,20526.61,20466.231666666667,20452.841666666667,20533.18166666667,20398.042974068874,20402.561902640304,20393.524045497445,False,False,False,-2060.590121788933
1,2024-07-12 19:00:00+00:00,2024-07-12,2024-07-12 20:00:00+00:00,188129,value_area_bounce,-1,6.810714285715221,20523.230000000003,20517.33916666667,20499.060833333337,20525.647500000003,20413.674279148647,20417.079636291506,20410.268922005787,False,False,False,-173.81113745731415
1,2024-07-12 19:03:00+00:00,2024-07-12,2024-07-12 20:00:00+00:00,188132,value_area_bounce,-1,7.18500000000131,20515.11,20516.26104166667,20499.013958333337,20524.100625000003,20414.278211086028,20417.870711086027,20410.68571108603,False,False,False,-813.9388567634944
1,2024-07-12 19:42:00+00:00,2024-07-12,2024-07-12 20:00:00+00:00,188171,value_area_bounce,1,19.599285714285152,20411.480000000003,20442.880208333336,20398.503541666672,20498.35104166667,20419.373890805742,20429.173533662884,20409.5742479486,False,False,False,5697.428621748971
1,2024-07-12 19:44:00+00:00,2024-07-12,2024-07-12 20:00:00+00:00,188173,value_area_bounce,1,20.34857142857124,20390.980000000003,20446.875625,20386.146458333336,20495.458958333336,20419.0401494406,20429.214435154885,20408.865863726314,False,False,False,4064.0237071108186
1,2024-07-12 19:59:00+00:00,2024-07-12,2024-07-12 20:00:00+00:00,188188,value_area_bounce,1,21.535714285714285,20356.61,20346.644583333335,20331.112916666672,20447.600416666668,20414.773469181175,20425.541326324033,20404.005612038316,False,False,False,126.45047761949081
1,2024-07-15 13:31:00+00:00,2024-07-15,2024-07-15 20:00:00+00:00,189165,value_area_bounce,1,7.634285714286307,20445.6,20441.07729166667,20431.400625000002,20441.07729166667,20441.143333333333,20444.960476190477,20437.32619047619,False,False,False,7231.672943576996
1,2024-07-15 13:33:00+00:00,2024-07-15,2024-07-15 20:00:00+00:00,189167,value_area_bounce,1,10.773571428571813,20458.980000000003,20440.51625,20434.886250000003,20440.51625,20442.886487718726,20448.273273433013,20437.49970200444,False,False,False,7750.151100753821
1,2024-07-15 13:35:00+00:00,2024-07-15,2024-07-15 20:00:00+00:00,189169,value_area_bounce,-1,13.228571428571481,20438.35,20440.813541666666,20427.353125,20440.813541666666,20444.543888526758,20451.15817424104,20437.929602812474,False,False,False,-1556.1230472366788
1,2024-07-15 13:36:00+00:00,2024-07-15,2024-07-15 20:00:00+00:00,189170,value_area_bounce,-1,13.772857142857122,20436.480000000003,20440.813541666666,20429.276041666664,20442.736458333333,20443.86408676366,20450.75051533509,20436.97765819223,False,False,False,-7634.724511588206
1,2024-07-15 13:50:00+00:00,2024-07-15,2024-07-15 20:00:00+00:00,189184,value_area_bounce,-1,21.884285714286047,20425.85,20439.53208333334,20408.21958333334,20449.96958333334,20445.18336985226,20456.125512709405,20434.241226995116,False,False,False,-3404.45326367365
1,2024-07-15 15:27:00+00:00,2024-07-15,2024-07-15 20:00:00+00:00,189281,value_area_bounce,-1,9.535714285714286,20579.230000000003,20532.305,20524.045000000006,20581.864999999998,20488.251510754322,20493.01936789718,20483.483653611464,False,False,False,-4508.4025237985215
1,2024-07-15 16:42:00+00:00,2024-07-15,2024-07-15 20:00:00+00:00,189356,value_area_bounce,-1,12.25071428571495,20489.230000000003,20485.016875,20455.37479166667,20506.18979166667,20493.130700713242,20499.2560578561,20487.005343570385,False,False,False,-3421.408487133279
1,2024-07-15 16:56:00+00:00,2024-07-15,2024-07-15 20:00:00+00:00,189370,value_area_bounce,1,12.802857142856478,20480.1,20485.345625,20464.438125,20488.830208333333,20491.777870138503,20498.179298709932,20485.376441567074,False,False,False,5334.04113078376
1,2024-07-15 17:06:00+00:00,2024-07-15,2024-07-15 20:00:00+00:00,189380,value_area_bounce,1,18.795714285715285,20458.1,20484.361458333333,20450.98479166667,20488.53354166667,20489.27479865048,20498.672655793336,20479.876941507624,False,False,False,1723.0710497294394
1,2024-07-15 19:21:00+00:00,2024-07-15,2024-07-15 20:00:00+00:00,189515,value_area_bounce,-1,9.784999999999334,20443.980000000003,20437.714375000003,20406.529375000006,20448.109375,20470.41226896761,20475.30476896761,20465.519768967613,False,False,False,-1765.9833798868399
1,2024-07-15 19:29:00+00:00,2024-07-15,2024-07-15 20:00:00+00:00,189523,value_area_bounce,-1,8.757142857141194,20445.230000000003,20437.714375000003,20406.529375000006,20448.109375,20470.161969999586,20474.540541428156,20465.783398571017,False,False,False,-1732.995609866387
1,2024-07-15 19:59:00+00:00,2024-07-15,2024-07-15 20:00:00+00:00,189553,value_area_bounce,1,24.786428571429237,20418.1,20447.657291666663,20390.678125,20464.751041666663,20463.313633113463,20475.70684739918,20450.920418827747,False,False,False,2329.011180005499
1,2024-07-16 13:30:00+00:00,2024-07-16,2024-07-16 20:00:00+00:00,190544,value_area_bounce,-1,6.017857142857403,20464.9,20463.072916666664,20454.947916666664,20469.84375,20469.77666666667,20472.785595238096,20466.76773809524,False,False,False,-2249.2287135971187
1,2024-07-16 13:43:00+00:00,2024-07-16,2024-07-16 20:00:00+00:00,190557,value_area_bounce,-1,19.532142857142908,20476.9,20470.92291666667,20450.28958333333,20483.81875,20481.400405612047,20491.166477040617,20471.634334183476,False,False,False,-1641.2298329041512
1,2024-07-16 16:31:00+00:00,2024-07-16,2024-07-16 20:00:00+00:00,190725,value_area_bounce,1,14.375,20313.15,20317.002500000002,20299.355833333335,20378.76583333333,20386.502245487278,20393.689745487278,20379.314745487278,False,False,False,1116.2377261660106
1,2024-07-16 17:30:00+00:00,2024-07-16,2024-07-16 20:00:00+00:00,190784,value_area_bounce,1,9.482142857142858,20343.78,20350.989374999997,20340.973125,20367.683125,20379.43225610637,20384.173327534943,20374.6911846778,False,False,False,565.7051276635761
1,2024-07-16 18:05:00+00:00,2024-07-16,2024-07-16 20:00:00+00:00,190819,value_area_bounce,1,8.410714285714286,20349.65,20339.4625,20337.8375,20352.4625,20376.879585794373,20381.084942937232,20372.674228651515,False,False,False,976.3964193749415
1,2024-07-16 18:06:00+00:00,2024-07-16,2024-07-16 20:00:00+00:00,190820,value_area_bounce,-1,8.803571428571429,20343.15,20339.4625,20337.8375,20352.4625,20376.804412059333,20381.20619777362,20372.402626345047,False,False,False,-426.07968538108094
1,2024-07-16 18:10:00+00:00,2024-07-16,2024-07-16 20:00:00+00:00,190824,value_area_bounce,-1,8.419999999999813,20346.4,20339.4625,20337.8375,20352.4625,20376.580322091755,20380.790322091754,20372.370322091756,False,False,False,-1159.3765874035576
1,2024-07-16 18:20:00+00:00,2024-07-16,2024-07-16 20:00:00+00:00,190834,value_area_bounce,1,9.466428571427448,20334.9,20340.18125,20332.097916666666,20348.264583333337,20375.482613918688,20380.2158282044,20370.749399632976,False,False,False,1873.9706307896224
1,2024-07-16 19:00:00+00:00,2024-07-16,2024-07-16 20:00:00+00:00,190874,value_area_bounce,-1,10.133571428571615,20405.28,20389.010416666664,20358.56625,20415.105416666665,20376.496462960946,20381.563248675233,20371.42967724666,False,False,False,-334.4392385442736
1,2024-07-16 19:37:00+00:00,2024-07-16,2024-07-16 20:00:00+00:00,190911,value_area_bounce,1,10.553571428571429,20401.9,20408.998958333337,20397.551041666666,20408.998958333337,20378.118065708946,20383.394851423232,20372.84127999466,False,False,False,1656.6738245433758
1,2024-07-16 19:45:00+00:00,2024-07-16,2024-07-16 20:00:00+00:00,190919,value_area_bounce,-1,10.473571428571242,20398.9,20402.228125,20396.103125,20409.884375,20378.500303525325,20383.73708923961,20373.26351781104,False,False,False,-183.6753482244527
1,2024-07-16 19:50:00+00:00,2024-07-16,2024-07-16 20:00:00+00:00,190924,value_area_bounce,1,10.785714285714286,20415.9,20402.228125,20396.103125,20408.353125,20378.715219479156,20384.108076622015,20373.322362336297,False,False,False,1253.727482659652
1,2024-07-17 13:35:00+00:00,2024-07-17,2024-07-17 20:00:00+00:00,191929,value_area_bounce,1,16.801428571427873,20105.63,20080.168541666666,20064.678958333334,20108.049791666668,20082.429984007158,20090.830698292873,20074.029269721443,False,False,False,7397.583386021238
1,2024-07-17 13:36:00+00:00,2024-07-17,2024-07-17 20:00:00+00:00,191930,value_area_bounce,-1,18.622857142856446,20084.51,20091.653958333336,20063.210208333334,20107.456041666668,20083.898339885676,20093.209768457105,20074.586911314247,False,False,False,-2981.359978101271
1,2024-07-17 13:37:00+00:00,2024-07-17,2024-07-17 20:00:00+00:00,191931,value_area_bounce,-1,20.431428571428114,20072.38,20091.653958333336,20069.53104166667,20091.653958333336,20083.065322534763,20093.281036820477,20072.84960824905,False,False,False,-4904.775485990643
1,2024-07-17 13:43:00+00:00,2024-07-17,2024-07-17 20:00:00+00:00,191937,value_area_bounce,1,24.60999999999954,20063.63,20068.755000000005,20044.371666666666,20089.655,20075.6591312891,20087.9641312891,20063.3541312891,False,False,False,5327.0466187824395
1,2024-07-17 13:46:00+00:00,2024-07-17,2024-07-17 20:00:00+00:00,191940,value_area_bounce,1,24.291428571428437,20062.51,20090.664375,20056.970625,20094.408125,20072.100895355,20084.246609640715,20059.955181069286,False,False,False,5916.765236957581
1,2024-07-17 13:48:00+00:00,2024-07-17,2024-07-17 20:00:00+00:00,191942,value_area_bounce,1,24.38000000000024,20058.76,20090.664375,20056.970625,20094.408125,20071.104837353752,20083.29483735375,20058.914837353754,False,False,False,443.1966632716112
1,2024-07-17 13:50:00+00:00,2024-07-17,2024-07-17 20:00:00+00:00,191944,value_area_bounce,1,20.59357142857204,20060.26,20090.664375,20056.970625,20094.408125,20070.149543666706,20080.446329380993,20059.85275795242,False,False,False,6949.08987144821
1,2024-07-17 14:00:00+00:00,2024-07-17,2024-07-17 20:00:00+00:00,191954,opening_range_breakout,-1,18.732142857142858,20010.38,20056.970625,20045.739375,20079.433125000003,20065.184961867395,20074.551033295967,20055.818890438823,False,False,False,-10096.769757796026
1,2024-07-17 16:51:00+00:00,2024-07-17,2024-07-17 20:00:00+00:00,192125,value_area_bounce,1,12.01642857142932,19870.63,19873.426875,19853.114375,19886.96854166667,19969.24124111752,19975.249455403235,19963.233026831807,False,False,False,2226.0165441134777
1,2024-07-17 17:06:00+00:00,2024-07-17,2024-07-17 20:00:00+00:00,192140,value_area_bounce,-1,13.950714285714898,19867.51,19876.791458333333,19861.728958333333,19884.322708333333,19965.41165866241,19972.38701580527,19958.436301519552,False,False,False,-3025.0853629853673
1,2024-07-17 17:17:00+00:00,2024-07-17,2024-07-17 20:00:00+00:00,192151,value_area_bounce,1,13.353571428571481,19870.13,19866.74979166667,19856.708125,19886.833125,19962.331304980944,19969.008090695228,19955.65451926666,False,False,False,198.56270461336544
1,2024-07-17 17:47:00+00:00,2024-07-17,2024-07-17 20:00:00+00:00,192181,value_area_bounce,-1,11.992142857142296,19876.13,19873.140625,19854.923125,19888.321875,19956.773534825643,19962.769606254213,19950.777463397073,False,False,False,-1191.0128907472026
1,2024-07-17 17:50:00+00:00,2024-07-17,2024-07-17 20:00:00+00:00,192184,value_area_bounce,-1,11.517857142857142,19863.13,19873.140625,19854.923125,19882.249375,19956.286865855145,19962.045794426573,19950.527937283718,False,False,False,-1559.3254996292915
1,2024-07-17 18:07:00+00:00,2024-07-17,2024-07-17 20:00:00+00:00,192201,value_area_bounce,1,11.009285714285527,19862.51,19879.45270833333,19852.313958333332,19882.468125,19952.78493727518,19958.289580132325,19947.280294418037,False,False,False,1597.4222935166697
1,2024-07-17 18:18:00+00:00,2024-07-17,2024-07-17 20:00:00+00:00,192212,value_area_bounce,-1,13.670714285713725,19881.88,19873.421875,19852.313958333332,19888.498958333334,19951.139156691148,19957.974513834004,19944.303799548292,False,False,False,-646.7498644206315
1,2024-07-17 18:26:00+00:00,2024-07-17,2024-07-17 20:00:00+00:00,192220,value_area_bounce,-1,13.589285714285714,19879.63,19873.20291666667,19856.797916666666,19892.342083333333,19950.22775912066,19957.0224019778,19943.433116263517,False,False,False,-3548.6301226651312
1,2024-07-17 19:45:00+00:00,2024-07-17,2024-07-17 20:00:00+00:00,192299,value_area_bounce,-1,12.179999999999252,19855.76,19863.15604166667,19829.298958333333,19872.38979166667,19938.04878871265,19944.13878871265,19931.95878871265,False,False,False,-3491.3639973589225
1,2024-07-17 19:47:00+00:00,2024-07-17,2024-07-17 20:00:00+00:00,192301,value_area_bounce,-1,11.965714285713537,19865.63,19863.15604166667,19829.298958333333,19869.311875,19937.720333195903,19943.703190338758,19931.737476053047,False,False,False,-1362.3663462772165
1,2024-07-17 19:54:00+00:00,2024-07-17,2024-07-17 20:00:00+00:00,192308,value_area_bounce,-1,14.165714285714525,19863.63,19863.15604166667,19853.922291666666,19884.701458333333,19936.8110405141,19943.89389765696,19929.728183371244,False,False,False,-1021.3015157648726
1,2024-07-18 14:49:00+00:00,2024-07-18,2024-07-18 20:00:00+00:00,193383,value_area_bounce,1,24.93357142857115,19792.5,19932.133125,19789.553125,19932.133125,19875.660799748657,19888.127585462942,19863.194014034372,False,False,False,1530.5574035691798
1,2024-07-18 14:50:00+00:00,2024-07-18,2024-07-18 20:00:00+00:00,193384,value_area_bounce,1,25.02285714285686,19807.88,19932.133125,19780.641875,19932.133125,19874.42355417806,19886.93498274949,19861.912125606632,False,False,False,11640.703704205638
1,2024-07-18 16:07:00+00:00,2024-07-18,2024-07-18 20:00:00+00:00,193461,value_area_bounce,1,16.00071428571443,19665.0,19680.339791666665,19646.728541666667,19691.543541666666,19807.496794063674,19815.49715120653,19799.496436920817,False,False,False,5322.222524194063
1,2024-07-18 17:25:00+00:00,2024-07-18,2024-07-18 20:00:00+00:00,193539,value_area_bounce,-1,15.429285714285859,19747.75,19710.586875,19695.39854166667,19748.557708333334,19784.28656377699,19792.001206634133,19776.571920919847,False,False,False,-441.79242852376274
1,2024-07-18 17:34:00+00:00,2024-07-18,2024-07-18 20:00:00+00:00,193548,value_area_bounce,-1,14.911428571428717,19738.75,19710.586875,19702.99270833333,19752.354791666665,19783.369842242886,19790.8255565286,19775.91412795717,False,False,False,-1511.2923788878015
1,2024-07-18 17:46:00+00:00,2024-07-18,2024-07-18 20:00:00+00:00,193560,value_area_bounce,-1,16.72285714285707,19750.75,19744.760625000003,19737.166458333333,19767.543125,19782.10364644256,19790.465075013988,19773.74221787113,False,False,False,-763.07267207896
1,2024-07-18 18:15:00+00:00,2024-07-18,2024-07-18 20:00:00+00:00,193589,value_area_bounce,1,14.665714285714005,19713.38,19743.25,19708.75,19766.25,19776.94641348981,19784.27927063267,19769.613556346954,False,False,False,2252.0482376539694
1,2024-07-18 18:54:00+00:00,2024-07-18,2024-07-18 20:00:00+00:00,193628,value_area_bounce,1,15.696428571428571,19684.75,19698.01625,19663.74875,19709.43875,19768.341913708122,19776.190127993836,19760.493699422408,False,False,False,3821.1791275230557
1,2024-07-18 19:03:00+00:00,2024-07-18,2024-07-18 20:00:00+00:00,193637,value_area_bounce,-1,15.055000000000291,19689.5,19663.74875,19659.94125,19698.01625,19766.693960486766,19774.221460486766,19759.166460486766,False,False,False,-349.02702093443713
1,2024-07-18 19:54:00+00:00,2024-07-18,2024-07-18 20:00:00+00:00,193688,value_area_bounce,-1,22.579285714285497,19703.5,19635.125,19601.458333333336,19710.875,19754.8907122923,19766.180355149445,19743.601069435157,False,False,False,-11610.851913453816
1,2024-07-18 19:56:00+00:00,2024-07-18,2024-07-18 20:00:00+00:00,193690,value_area_bounce,-1,27.329285714285497,19718.5,19635.125,19601.458333333336,19719.291666666664,19754.74939179824,19768.414034655383,19741.084748941095,False,False,False,-4175.845416762557
1,2024-07-18 19:57:00+00:00,2024-07-18,2024-07-18 20:00:00+00:00,193691,value_area_bounce,-1,27.802857142856997,19716.5,19635.125,19601.458333333336,19727.708333333336,19754.628286960608,19768.529715532037,19740.72685838918,False,False,False,-9018.916012049938
1,2024-07-18 19:58:00+00:00,2024-07-18,2024-07-18 20:00:00+00:00,193692,value_area_bounce,-1,27.5264285714285,19720.5,19635.125,19601.458333333336,19727.708333333336,19754.5338273488,19768.297041634516,19740.770613063087,False,False,False,-7821.543472873429
1,2024-07-19 13:48:00+00:00,2024-07-19,2024-07-19 20:00:00+00:00,194702,value_area_bounce,1,28.80999999999949,19727.92,19734.357083333332,19705.11125,19763.602916666667,19732.75060781316,19747.155607813158,19718.34560781316,False,False,False,978.4670886971116
1,2024-07-19 13:53:00+00:00,2024-07-19,2024-07-19 20:00:00+00:00,194707,value_area_bounce,-1,27.50500000000024,19745.79,19734.357083333332,19705.11125,19769.452083333334,19736.6735963312,19750.426096331197,19722.9210963312,False,False,False,-3466.838181648801
1,2024-07-19 14:27:00+00:00,2024-07-19,2024-07-19 20:00:00+00:00,194741,opening_range_breakout,-1,21.29357142857199,19657.54,19708.970625,19692.016875,19748.529375,19729.559299994013,19740.206085708298,19718.912514279727,False,False,False,-13922.847270972605
1,2024-07-19 15:08:00+00:00,2024-07-19,2024-07-19 20:00:00+00:00,194782,value_area_bounce,-1,17.830000000000187,19674.67,19636.753541666665,19620.284791666665,19691.649375,19705.756200180233,19714.671200180233,19696.84120018023,False,False,False,-5547.220752022762
1,2024-07-19 17:27:00+00:00,2024-07-19,2024-07-19 20:00:00+00:00,194921,value_area_bounce,1,13.76714285714323,19531.79,19554.580625,19523.129375,19561.56979166667,19656.601207805845,19663.484779234415,19649.717636377274,False,False,False,3413.216805771268
1,2024-07-22 13:30:00+00:00,2024-07-22,2024-07-22 20:00:00+00:00,196049,value_area_bounce,-1,9.447857142856654,19762.78,19790.993958333333,19765.55895833333,19793.113541666666,19779.24,19783.96392857143,19774.516071428574,False,False,False,-5264.68765773853
1,2024-07-22 13:43:00+00:00,2024-07-22,2024-07-22 20:00:00+00:00,196062,value_area_bounce,-1,25.116428571428646,19795.66,19806.326875,19761.983125,19810.358125,19781.214716399885,19793.772930685598,19768.656502114172,False,False,False,-5731.135957449575
1,2024-07-22 14:00:00+00:00,2024-07-22,2024-07-22 20:00:00+00:00,196079,value_area_bounce,-1,19.072142857143003,19809.03,19804.899791666663,19744.795625,19834.951875,19812.11012397609,19821.64619540466,19802.57405254752,False,False,False,-3676.6873042256057
1,2024-07-22 14:51:00+00:00,2024-07-22,2024-07-22 20:00:00+00:00,196130,value_area_bounce,-1,17.5985714285715,19811.78,19797.243958333333,19761.261041666665,19812.665208333332,19807.485008316347,19816.284294030633,19798.685722602062,False,False,False,-5887.300514302531
1,2024-07-22 16:28:00+00:00,2024-07-22,2024-07-22 20:00:00+00:00,196227,value_area_bounce,-1,12.394285714286005,19734.78,19719.04,19688.0,19738.44,19775.53696027801,19781.73410313515,19769.339817420867,False,False,False,-2605.716769685281
1,2024-07-22 19:14:00+00:00,2024-07-22,2024-07-22 20:00:00+00:00,196393,value_area_bounce,1,11.992857142857506,19865.53,19880.055833333332,19861.0975,19893.5975,19791.95685681585,19797.95328538728,19785.96042824442,False,False,False,700.1036299552349
1,2024-07-22 19:17:00+00:00,2024-07-22,2024-07-22 20:00:00+00:00,196396,value_area_bounce,1,11.403571428571793,19866.03,19880.837083333332,19857.399583333332,19888.649583333332,19792.285843340964,19797.98762905525,19786.58405762668,False,False,False,686.7515400790325
1,2024-07-22 19:20:00+00:00,2024-07-22,2024-07-22 20:00:00+00:00,196399,value_area_bounce,1,10.536428571428717,19859.16,19849.587083333332,19849.587083333332,19880.837083333332,19792.60983857496,19797.878052860677,19787.341624289245,False,False,False,1071.1224322002824
1,2024-07-22 19:28:00+00:00,2024-07-22,2024-07-22 20:00:00+00:00,196407,value_area_bounce,1,10.759285714285786,19852.28,19857.399583333332,19849.587083333332,19873.024583333332,19793.356750757524,19798.73639361467,19787.97710790038,False,False,False,250.9609360935682
1,2024-07-22 19:31:00+00:00,2024-07-22,2024-07-22 20:00:00+00:00,196410,value_area_bounce,1,10.90214285714293,19853.78,19856.665625,19840.661874999998,19868.096875,19793.682128915414,19799.133200343986,19788.231057486842,False,False,False,1669.206151887309
1,2024-07-22 19:36:00+00:00,2024-07-22,2024-07-22 20:00:00+00:00,196415,value_area_bounce,1,12.84785714285707,19860.91,19856.665625,19840.661874999998,19863.524375,19794.187074088313,19800.61100265974,19787.763145516885,False,False,False,43.11811970388271
1,2024-07-22 19:37:00+00:00,2024-07-22,2024-07-22 20:00:00+00:00,196416,value_area_bounce,-1,12.59785714285707,19859.78,19856.665625,19840.661874999998,19863.524375,19794.316374038026,19800.615302609454,19788.017445466598,False,False,False,-1675.8078811690907
1,2024-07-23 13:47:00+00:00,2024-07-23,2024-07-23 20:00:00+00:00,197446,value_area_bounce,-1,19.877142857143294,19848.68,19821.877083333333,19788.75041666667,19855.003750000003,19837.101046832675,19847.039618261246,19827.162475404104,False,False,False,-3066.884318428245
1,2024-07-23 14:41:00+00:00,2024-07-23,2024-07-23 20:00:00+00:00,197500,value_area_bounce,1,16.892142857142712,19849.43,19859.24229166667,19841.169375,19873.700625,19852.314288397596,19860.760359826167,19843.868216969026,False,False,False,1360.4963405878627
1,2024-07-23 16:08:00+00:00,2024-07-23,2024-07-23 20:00:00+00:00,197587,value_area_bounce,1,12.963571428571283,19886.68,19913.238125000003,19873.923125,19916.514375,19857.800422855154,19864.28220856944,19851.31863714087,False,False,False,3070.4498838637055
1,2024-07-23 19:33:00+00:00,2024-07-23,2024-07-23 20:00:00+00:00,197792,value_area_bounce,-1,7.580714285714358,19829.43,19829.555,19819.638333333336,19833.805,19843.86208237802,19847.652439520876,19840.07172523516,False,False,False,-464.2408369288515
1,2024-07-23 19:38:00+00:00,2024-07-23,2024-07-23 20:00:00+00:00,197797,value_area_bounce,1,7.142142857142711,19821.93,19829.555,19819.638333333336,19833.805,19843.747624117,19847.31869554557,19840.17655268843,False,False,False,60.65989657931527
1,2024-07-24 13:30:00+00:00,2024-07-24,2024-07-24 20:00:00+00:00,198809,value_area_bounce,-1,9.784999999999854,19488.22,19496.091041666667,19481.50770833333,19503.38270833333,19492.51,19497.402499999997,19487.6175,False,False,False,-3138.736725263282
1,2024-07-24 13:32:00+00:00,2024-07-24,2024-07-24 20:00:00+00:00,198811,value_area_bounce,-1,12.41928571428564,19486.09,19492.150833333333,19490.222500000003,19499.864166666666,19494.981177789694,19501.190820646836,19488.77153493255,False,False,False,-6590.708391882674
1,2024-07-24 14:01:00+00:00,2024-07-24,2024-07-24 20:00:00+00:00,198840,opening_range_breakout,-1,19.02285714285686,19350.84,19401.618125,19355.43854166667,19447.797708333335,19417.31981835518,19426.83124692661,19407.80838978375,False,False,False,-9177.764845208048
1,2024-07-24 15:51:00+00:00,2024-07-24,2024-07-24 20:00:00+00:00,198950,value_area_bounce,1,11.90214285714293,19251.34,19252.705208333333,19234.362708333334,19264.933541666665,19347.13406402294,19353.08513545151,19341.182992594368,False,False,False,357.1413019538347
1,2024-07-24 16:15:00+00:00,2024-07-24,2024-07-24 20:00:00+00:00,198974,value_area_bounce,1,10.987857142857008,19216.59,19250.548333333332,19207.465,19262.298333333332,19332.78094613439,19338.274874705818,19327.28701756296,False,False,False,2041.2639155544289
1,2024-07-24 16:46:00+00:00,2024-07-24,2024-07-24 20:00:00+00:00,199005,value_area_bounce,1,11.647857142856862,19191.09,19185.220208333332,19185.220208333332,19210.522291666668,19319.25508266783,19325.07901123926,19313.4311540964,False,False,False,266.3404366117245
1,2024-07-24 17:05:00+00:00,2024-07-24,2024-07-24 20:00:00+00:00,199024,value_area_bounce,1,11.683571428571147,19187.09,19183.818124999998,19178.890625,19208.455625000002,19311.538919985804,19317.38070570009,19305.69713427152,False,False,False,792.0154581894006
1,2024-07-24 18:56:00+00:00,2024-07-24,2024-07-24 20:00:00+00:00,199135,value_area_bounce,1,12.374285714285309,19100.09,19149.79375,19096.603750000002,19171.956250000003,19279.26509628306,19285.452239140202,19273.077953425916,False,False,False,911.7042882030034
1,2024-07-24 18:57:00+00:00,2024-07-24,2024-07-24 20:00:00+00:00,199136,value_area_bounce,1,12.012142857142733,19104.34,19149.79375,19101.036249999997,19171.956250000003,19278.84919510547,19284.855266534043,19272.8431236769,False,False,False,1171.7832188009274
1,2024-07-24 18:58:00+00:00,2024-07-24,2024-07-24 20:00:00+00:00,199137,value_area_bounce,1,12.137142857142733,19104.09,19149.79375,19101.036249999997,19171.956250000003,19278.455138918154,19284.523710346726,19272.386567489582,False,False,False,3616.6360848100726
1,2024-07-24 19:33:00+00:00,2024-07-24,2024-07-24 20:00:00+00:00,199172,value_area_bounce,1,12.142857142857142,19115.22,19096.74125,19085.971250000002,19102.12625,19264.119360458488,19270.190789029915,19258.04793188706,False,False,False,3256.514995090686
1,2024-07-24 19:46:00+00:00,2024-07-24,2024-07-24 20:00:00+00:00,199185,value_area_bounce,-1,17.187142857142526,19115.09,19090.47,19070.47,19118.47,19258.685040117678,19267.278611546248,19250.09146868911,False,False,False,-4451.245470443326
1,2024-07-24 19:50:00+00:00,2024-07-24,2024-07-24 20:00:00+00:00,199189,value_area_bounce,-1,19.2435714285709,19107.09,19090.47,19070.47,19122.47,19256.70583456438,19266.327620278666,19247.084048850098,False,False,False,-4416.247987154862
1,2024-07-25 13:30:00+00:00,2024-07-25,2024-07-25 20:00:00+00:00,200189,value_area_bounce,-1,12.002857142857206,19064.94,19088.419375,19070.826875,19094.283541666668,19073.98,19079.981428571427,19067.97857142857,False,False,False,-8408.406959278564
1,2024-07-25 14:00:00+00:00,2024-07-25,2024-07-25 20:00:00+00:00,200219,opening_range_breakout,-1,28.268571428571054,18874.19,19001.53375,18897.39125,19020.46875,18998.259711512444,19012.39399722673,18984.12542579816,False,False,False,-20452.240667358175
1,2024-07-25 14:02:00+00:00,2024-07-25,2024-07-25 20:00:00+00:00,200221,opening_range_breakout,-1,29.693571428571108,18855.94,18994.763125,18984.706875,19075.213125000002,18990.46678493307,19005.313570647355,18975.619999218783,False,False,False,-14835.596211331344
1,2024-07-25 16:08:00+00:00,2024-07-25,2024-07-25 20:00:00+00:00,200347,value_area_bounce,-1,20.142857142857142,19074.19,19067.78375,19034.15875,19084.59625,18984.178638301557,18994.250066872984,18974.10720973013,False,False,False,-7588.742406350861
1,2024-07-25 16:47:00+00:00,2024-07-25,2024-07-25 20:00:00+00:00,200386,value_area_bounce,-1,17.900714285714848,19191.81,19216.580625,19122.466041666667,19216.580625,19008.85090625457,19017.80126339743,18999.900549111713,False,False,False,-1027.875751571922
1,2024-07-25 18:30:00+00:00,2024-07-25,2024-07-25 20:00:00+00:00,200489,value_area_bounce,1,17.577857142856633,19098.44,19143.393333333333,19096.72666666667,19162.06,19040.165737072635,19048.954665644065,19031.376808501205,False,False,False,2767.203736900831
1,2024-07-25 18:41:00+00:00,2024-07-25,2024-07-25 20:00:00+00:00,200500,value_area_bounce,1,16.178571428571427,19080.19,19096.72666666667,19073.393333333333,19124.72666666667,19041.144624053715,19049.233909768,19033.05533833943,False,False,False,1186.0096911898727
1,2024-07-25 19:01:00+00:00,2024-07-25,2024-07-25 20:00:00+00:00,200520,value_area_bounce,1,21.56928571428502,19036.94,19093.85145833333,19013.497291666667,19105.330625,19039.825245663895,19050.609888521038,19029.040602806752,False,False,False,987.78719544566
1,2024-07-25 19:35:00+00:00,2024-07-25,2024-07-25 20:00:00+00:00,200554,value_area_bounce,-1,21.77857142857153,19037.56,19001.40875,18984.59625,19040.637916666667,19039.9185759459,19050.807861660185,19029.029290231614,False,False,False,-1258.6011712298723
1,2024-07-25 19:37:00+00:00,2024-07-25,2024-07-25 20:00:00+00:00,200556,value_area_bounce,-1,21.497142857142535,19024.44,19001.40875,18984.59625,19040.637916666667,19039.879555795316,19050.62812722389,19029.130984366744,False,False,False,-4040.516241480218
1,2024-07-26 13:40:00+00:00,2024-07-26,2024-07-26 20:00:00+00:00,201579,value_area_bounce,-1,27.676428571428136,18967.370000000003,18999.622916666667,18962.08541666667,19012.135416666664,18995.017549876527,19008.855764162243,18981.179335590812,False,False,False,-11296.24133124455
1,2024-07-26 13:52:00+00:00,2024-07-26,2024-07-26 20:00:00+00:00,201591,value_area_bounce,1,29.342857142856833,18979.0,18995.791875000003,18959.995625000003,19011.133125,18983.505887730753,18998.177316302183,18968.834459159323,False,False,False,3550.495864568072
1,2024-07-26 13:55:00+00:00,2024-07-26,2024-07-26 20:00:00+00:00,201594,value_area_bounce,1,28.354285714285652,18961.620000000003,18995.791875000003,18949.768125000002,19000.905625,18981.123861528064,18995.301004385205,18966.946718670923,False,False,False,950.0341881976985
1,2024-07-26 14:04:00+00:00,2024-07-26,2024-07-26 20:00:00+00:00,201603,value_area_bounce,-1,30.571428571428573,18979.370000000003,18995.791875000003,18949.768125000002,19000.905625,18984.266861409655,18999.55257569537,18968.98114712394,False,False,False,-7748.208650965245
1,2024-07-26 14:15:00+00:00,2024-07-26,2024-07-26 20:00:00+00:00,201614,value_area_bounce,1,29.99500000000106,18976.25,18959.484375,18953.719791666666,18999.83645833333,18978.92017980989,18993.917679809892,18963.92267980989,False,False,False,4480.272456788481
1,2024-07-26 14:30:00+00:00,2024-07-26,2024-07-26 20:00:00+00:00,201629,value_area_bounce,-1,29.884285714287085,18969.5,18974.338541666664,18943.765625,18992.682291666664,18981.87767936737,18996.819822224516,18966.935536510227,False,False,False,-6468.904391720864
1,2024-07-26 14:47:00+00:00,2024-07-26,2024-07-26 20:00:00+00:00,201646,value_area_bounce,1,24.247142857142794,18944.0,18943.765625,18937.651041666664,18986.567708333336,18975.536737292077,18987.66030872065,18963.413165863505,False,False,False,1471.2991275302788
1,2024-07-26 16:36:00+00:00,2024-07-26,2024-07-26 20:00:00+00:00,201755,value_area_bounce,-1,13.812857142856956,19109.120000000003,19079.432500000003,19053.9025,19113.472500000003,18994.749501718572,19001.65593029,18987.843073147145,False,False,False,-207.0582037607412
1,2024-07-26 17:02:00+00:00,2024-07-26,2024-07-26 20:00:00+00:00,201781,value_area_bounce,-1,12.294285714285902,19138.5,19089.041875000003,19074.00020833334,19145.448125000003,19005.05771591296,19011.204858770103,18998.91057305582,False,False,False,-100.67439861783873
1,2024-07-26 17:34:00+00:00,2024-07-26,2024-07-26 20:00:00+00:00,201813,value_area_bounce,-1,12.77714285714267,19103.120000000003,19145.49,19136.923333333332,19152.343333333334,19015.77790052978,19022.166471958353,19009.38932910121,False,False,False,-4063.1077745017537
1,2024-07-26 17:45:00+00:00,2024-07-26,2024-07-26 20:00:00+00:00,201824,value_area_bounce,1,24.313571428572427,19074.120000000003,19146.934583333335,19060.192916666667,19165.522083333337,19017.813444971795,19029.97023068608,19005.656659257507,False,False,False,10629.066343531118
1,2024-07-26 19:35:00+00:00,2024-07-26,2024-07-26 20:00:00+00:00,201934,value_area_bounce,1,16.943571428571367,19002.620000000003,19006.916875000003,18981.760625000003,19021.291875000003,19022.170063826325,19030.64184954061,19013.69827811204,False,False,False,1189.2264448679757
1,2024-07-26 19:50:00+00:00,2024-07-26,2024-07-26 20:00:00+00:00,201949,value_area_bounce,-1,21.01642857142932,19022.120000000003,19006.916875000003,18978.166875000003,19028.479375000003,19022.498005751335,19033.00622003705,19011.98979146562,False,False,False,-1983.5908531217801
1,2024-07-29 13:33:00+00:00,2024-07-29,2024-07-29 20:00:00+00:00,202937,value_area_bounce,-1,14.687857142857476,19141.45,19142.663333333334,19101.756666666668,19163.116666666665,19133.67939025809,19141.02331882952,19126.33546168666,False,False,False,-10951.124060244068
1,2024-07-29 13:34:00+00:00,2024-07-29,2024-07-29 20:00:00+00:00,202938,value_area_bounce,-1,16.590000000000405,19135.57,19142.663333333334,19101.756666666668,19158.003333333334,19135.506742193138,19143.80174219314,19127.211742193136,False,False,False,-16804.202603654077
1,2024-07-29 13:50:00+00:00,2024-07-29,2024-07-29 20:00:00+00:00,202954,value_area_bounce,-1,25.795714285714503,19174.82,19144.278125,19102.205208333333,19186.35104166667,19170.605241541565,19183.50309868442,19157.70738439871,False,False,False,-6825.238313773358
1,2024-07-29 13:51:00+00:00,2024-07-29,2024-07-29 20:00:00+00:00,202955,value_area_bounce,-1,26.15285714285736,19180.2,19144.278125,19102.205208333333,19186.35104166667,19171.11468020768,19184.19110877911,19158.03825163625,False,False,False,-7882.342978114875
1,2024-07-29 14:00:00+00:00,2024-07-29,2024-07-29 20:00:00+00:00,202964,opening_range_breakout,1,23.437142857142785,19252.7,19144.278125,19102.205208333333,19198.371875,19180.437735013587,19192.156306442157,19168.719163585018,False,False,False,11724.294500526994
1,2024-07-29 14:07:00+00:00,2024-07-29,2024-07-29 20:00:00+00:00,202971,value_area_bounce,-1,23.465000000000146,19191.7,19186.246875,19128.215625,19212.03854166667,19186.813344297047,19198.54584429705,19175.080844297045,False,False,False,-3707.8578008124573
1,2024-07-29 17:15:00+00:00,2024-07-29,2024-07-29 20:00:00+00:00,203159,value_area_bounce,-1,12.901428571428498,19199.2,19195.361666666664,19183.278333333335,19202.611666666664,19148.93152928551,19155.382243571225,19142.480814999795,False,False,False,-1329.339613382885
1,2024-07-29 19:00:00+00:00,2024-07-29,2024-07-29 20:00:00+00:00,203264,value_area_bounce,1,11.857857142856508,19097.57,19100.485833333332,19081.112500000003,19115.01583333333,19142.982361193663,19148.911289765092,19137.053432622233,False,False,False,3893.556932452544
1,2024-07-29 19:16:00+00:00,2024-07-29,2024-07-29 20:00:00+00:00,203280,value_area_bounce,-1,11.138571428571074,19094.07,19079.300208333334,19064.207708333335,19099.423541666667,19141.966908719187,19147.536194433473,19136.3976230049,False,False,False,-3353.129177597212
1,2024-07-29 19:50:00+00:00,2024-07-29,2024-07-29 20:00:00+00:00,203314,value_area_bounce,-1,10.58071428571436,19117.45,19112.896041666667,19096.56354166667,19123.784375000003,19140.997099234857,19146.287456377715,19135.706742092,False,False,False,-1573.9052069525505
1,2024-07-29 19:52:00+00:00,2024-07-29,2024-07-29 20:00:00+00:00,203316,value_area_bounce,-1,10.758571428571356,19115.32,19121.121875,19103.53854166667,19125.517708333333,19140.90309552672,19146.282381241006,19135.523809812432,False,False,False,-1228.5041774623526
1,2024-07-30 13:30:00+00:00,2024-07-30,2024-07-30 20:00:00+00:00,204314,value_area_bounce,-1,8.25,19136.93,19147.265416666665,19138.860416666666,19154.269583333335,19147.763333333332,19151.888333333332,19143.638333333332,False,False,False,-4195.414292836138
1,2024-07-30 13:42:00+00:00,2024-07-30,2024-07-30 20:00:00+00:00,204326,value_area_bounce,-1,21.74928571428557,19167.68,19164.237291666665,19152.414375,19173.695625,19166.941025123564,19177.815667980707,19156.06638226642,False,False,False,-894.8045418627089
1,2024-07-30 14:01:00+00:00,2024-07-30,2024-07-30 20:00:00+00:00,204345,opening_range_breakout,-1,20.352857142856788,19061.06,19130.38875,19088.15625,19163.23625,19136.73202222237,19146.9084507938,19126.555593650945,False,False,False,-9799.271070268842
1,2024-07-30 14:10:00+00:00,2024-07-30,2024-07-30 20:00:00+00:00,204354,opening_range_breakout,-1,21.29357142857121,19077.43,19169.3675,19104.784166666665,19175.825833333336,19125.255437537857,19135.902223252142,19114.60865182357,False,False,False,-3866.0025586083766
1,2024-07-30 16:38:00+00:00,2024-07-30,2024-07-30 20:00:00+00:00,204502,value_area_bounce,1,14.364999999999782,18812.56,18830.160000000003,18800.626666666667,18836.066666666666,18983.032895275588,18990.215395275587,18975.85039527559,False,False,False,94.7506206580324
1,2024-07-30 17:09:00+00:00,2024-07-30,2024-07-30 20:00:00+00:00,204533,value_area_bounce,1,17.621428571428364,18737.43,18799.096666666665,18725.763333333336,18825.763333333336,18953.832035370502,18962.642749656217,18945.021321084787,False,False,False,6827.695557079517
1,2024-07-30 19:30:00+00:00,2024-07-30,2024-07-30 20:00:00+00:00,204674,value_area_bounce,1,12.22214285714264,18816.68,18819.52354166667,18809.42979166667,18843.075625,18913.72259704461,18919.83366847318,18907.611525616037,False,False,False,1243.806589818232
1,2024-07-30 19:44:00+00:00,2024-07-30,2024-07-30 20:00:00+00:00,204688,value_area_bounce,1,14.614999999999782,18824.43,18809.059583333335,18803.61125,18822.680416666666,18910.338982998404,18917.646482998403,18903.031482998405,False,False,False,5896.668023855923
1,2024-07-31 13:30:00+00:00,2024-07-31,2024-07-31 20:00:00+00:00,205694,value_area_bounce,-1,9.482142857142597,19246.31,19232.544791666667,19229.216875,19252.512291666666,19253.436666666665,19258.177738095237,19248.695595238092,False,False,False,-6097.332564353506
1,2024-07-31 13:38:00+00:00,2024-07-31,2024-07-31 20:00:00+00:00,205702,value_area_bounce,1,21.67857142857091,19241.31,19226.330208333333,19223.012291666666,19252.873541666668,19229.544662639855,19240.38394835414,19218.70537692557,False,False,False,5273.206712218331
1,2024-07-31 13:45:00+00:00,2024-07-31,2024-07-31 20:00:00+00:00,205709,value_area_bounce,1,27.88499999999944,19236.19,19227.15375,19218.52875,19253.02875,19237.3611911516,19251.303691151603,19223.4186911516,False,False,False,526.3088980755442
1,2024-07-31 13:46:00+00:00,2024-07-31,2024-07-31 20:00:00+00:00,205710,value_area_bounce,-1,29.037142857142108,19218.56,19227.15375,19218.52875,19248.71625,19236.83989695824,19251.358468386814,19222.32132552967,False,False,False,-9708.913230503575
1,2024-07-31 14:01:00+00:00,2024-07-31,2024-07-31 20:00:00+00:00,205725,opening_range_breakout,1,24.008571428571617,19304.94,19244.40375,19222.84125,19257.34125,19246.107012061817,19258.111297776104,19234.10272634753,False,False,False,5579.695655870528
1,2024-07-31 16:03:00+00:00,2024-07-31,2024-07-31 20:00:00+00:00,205847,value_area_bounce,1,12.884285714285527,19353.81,19361.84125,19350.59125,19370.27875,19306.771599913354,19313.2137427705,19300.32945705621,False,False,False,2148.335963146969
1,2024-07-31 17:00:00+00:00,2024-07-31,2024-07-31 20:00:00+00:00,205904,value_area_bounce,1,11.025714285714846,19320.44,19326.38270833333,19312.580625,19337.424375,19311.21628618433,19316.72914332719,19305.703429041474,False,False,False,73.57316864698214
1,2024-07-31 17:24:00+00:00,2024-07-31,2024-07-31 20:00:00+00:00,205928,value_area_bounce,-1,10.075714285714898,19330.94,19333.60166666667,19307.018333333333,19340.85166666667,19312.805571059802,19317.84342820266,19307.767713916943,False,False,False,-1767.6514286655217
1,2024-07-31 18:00:00+00:00,2024-07-31,2024-07-31 20:00:00+00:00,205964,value_area_bounce,-1,15.23928571428587,19288.11,19270.743125,19231.260208333333,19321.506875,19310.024136444445,19317.643779301587,19302.404493587303,False,False,False,-2040.1132425921046
1,2024-07-31 18:35:00+00:00,2024-07-31,2024-07-31 20:00:00+00:00,205999,value_area_bounce,-1,18.74428571428507,19343.81,19329.919375,19299.86729166667,19359.971458333333,19313.72709374973,19323.099236606875,19304.354950892586,False,False,False,-5398.330275285646
1,2024-07-31 19:04:00+00:00,2024-07-31,2024-07-31 20:00:00+00:00,206028,value_area_bounce,-1,20.247142857142535,19405.19,19437.872291666667,19361.60145833333,19448.768125,19325.032251576282,19335.155823004854,19314.90868014771,False,False,False,-1516.951352702302
1,2024-07-31 19:18:00+00:00,2024-07-31,2024-07-31 20:00:00+00:00,206042,value_area_bounce,-1,23.229285714285393,19386.81,19438.018125,19410.986875,19448.830625,19330.410666252534,19342.025309109675,19318.796023395393,False,False,False,-1334.6242138130106
1,2024-07-31 19:59:00+00:00,2024-07-31,2024-07-31 20:00:00+00:00,206083,value_area_bounce,-1,31.022857142857383,19381.94,19372.78375,19334.90875,19404.34625,19337.85243459519,19353.363863166618,19322.34100602376,False,False,False,-6986.868990493069
1,2024-08-01 13:31:00+00:00,2024-08-01,2024-08-01 20:00:00+00:00,207075,value_area_bounce,1,12.947857142856394,19425.84,19410.769583333335,19399.147083333337,19468.882083333334,19413.172787016738,19419.646715588166,19406.69885844531,False,False,False,9575.450011518136
1,2024-08-01 13:32:00+00:00,2024-08-01,2024-08-01 20:00:00+00:00,207076,value_area_bounce,1,14.77785714285658,19424.210000000003,19408.207083333335,19396.209583333337,19440.200416666667,19413.99462721093,19421.38355578236,19406.6056986395,False,False,False,17911.89001151963
1,2024-08-01 13:37:00+00:00,2024-08-01,2024-08-01 20:00:00+00:00,207081,value_area_bounce,1,21.089285714285715,19422.09,19414.28375,19401.271249999998,19431.63375,19419.39289567128,19429.937538528422,19408.84825281414,False,False,False,5118.918023239371
1,2024-08-01 17:16:00+00:00,2024-08-01,2024-08-01 20:00:00+00:00,207300,value_area_bounce,1,16.85357142857174,18917.34,18990.438333333335,18915.081666666665,18996.235,19237.67841270739,19246.105198421676,19229.251626993107,False,False,False,2089.954796990893
1,2024-08-01 17:45:00+00:00,2024-08-01,2024-08-01 20:00:00+00:00,207329,value_area_bounce,1,18.28285714285708,18819.84,18877.25,18818.309999999998,18936.190000000002,19203.86677345496,19213.008202026387,19194.725344883533,False,False,False,414.96379949858556
1,2024-08-01 18:10:00+00:00,2024-08-01,2024-08-01 20:00:00+00:00,207354,value_area_bounce,1,21.84857142857124,18863.84,18892.418125,18841.480625,18897.511875,19176.182190400286,19187.10647611457,19165.257904686,False,False,False,524.1846882956829
1,2024-08-01 18:40:00+00:00,2024-08-01,2024-08-01 20:00:00+00:00,207384,value_area_bounce,1,17.498571428572177,18815.460000000003,18855.668125,18799.136875,18880.793125,19147.882072681747,19156.631358396033,19139.13278696746,False,False,False,2476.3312181338088
1,2024-08-01 19:00:00+00:00,2024-08-01,2024-08-01 20:00:00+00:00,207404,value_area_bounce,1,23.28285714285708,18781.09,18772.471875000003,18767.331458333334,18813.595208333332,19129.114183506328,19140.755612077755,19117.4727549349,False,False,False,2064.079633836455
1,2024-08-01 19:01:00+00:00,2024-08-01,2024-08-01 20:00:00+00:00,207405,value_area_bounce,1,24.604999999999563,18796.59,18772.471875000003,18767.331458333334,18808.45479166667,19128.06373589981,19140.36623589981,19115.76123589981,False,False,False,7386.407125621767
1,2024-08-01 19:06:00+00:00,2024-08-01,2024-08-01 20:00:00+00:00,207410,value_area_bounce,-1,24.274285714285465,18773.59,18773.850416666668,18766.30875,18800.24625,19123.00565846045,19135.142801317594,19110.868515603306,False,False,False,-3900.5173880273146
1,2024-08-01 19:45:00+00:00,2024-08-01,2024-08-01 20:00:00+00:00,207449,value_area_bounce,-1,22.017857142857142,18850.09,18828.027708333335,18791.995208333334,18876.071041666666,19094.887910384023,19105.89683895545,19083.878981812595,False,False,False,-6110.587580635192
1,2024-08-01 19:55:00+00:00,2024-08-01,2024-08-01 20:00:00+00:00,207459,value_area_bounce,-1,28.73285714285677,18868.210000000003,18845.76375,18801.61875,18882.551249999997,19087.32281626171,19101.68924483314,19072.95638769028,False,False,False,-12288.039863557648
1,2024-08-02 13:51:00+00:00,2024-08-02,2024-08-02 20:00:00+00:00,208475,value_area_bounce,-1,46.81642857143015,18492.890000000003,18516.348541666666,18443.431875,18552.806875,18535.206196109582,18558.614410395297,18511.797981823867,False,False,False,-12754.863647465265
1,2024-08-02 14:05:00+00:00,2024-08-02,2024-08-02 20:00:00+00:00,208489,opening_range_breakout,-1,37.801428571427614,18384.01,18516.348541666666,18443.431875,18543.692291666666,18511.666785394347,18530.567499680063,18492.766071108632,False,False,False,-13414.453681627696
1,2024-08-02 16:44:00+00:00,2024-08-02,2024-08-02 20:00:00+00:00,208648,value_area_bounce,-1,23.864999999999004,18477.26,18480.5225,18457.1475,18503.8975,18425.42162529491,18437.35412529491,18413.489125294913,False,False,False,-1771.414865588719
1,2024-08-02 18:44:00+00:00,2024-08-02,2024-08-02 20:00:00+00:00,208768,value_area_bounce,-1,19.459285714287294,18406.390000000003,18422.123958333337,18359.868541666667,18422.123958333337,18418.15832621577,18427.88796907291,18408.428683358627,False,False,False,-2541.38332671461
1,2024-08-02 18:49:00+00:00,2024-08-02,2024-08-02 20:00:00+00:00,208773,value_area_bounce,-1,18.349285714287753,18413.640000000003,18422.123958333337,18359.868541666667,18422.123958333337,18418.1428415028,18427.31748435994,18408.968198645656,False,False,False,-1773.204311300304
1,2024-08-02 19:08:00+00:00,2024-08-02,2024-08-02 20:00:00+00:00,208792,value_area_bounce,1,21.469285714283096,18412.01,18422.123958333337,18388.166458333337,18422.123958333337,18417.83296922292,18428.56761208006,18407.09832636578,False,False,False,1594.7116994776834
1,2024-08-02 19:54:00+00:00,2024-08-02,2024-08-02 20:00:00+00:00,208838,value_area_bounce,1,29.149285714284424,18415.51,18408.452708333334,18384.675625,18427.474375,18417.119931515204,18431.694574372348,18402.54528865806,False,False,False,1993.2878577564843
1,2024-08-05 13:53:00+00:00,2024-08-05,2024-08-05 20:00:00+00:00,209842,value_area_bounce,-1,66.23428571428667,17773.45,17823.762500000004,17547.3875,17823.762500000004,17668.94449831458,17702.061641171724,17635.827355457437,False,False,False,-2574.499274872298
1,2024-08-05 14:00:00+00:00,2024-08-05,2024-08-05 20:00:00+00:00,209849,opening_range_breakout,1,52.4128571428581,17943.7,17786.9125,17565.8125,17823.762500000004,17691.04188517758,17717.24831374901,17664.83545660615,False,False,False,5044.015886274967
1,2024-08-05 14:14:00+00:00,2024-08-05,2024-08-05 20:00:00+00:00,209863,opening_range_breakout,1,55.02642857142928,17874.9,17798.44375,17572.43125,17898.893750000003,17755.95647245385,17783.469686739565,17728.443258168136,False,False,False,5381.239586000815
1,2024-08-05 14:26:00+00:00,2024-08-05,2024-08-05 20:00:00+00:00,209875,value_area_bounce,-1,52.442857142857974,17847.780000000002,17819.75,17783.15,17892.950000000004,17797.999386181797,17824.220814753226,17771.777957610368,False,False,False,-18825.364593017588
1,2024-08-05 14:40:00+00:00,2024-08-05,2024-08-05 20:00:00+00:00,209889,value_area_bounce,-1,51.43500000000027,17874.530000000002,17865.228125,17810.905208333337,17919.551041666666,17809.470553136893,17835.18805313689,17783.753053136894,False,False,False,-1883.6872829654149
1,2024-08-05 14:43:00+00:00,2024-08-05,2024-08-05 20:00:00+00:00,209892,value_area_bounce,-1,52.872142857143054,17853.280000000002,17865.228125,17810.905208333337,17919.551041666666,17813.78630728681,17840.22237871538,17787.350235858237,False,False,False,-8378.79559129708
1,2024-08-05 14:48:00+00:00,2024-08-05,2024-08-05 20:00:00+00:00,209897,value_area_bounce,1,48.17142857142868,17888.65,17865.228125,17821.769791666666,17908.686458333337,17817.456538197916,17841.54225248363,17793.370823912202,False,False,False,146.62649380161383
1,2024-08-05 15:54:00+00:00,2024-08-05,2024-08-05 20:00:00+00:00,209963,value_area_bounce,1,30.742142857142817,18002.95,18031.735625,18000.756875,18083.366875,17856.26371241029,17871.63478383886,17840.89264098172,False,False,False,1335.0999797928837
1,2024-08-05 16:35:00+00:00,2024-08-05,2024-08-05 20:00:00+00:00,210004,value_area_bounce,-1,28.137857142856642,18075.65,18003.014583333337,17952.910416666666,18093.202083333337,17876.5044878751,17890.57341644653,17862.43555930367,False,False,False,-462.1387401668536
1,2024-08-05 17:29:00+00:00,2024-08-05,2024-08-05 20:00:00+00:00,210058,value_area_bounce,-1,24.60928571428511,17993.15,17941.274166666666,17922.139166666668,18011.435833333333,17894.864780342927,17907.16942320007,17882.560137485783,False,False,False,-351.80379176465556
1,2024-08-05 18:31:00+00:00,2024-08-05,2024-08-05 20:00:00+00:00,210120,value_area_bounce,-1,22.770000000000177,17936.030000000002,17921.41416666667,17881.855833333335,17960.9725,17904.24239732797,17915.627397327968,17892.85739732797,False,False,False,-1812.965874187647
1,2024-08-05 18:37:00+00:00,2024-08-05,2024-08-05 20:00:00+00:00,210126,value_area_bounce,-1,24.332142857142962,17919.530000000002,17918.4925,17893.5125,17943.4725,17904.956284208303,17917.122355636875,17892.79021277973,False,False,False,-611.2137597534866
1,2024-08-05 19:31:00+00:00,2024-08-05,2024-08-05 20:00:00+00:00,210180,value_area_bounce,-1,28.209999999999905,17854.9,17824.68125,17810.24375,17858.36875,17893.468866378204,17907.573866378203,17879.363866378204,False,False,False,-2199.952029965527
1,2024-08-05 19:51:00+00:00,2024-08-05,2024-08-05 20:00:00+00:00,210200,value_area_bounce,-1,26.220714285714557,17859.4,17859.97791666667,17819.260416666664,17869.026250000003,17891.462862062148,17904.573219205005,17878.35250491929,False,False,False,-6551.865911615293
1,2024-08-06 13:30:00+00:00,2024-08-06,2024-08-06 20:00:00+00:00,211199,value_area_bounce,1,22.911428571427937,18026.050000000003,18005.53229166667,17988.64479166667,18005.53229166667,18008.27666666667,18019.732380952384,17996.820952380953,False,False,False,4319.810197006231
1,2024-08-06 13:36:00+00:00,2024-08-06,2024-08-06 20:00:00+00:00,211205,value_area_bounce,-1,36.337857142856855,17969.800000000003,18009.202083333337,17986.34791666667,18018.34375,18025.151720360267,18043.320648931694,18006.98279178884,False,False,False,-4512.078208047397
1,2024-08-06 13:39:00+00:00,2024-08-06,2024-08-06 20:00:00+00:00,211208,value_area_bounce,-1,40.67357142857093,17990.800000000003,18006.24791666667,17941.302083333336,18018.05625,18012.81191931015,18033.148705024432,17992.475133595864,False,False,False,-2723.878918734478
1,2024-08-06 13:40:00+00:00,2024-08-06,2024-08-06 20:00:00+00:00,211209,value_area_bounce,-1,43.907857142856564,17947.68,18006.24791666667,17941.302083333336,18018.05625,18008.855297883783,18030.80922645521,17986.901369312356,False,False,False,-5282.8649593756245
1,2024-08-06 13:51:00+00:00,2024-08-06,2024-08-06 20:00:00+00:00,211220,value_area_bounce,1,41.67357142857093,17951.43,17989.487500000003,17937.737500000003,18032.612500000003,17972.59370418052,17993.430489894803,17951.756918466235,False,False,False,7530.327931212287
1,2024-08-06 14:02:00+00:00,2024-08-06,2024-08-06 20:00:00+00:00,211231,opening_range_breakout,1,38.140000000001756,18085.35,18032.612500000003,17937.737500000003,18032.612500000003,17992.600932950845,18011.670932950845,17973.530932950845,False,False,False,2087.305111956328
1,2024-08-06 14:23:00+00:00,2024-08-06,2024-08-06 20:00:00+00:00,211252,value_area_bounce,-1,34.06285714285851,18085.550000000003,18108.654166666667,17999.07083333334,18119.612500000003,18033.04963401153,18050.08106258296,18016.0182054401,False,False,False,-503.84542015060515
1,2024-08-06 14:25:00+00:00,2024-08-06,2024-08-06 20:00:00+00:00,211254,value_area_bounce,-1,34.26571428571541,18100.050000000003,18108.654166666667,17999.07083333334,18119.612500000003,18037.252238919187,18054.385096062044,18020.11938177633,False,False,False,-19.003108003152192
1,2024-08-06 14:29:00+00:00,2024-08-06,2024-08-06 20:00:00+00:00,211258,value_area_bounce,-1,33.73928571428665,18068.18,18108.654166666667,18031.94583333334,18119.612500000003,18043.172552141215,18060.042194998357,18026.302909284073,False,False,False,-8528.377133566517
1,2024-08-06 17:23:00+00:00,2024-08-06,2024-08-06 20:00:00+00:00,211432,value_area_bounce,1,18.239285714285092,18318.050000000003,18331.433750000004,18303.804583333334,18353.537083333336,18163.437949495627,18172.55759235277,18154.318306638485,False,False,False,4745.063476060757
1,2024-08-06 17:25:00+00:00,2024-08-06,2024-08-06 20:00:00+00:00,211434,value_area_bounce,1,18.074285714285775,18324.300000000003,18331.433750000004,18309.330416666668,18348.011250000003,18164.293618800526,18173.330761657668,18155.256475943384,False,False,False,1487.9599147426638
1,2024-08-06 17:27:00+00:00,2024-08-06,2024-08-06 20:00:00+00:00,211436,value_area_bounce,1,19.476428571428446,18320.300000000003,18331.433750000004,18309.330416666668,18348.011250000003,18165.122853303757,18174.86106758947,18155.384639018044,False,False,False,4042.981285649501
1,2024-08-06 17:35:00+00:00,2024-08-06,2024-08-06 20:00:00+00:00,211444,value_area_bounce,1,17.367857142857765,18326.93,18329.75833333334,18317.50833333334,18350.175000000003,18168.66759253675,18177.35152110818,18159.98366396532,False,False,False,2808.9193307716873
1,2024-08-06 18:00:00+00:00,2024-08-06,2024-08-06 20:00:00+00:00,211469,value_area_bounce,-1,13.268571428571054,18321.050000000003,18327.825208333335,18311.607708333337,18333.23104166667,18177.355627951467,18183.98991366575,18170.721342237182,False,False,False,-1745.9829026804075
1,2024-08-06 18:10:00+00:00,2024-08-06,2024-08-06 20:00:00+00:00,211479,value_area_bounce,1,15.416428571428696,18323.050000000003,18330.528125000004,18311.607708333337,18335.933958333335,18180.60623216453,18188.314446450244,18172.898017878815,False,False,False,2399.4807943755204
1,2024-08-06 18:15:00+00:00,2024-08-06,2024-08-06 20:00:00+00:00,211484,value_area_bounce,1,14.682142857142546,18324.050000000003,18319.716458333336,18311.607708333337,18335.933958333335,18182.124820875313,18189.465892303884,18174.783749446742,False,False,False,516.6556750415953
1,2024-08-06 19:20:00+00:00,2024-08-06,2024-08-06 20:00:00+00:00,211549,value_area_bounce,1,25.97785714285783,18225.68,18375.730000000003,18221.93666666667,18384.776666666672,18198.95910302299,18211.948031594417,18185.970174451562,False,False,False,1382.2432560965763
1,2024-08-06 19:21:00+00:00,2024-08-06,2024-08-06 20:00:00+00:00,211550,value_area_bounce,1,24.585000000000687,18238.800000000003,18375.730000000003,18221.93666666667,18384.776666666672,18199.071356842414,18211.363856842414,18186.778856842415,False,False,False,7031.631506994381
1,2024-08-07 13:48:00+00:00,2024-08-07,2024-08-07 20:00:00+00:00,212597,value_area_bounce,1,31.80428571428534,18439.51,18422.016875,18399.471875000003,18427.653125,18409.988076565052,18425.890219422196,18394.08593370791,False,False,False,7173.388910699665
1,2024-08-07 13:51:00+00:00,2024-08-07,2024-08-07 20:00:00+00:00,212600,value_area_bounce,-1,30.205714285714098,18427.76,18423.504791666666,18391.677708333336,18429.870208333334,18413.956804946993,18429.05966208985,18398.853947804135,False,False,False,-1519.1086278152807
1,2024-08-07 13:52:00+00:00,2024-08-07,2024-08-07 20:00:00+00:00,212601,value_area_bounce,-1,30.116428571428383,18427.51,18423.504791666666,18404.408541666668,18436.235625,18414.735716486473,18429.793930772186,18399.67750220076,False,False,False,-1367.3753798425969
1,2024-08-07 13:59:00+00:00,2024-08-07,2024-08-07 20:00:00+00:00,212608,value_area_bounce,1,29.274285714285206,18427.26,18423.504791666666,18398.043125,18429.870208333334,18413.0450635735,18427.682206430643,18398.407920716356,False,False,False,2526.914919577296
1,2024-08-07 14:04:00+00:00,2024-08-07,2024-08-07 20:00:00+00:00,212613,value_area_bounce,-1,28.867857142857247,18392.88,18423.504791666666,18391.677708333336,18429.870208333334,18416.739849264955,18431.173777836382,18402.30592069353,False,False,False,-1597.160438447896
1,2024-08-07 14:11:00+00:00,2024-08-07,2024-08-07 20:00:00+00:00,212620,value_area_bounce,-1,29.575000000000987,18428.76,18421.47375,18398.323750000003,18433.04875,18416.72134381041,18431.508843810414,18401.93384381041,False,False,False,-562.2738854294453
1,2024-08-07 17:23:00+00:00,2024-08-07,2024-08-07 20:00:00+00:00,212812,value_area_bounce,1,22.613571428570918,18119.38,18175.583125,18106.676875,18244.489375,18341.3725574004,18352.679343114683,18330.065771686113,False,False,False,4603.100567849247
1,2024-08-07 18:08:00+00:00,2024-08-07,2024-08-07 20:00:00+00:00,212857,value_area_bounce,1,19.614999999999522,18008.510000000002,18026.817291666666,17983.379791666666,18113.692291666666,18306.931069300404,18316.738569300403,18297.123569300406,False,False,False,818.9341174033952
1,2024-08-07 18:50:00+00:00,2024-08-07,2024-08-07 20:00:00+00:00,212899,value_area_bounce,1,23.372857142857487,17941.88,17948.889375,17926.617708333335,17982.296875,18262.856453005912,18274.54288157734,18251.170024434483,False,False,False,1900.879360379951
1,2024-08-08 13:33:00+00:00,2024-08-08,2024-08-08 20:00:00+00:00,213962,value_area_bounce,1,21.524285714285984,18105.94,18126.894999999997,18089.001666666667,18141.104999999996,18119.222935004786,18129.98507786193,18108.46079214764,False,False,False,466.2280494102497
1,2024-08-08 13:54:00+00:00,2024-08-08,2024-08-08 20:00:00+00:00,213983,value_area_bounce,1,37.53857142857045,18085.19,18119.627708333333,18057.384375,18135.188541666666,18069.570757665144,18088.34004337943,18050.801471950857,False,False,False,17074.31408137627
1,2024-08-08 14:02:00+00:00,2024-08-08,2024-08-08 20:00:00+00:00,213991,opening_range_breakout,1,33.05571428571394,18170.69,18088.506041666667,18057.384375,18135.188541666666,18078.27620420821,18094.804061351068,18061.748347065353,False,False,False,10842.732381143804
1,2024-08-08 15:22:00+00:00,2024-08-08,2024-08-08 20:00:00+00:00,214071,value_area_bounce,1,23.627857142856946,18282.82,18312.695,18260.445,18317.445,18186.525988721867,18198.339917293295,18174.71206015044,False,False,False,3692.060612261075
1,2024-08-08 15:50:00+00:00,2024-08-08,2024-08-08 20:00:00+00:00,214099,value_area_bounce,1,18.471428571428728,18296.07,18296.3975,18284.3825,18320.427499999998,18201.410494406242,18210.646208691956,18192.174780120527,False,False,False,1159.3143436726511
1,2024-08-08 16:00:00+00:00,2024-08-08,2024-08-08 20:00:00+00:00,214109,value_area_bounce,-1,17.26071428571465,18317.32,18296.32,18276.32,18324.32,18206.120956634823,18214.75131377768,18197.490599491965,False,False,False,-3701.8288894631814
1,2024-08-08 16:32:00+00:00,2024-08-08,2024-08-08 20:00:00+00:00,214141,value_area_bounce,1,14.545714285714505,18318.94,18352.857916666668,18305.199583333335,18371.92125,18221.92545956209,18229.198316704948,18214.652602419235,False,False,False,374.8254392691249
1,2024-08-08 16:35:00+00:00,2024-08-08,2024-08-08 20:00:00+00:00,214144,value_area_bounce,1,16.267857142857142,18313.94,18352.857916666668,18309.965416666666,18371.92125,18222.895805047996,18231.029733619423,18214.76187647657,False,False,False,5630.570664995285
1,2024-08-08 19:19:00+00:00,2024-08-08,2024-08-08 20:00:00+00:00,214308,value_area_bounce,1,15.284999999999854,18392.57,18407.05458333333,18382.17958333333,18419.49208333333,18276.268928054265,18283.911428054264,18268.626428054267,False,False,False,1143.4280679037602
1,2024-08-08 19:40:00+00:00,2024-08-08,2024-08-08 20:00:00+00:00,214329,value_area_bounce,1,24.160714285714025,18364.19,18398.675625,18357.939375,18416.780625,18281.19723168013,18293.277588822988,18269.11687453727,False,False,False,4927.857104335953
1,2024-08-08 19:41:00+00:00,2024-08-08,2024-08-08 20:00:00+00:00,214330,value_area_bounce,1,24.338571428571022,18378.57,18398.675625,18357.939375,18416.780625,18281.486194692956,18293.65548040724,18269.31690897867,False,False,False,10038.95236835376
1,2024-08-09 13:41:00+00:00,2024-08-09,2024-08-09 20:00:00+00:00,215350,value_area_bounce,-1,30.497857142856965,18384.83,18398.48125,18357.18125,18408.80625,18394.06340271238,18409.31233128381,18378.814474140952,False,False,False,-6161.598268749354
1,2024-08-09 13:52:00+00:00,2024-08-09,2024-08-09 20:00:00+00:00,215361,value_area_bounce,1,31.75071428571443,18389.95,18398.48125,18362.34375,18403.643750000003,18382.742086435766,18398.617443578623,18366.86672929291,False,False,False,2244.140597643102
1,2024-08-09 14:02:00+00:00,2024-08-09,2024-08-09 20:00:00+00:00,215371,value_area_bounce,1,31.357857142857288,18363.33,18377.903125,18352.121875,18398.528125,18375.561024912484,18391.239953483913,18359.882096341054,False,False,False,4342.854229114619
1,2024-08-09 14:03:00+00:00,2024-08-09,2024-08-09 20:00:00+00:00,215372,value_area_bounce,1,30.66142857142872,18380.83,18377.903125,18352.121875,18398.528125,18375.52819628059,18390.858910566305,18360.197481994874,False,False,False,6458.2773441276895
1,2024-08-09 14:43:00+00:00,2024-08-09,2024-08-09 20:00:00+00:00,215412,value_area_bounce,1,25.224285714285934,18364.83,18410.799375000002,18357.089375000003,18424.226875,18388.527147306868,18401.13929016401,18375.915004449726,False,False,False,2861.436673683457
1,2024-08-09 18:01:00+00:00,2024-08-09,2024-08-09 20:00:00+00:00,215610,value_area_bounce,1,15.786428571428717,18535.33,18513.695,18513.695,18554.735,18419.20131895591,18427.094533241627,18411.308104670195,False,False,False,432.07866074744084
1,2024-08-09 18:04:00+00:00,2024-08-09,2024-08-09 20:00:00+00:00,215613,value_area_bounce,1,15.381428571428842,18519.58,18528.720833333333,18515.705833333333,18554.750833333335,18420.080914128124,18427.771628413837,18412.39019984241,False,False,False,2469.6486994554466
1,2024-08-09 18:05:00+00:00,2024-08-09,2024-08-09 20:00:00+00:00,215614,value_area_bounce,1,14.934285714285839,18523.83,18516.11875,18512.50625,18545.018750000003,18420.31858617137,18427.78572902851,18412.851443314226,False,False,False,3654.560969745655
1,2024-08-09 18:07:00+00:00,2024-08-09,2024-08-09 20:00:00+00:00,215616,value_area_bounce,1,15.183571428571408,18519.83,18516.85104166667,18513.278125,18545.434375,18420.775400574996,18428.36718628928,18413.18361486071,False,False,False,2565.6033777349435
1,2024-08-09 19:21:00+00:00,2024-08-09,2024-08-09 20:00:00+00:00,215690,value_area_bounce,-1,12.535714285714286,18496.7,18505.402916666666,18481.590416666666,18510.694583333338,18431.802870173993,18438.070727316852,18425.535013031134,False,False,False,-1847.0278409689
1,2024-08-09 19:23:00+00:00,2024-08-09,2024-08-09 20:00:00+00:00,215692,value_area_bounce,-1,12.625,18502.33,18505.402916666666,18484.23625,18510.694583333338,18432.15836089996,18438.47086089996,18425.84586089996,False,False,False,-2228.977526798955
1,2024-08-09 19:50:00+00:00,2024-08-09,2024-08-09 20:00:00+00:00,215719,value_area_bounce,-1,13.96785714285683,18516.95,18504.67375,18476.965416666666,18524.069583333338,18436.242835782563,18443.226764353993,18429.258907211133,False,False,False,-378.4449700857581
1,2024-08-09 19:56:00+00:00,2024-08-09,2024-08-09 20:00:00+00:00,215725,value_area_bounce,1,16.415714285714266,18517.2,18522.069583333338,18510.29875,18536.194583333338,18437.510922690784,18445.71877983364,18429.303065547927,False,False,False,2356.12606927012
1,2024-08-09 19:58:00+00:00,2024-08-09,2024-08-09 20:00:00+00:00,215727,value_area_bounce,1,16.71142857142877,18531.83,18522.069583333338,18510.29875,18531.48625,18437.873001432046,18446.22871571776,18429.517287146333,False,False,False,7159.643677409673
1,2024-08-12 13:30:00+00:00,2024-08-12,2024-08-12 20:00:00+00:00,216704,value_area_bounce,1,9.875714285714691,18575.61,18572.959375000002,18562.991875,18576.281875,18567.56666666667,18572.504523809526,18562.628809523812,False,False,False,4535.176575158049
1,2024-08-12 13:32:00+00:00,2024-08-12,2024-08-12 20:00:00+00:00,216706,value_area_bounce,1,12.616428571429164,18566.61,18567.541250000002,18562.77875,18578.65375,18562.80245850812,18569.11067279383,18556.494244222406,False,False,False,3618.2624153614424
1,2024-08-12 13:34:00+00:00,2024-08-12,2024-08-12 20:00:00+00:00,216708,value_area_bounce,1,15.053571428572209,18581.86,18567.541250000002,18561.191250000003,18573.89125,18565.09845393141,18572.625239645695,18557.571668217122,False,False,False,7932.386281043588
1,2024-08-12 13:35:00+00:00,2024-08-12,2024-08-12 20:00:00+00:00,216709,value_area_bounce,-1,15.553571428571948,18570.730000000003,18573.89125,18561.191250000003,18575.478750000002,18566.72882028425,18574.505605998536,18558.952034569964,False,False,False,-1315.5391160790846
1,2024-08-12 13:36:00+00:00,2024-08-12,2024-08-12 20:00:00+00:00,216710,value_area_bounce,-1,17.062857142857734,18555.36,18567.906875,18561.448541666665,18574.365208333336,18566.315538660478,18574.846967231908,18557.784110089047,False,False,False,-1703.6978795595364
1,2024-08-12 13:37:00+00:00,2024-08-12,2024-08-12 20:00:00+00:00,216711,value_area_bounce,-1,18.160714285715066,18562.36,18567.906875,18561.448541666665,18574.365208333336,18566.16208562085,18575.24244276371,18557.08172847799,False,False,False,-6168.439030101673
1,2024-08-12 13:54:00+00:00,2024-08-12,2024-08-12 20:00:00+00:00,216728,value_area_bounce,1,23.10857142857068,18488.86,18564.971250000002,18485.416250000002,18582.018750000003,18517.372030639497,18528.926316353783,18505.81774492521,False,False,False,4943.878671453433
1,2024-08-12 15:22:00+00:00,2024-08-12,2024-08-12 20:00:00+00:00,216816,value_area_bounce,-1,15.894285714284965,18594.11,18638.662291666667,18614.568541666667,18654.724791666667,18562.965091020065,18570.912233877207,18555.017948162924,False,False,False,-3432.807629748043
1,2024-08-12 19:09:00+00:00,2024-08-12,2024-08-12 20:00:00+00:00,217043,value_area_bounce,1,10.247857142858265,18537.36,18538.230000000003,18530.896666666667,18545.56333333334,18560.925188222922,18566.04911679435,18555.801259651493,False,False,False,834.0306309586929
1,2024-08-12 19:20:00+00:00,2024-08-12,2024-08-12 20:00:00+00:00,217054,value_area_bounce,-1,11.079285714286275,18533.230000000003,18541.896666666667,18530.896666666667,18545.56333333334,18560.54209133266,18566.081734189804,18555.002448475516,False,False,False,-731.6601101250657
1,2024-08-12 19:27:00+00:00,2024-08-12,2024-08-12 20:00:00+00:00,217061,value_area_bounce,-1,9.765714285715408,18543.11,18537.715000000004,18534.455,18545.865,18560.390639819994,18565.27349696285,18555.507782677138,False,False,False,-205.30788072750596
1,2024-08-12 19:54:00+00:00,2024-08-12,2024-08-12 20:00:00+00:00,217088,value_area_bounce,1,14.710000000000687,18525.11,18543.26625,18518.057916666665,18548.307916666665,18558.43033056,18565.78533056,18551.07533056,False,False,False,37.99251232965662
1,2024-08-12 19:55:00+00:00,2024-08-12,2024-08-12 20:00:00+00:00,217089,value_area_bounce,1,14.862142857143356,18529.480000000003,18543.26625,18518.057916666665,18548.307916666665,18558.331070033266,18565.762141461837,18550.899998604695,False,False,False,2093.9982704314375
1,2024-08-13 13:38:00+00:00,2024-08-13,2024-08-13 20:00:00+00:00,218092,value_area_bounce,-1,18.063571428571645,18773.56,18773.898541666666,18725.191458333335,18778.326458333333,18771.158967964464,18780.19075367875,18762.127182250177,False,False,False,-5847.405607358457
1,2024-08-13 13:39:00+00:00,2024-08-13,2024-08-13 20:00:00+00:00,218093,value_area_bounce,-1,18.45714285714322,18764.68,18774.778749999998,18731.853750000002,18783.36375,18771.04084526074,18780.269416689312,18761.81227383217,False,False,False,-5335.387851111362
1,2024-08-13 13:55:00+00:00,2024-08-13,2024-08-13 20:00:00+00:00,218109,value_area_bounce,-1,18.112857142857006,18786.18,18777.745416666665,18708.387083333335,18787.653749999998,18781.453761346787,18790.510189918215,18772.39733277536,False,False,False,-743.246615063551
1,2024-08-13 18:41:00+00:00,2024-08-13,2024-08-13 20:00:00+00:00,218395,value_area_bounce,-1,7.893571428571574,18984.68,18981.070625,18966.383125,18985.966458333336,18865.764031861614,18869.7108175759,18861.81724614733,False,False,False,-801.5462857166518
1,2024-08-13 19:04:00+00:00,2024-08-13,2024-08-13 20:00:00+00:00,218418,value_area_bounce,-1,7.435714285713922,18984.18,18982.784166666665,18980.825833333336,18996.4925,18870.378870132863,18874.09672727572,18866.661012990007,False,False,False,-1283.0322451134366
1,2024-08-13 19:19:00+00:00,2024-08-13,2024-08-13 20:00:00+00:00,218433,value_area_bounce,1,8.95642857142879,18964.81,18971.497708333336,18957.081041666665,18991.320625,18873.429216911325,18877.90743119704,18868.95100262561,False,False,False,323.9236253735768
1,2024-08-13 19:22:00+00:00,2024-08-13,2024-08-13 20:00:00+00:00,218436,value_area_bounce,1,10.045714285714505,18965.56,18969.971875,18948.151041666668,18991.792708333334,18873.900141050806,18878.922998193662,18868.87728390795,False,False,False,413.2964466688295
1,2024-08-13 19:37:00+00:00,2024-08-13,2024-08-13 20:00:00+00:00,218451,value_area_bounce,-1,6.544285714285642,18982.18,18972.034166666668,18948.145833333336,18985.064166666667,18876.70025286003,18879.972395717174,18873.42811000289,False,False,False,-201.3226792918723
1,2024-08-13 19:38:00+00:00,2024-08-13,2024-08-13 20:00:00+00:00,218452,value_area_bounce,-1,7.214285714285714,18969.43,18972.034166666668,18948.145833333336,18982.8925,18876.92850522866,18880.535648085803,18873.32136237152,False,False,False,-1583.9242140565332
1,2024-08-13 19:53:00+00:00,2024-08-13,2024-08-13 20:00:00+00:00,218467,value_area_bounce,-1,13.22857142857122,18993.81,18971.044375,18967.846458333333,18996.627708333333,18881.545377479244,18888.159663193528,18874.93109176496,False,False,False,-971.8149303956376
1,2024-08-14 13:30:00+00:00,2024-08-14,2024-08-14 20:00:00+00:00,219464,value_area_bounce,1,10.26642857142802,19077.85,19046.48041666667,19046.48041666667,19059.109583333335,19066.976666666666,19072.10988095238,19061.843452380952,False,False,False,5650.741485852863
1,2024-08-14 14:00:00+00:00,2024-08-14,2024-08-14 20:00:00+00:00,219494,value_area_bounce,1,23.008571428571095,18946.480000000003,18984.213750000003,18929.753749999996,19038.67375,18998.80962316098,19010.31390887527,18987.305337446694,False,False,False,6230.92407448745
1,2024-08-14 17:10:00+00:00,2024-08-14,2024-08-14 20:00:00+00:00,219684,value_area_bounce,-1,12.12571428571495,18978.35,18982.917500000003,18964.084166666667,18997.042500000003,18978.090402958172,18984.15326010103,18972.027545815316,False,False,False,-621.2276863727197
1,2024-08-14 17:11:00+00:00,2024-08-14,2024-08-14 20:00:00+00:00,219685,value_area_bounce,1,12.616428571428903,18982.1,18987.20416666667,18968.5175,18996.5475,18978.087333099167,18984.39554738488,18971.779118813454,False,False,False,648.6929485479154
1,2024-08-14 18:17:00+00:00,2024-08-14,2024-08-14 20:00:00+00:00,219751,value_area_bounce,1,8.712857142855812,18984.480000000003,18990.073750000003,18983.386250000003,19007.90708333334,18979.64973391192,18984.006162483347,18975.293305340492,False,False,False,691.7484399609559
1,2024-08-14 18:35:00+00:00,2024-08-14,2024-08-14 20:00:00+00:00,219769,value_area_bounce,-1,9.169285714285381,18990.6,18998.061875,18982.43854166667,19003.920625,18980.144264923987,18984.72890778113,18975.559622066845,False,False,False,-796.1581717550861
1,2024-08-14 18:39:00+00:00,2024-08-14,2024-08-14 20:00:00+00:00,219773,value_area_bounce,-1,9.989999999999002,18997.980000000003,18982.43854166667,18976.57979166667,19000.01479166667,18980.25495157353,18985.24995157353,18975.25995157353,False,False,False,-347.6602902764899
1,2024-08-14 19:09:00+00:00,2024-08-14,2024-08-14 20:00:00+00:00,219803,value_area_bounce,-1,7.831428571429569,19000.35,18998.75041666667,18988.67125,19006.81375,18981.33072652157,18985.246440807285,18977.415012235855,False,False,False,-1763.2594548345635
1,2024-08-14 19:25:00+00:00,2024-08-14,2024-08-14 20:00:00+00:00,219819,value_area_bounce,1,11.472142857142899,18978.35,18995.460625000003,18976.878125000003,19023.334375000002,18981.121911536848,18986.85798296542,18975.385840108276,False,False,False,1932.776195074222
1,2024-08-15 15:29:00+00:00,2024-08-15,2024-08-15 20:00:00+00:00,220963,value_area_bounce,-1,8.786428571428198,19414.44,19405.0125,19400.0225,19427.4675,19349.972488932777,19354.365703218493,19345.57927464706,False,False,False,-936.7055133422612
1,2024-08-15 16:12:00+00:00,2024-08-15,2024-08-15 20:00:00+00:00,221006,value_area_bounce,-1,8.082142857141921,19447.56,19454.749375,19429.710625,19457.025625,19361.502848586617,19365.54392001519,19357.461777158045,False,False,False,-494.20727287931106
1,2024-08-15 16:38:00+00:00,2024-08-15,2024-08-15 20:00:00+00:00,221032,value_area_bounce,-1,6.7507142857139115,19466.19,19453.924583333333,19438.75791666667,19470.987083333333,19368.720796461763,19372.09615360462,19365.345439318906,False,False,False,-319.50538680104364
1,2024-08-15 16:40:00+00:00,2024-08-15,2024-08-15 20:00:00+00:00,221034,value_area_bounce,-1,7.304999999999252,19460.31,19453.924583333333,19438.75791666667,19469.09125,19369.330028508964,19372.982528508965,19365.677528508964,False,False,False,-1444.4238907094377
1,2024-08-15 16:49:00+00:00,2024-08-15,2024-08-15 20:00:00+00:00,221043,value_area_bounce,1,10.884285714285527,19439.31,19454.080833333333,19428.359166666665,19468.110833333332,19372.286676396707,19377.72881925385,19366.844533539563,False,False,False,57.333480472181236
1,2024-08-15 18:39:00+00:00,2024-08-15,2024-08-15 20:00:00+00:00,221153,value_area_bounce,1,6.34785714285733,19493.81,19495.970625,19492.674375000002,19501.464375000003,19391.941139476636,19395.115068048064,19388.767210905207,False,False,False,1216.4702284394057
1,2024-08-15 18:42:00+00:00,2024-08-15,2024-08-15 20:00:00+00:00,221156,value_area_bounce,1,6.633571428571615,19490.56,19495.970625,19489.378125,19498.168125,19392.459429310227,19395.776215024514,19389.14264359594,False,False,False,1048.6648191082213
1,2024-08-15 19:05:00+00:00,2024-08-15,2024-08-15 20:00:00+00:00,221179,value_area_bounce,1,7.098571428571241,19495.31,19494.65875,19489.137916666667,19497.97125,19396.16695731835,19399.716243032635,19392.617671604065,False,False,False,2356.2311531433184
1,2024-08-15 19:15:00+00:00,2024-08-15,2024-08-15 20:00:00+00:00,221189,value_area_bounce,1,6.8757142857139115,19492.31,19497.22125,19487.72125,19497.22125,19397.897030022195,19401.334887165052,19394.45917287934,False,False,False,577.5843205451151
1,2024-08-15 19:30:00+00:00,2024-08-15,2024-08-15 20:00:00+00:00,221204,value_area_bounce,1,7.407142857142909,19497.06,19491.28375,19490.09625,19500.78375,19400.121231796704,19403.824803225274,19396.417660368134,False,False,False,524.7234930498119
1,2024-08-15 19:45:00+00:00,2024-08-15,2024-08-15 20:00:00+00:00,221219,value_area_bounce,-1,7.464285714285714,19500.06,19492.47125,19490.78375,19505.97125,19403.168310902543,19406.900453759685,19399.436168045402,False,False,False,-272.9869641990342
1,2024-08-15 19:56:00+00:00,2024-08-15,2024-08-15 20:00:00+00:00,221230,value_area_bounce,1,15.487857142857008,19487.31,19495.643958333334,19483.116875,19510.67645833333,19406.69073927483,19414.434667846257,19398.9468107034,False,False,False,2029.4165773812035
1,2024-08-15 19:59:00+00:00,2024-08-15,2024-08-15 20:00:00+00:00,221233,value_area_bounce,1,17.772857142857383,19501.44,19483.116875,19478.106041666666,19505.665624999998,19408.594585148632,19417.481013720062,19399.708156577202,False,False,False,5624.488764214832
1,2024-08-19 13:38:00+00:00,2024-08-19,2024-08-19 20:00:00+00:00,223594,value_area_bounce,1,15.740714285714473,19484.710000000003,19519.776250000003,19480.717083333333,19523.327083333334,19504.55101564093,19512.421372783785,19496.680658498073,False,False,False,788.631218603673
1,2024-08-19 13:45:00+00:00,2024-08-19,2024-08-19 20:00:00+00:00,223601,value_area_bounce,-1,19.041428571428696,19512.59,19520.061458333334,19492.799375000002,19523.956041666668,19507.29234791684,19516.813062202553,19497.771633631124,False,False,False,-985.3971577280474
1,2024-08-19 13:53:00+00:00,2024-08-19,2024-08-19 20:00:00+00:00,223609,value_area_bounce,-1,17.523571428571554,19519.960000000003,19520.061458333334,19504.483125,19535.63979166667,19513.198870258668,19521.960655972955,19504.43708454438,False,False,False,-1114.4373731384464
1,2024-08-19 14:04:00+00:00,2024-08-19,2024-08-19 20:00:00+00:00,223620,value_area_bounce,1,17.925714285714225,19503.84,19519.686875,19492.605625,19523.555625,19510.6039556614,19519.56681280426,19501.641098518543,False,False,False,229.3437176887535
1,2024-08-19 14:07:00+00:00,2024-08-19,2024-08-19 20:00:00+00:00,223623,value_area_bounce,1,18.622142857142794,19521.460000000003,19518.3275,19499.4525,19525.8775,19510.20003905933,19519.511110487903,19500.88896763076,False,False,False,3540.579583647504
1,2024-08-19 14:19:00+00:00,2024-08-19,2024-08-19 20:00:00+00:00,223635,opening_range_breakout,-1,18.116428571428383,19452.84,19508.798125,19498.751875,19528.890625,19509.681700988658,19518.73991527437,19500.623486702945,False,False,False,-7966.379870949564
1,2024-08-19 15:17:00+00:00,2024-08-19,2024-08-19 20:00:00+00:00,223693,value_area_bounce,-1,10.035000000000375,19554.59,19529.497708333336,19511.399791666667,19572.932708333334,19521.030747706805,19526.048247706807,19516.013247706804,False,False,False,-393.298791514472
1,2024-08-19 15:43:00+00:00,2024-08-19,2024-08-19 20:00:00+00:00,223719,value_area_bounce,-1,8.382142857142233,19576.460000000003,19572.82979166667,19570.939375,19586.062708333335,19526.564472937443,19530.755544366013,19522.373401508874,False,False,False,-670.0242944974258
1,2024-08-19 15:56:00+00:00,2024-08-19,2024-08-19 20:00:00+00:00,223732,value_area_bounce,-1,8.973571428571242,19575.460000000003,19577.80875,19571.87125,19587.704583333332,19529.056368582424,19533.54315429671,19524.56958286814,False,False,False,-870.9578641206712
1,2024-08-19 17:11:00+00:00,2024-08-19,2024-08-19 20:00:00+00:00,223807,value_area_bounce,-1,5.8742857142860885,19603.710000000003,19577.178750000003,19565.616250000003,19611.866250000003,19538.288798210382,19541.225941067525,19535.35165535324,False,False,False,-526.2987725030886
1,2024-08-19 17:42:00+00:00,2024-08-19,2024-08-19 20:00:00+00:00,223838,value_area_bounce,-1,5.76071428571335,19618.210000000003,19613.068333333336,19607.535,19621.368333333336,19542.453421003745,19545.333778146603,19539.573063860887,False,False,False,-818.9278042052498
1,2024-08-19 18:20:00+00:00,2024-08-19,2024-08-19 20:00:00+00:00,223876,value_area_bounce,-1,5.187857142856956,19639.460000000003,19646.800416666665,19624.62625,19648.81625,19547.71206099769,19550.30598956912,19545.118132426258,False,False,False,-786.6713762848406
1,2024-08-19 18:56:00+00:00,2024-08-19,2024-08-19 20:00:00+00:00,223912,value_area_bounce,-1,5.76071428571491,19687.710000000003,19647.591875,19639.233125,19692.171875,19555.64485824105,19558.525215383906,19552.76450109819,False,False,False,-1252.6976502690254
1,2024-08-19 19:26:00+00:00,2024-08-19,2024-08-19 20:00:00+00:00,223942,value_area_bounce,-1,5.512857142858203,19691.460000000003,19685.183958333335,19678.39229166667,19697.069375000003,19561.607273137004,19564.363701708433,19558.850844565575,False,False,False,-55.566526807282
1,2024-08-19 19:45:00+00:00,2024-08-19,2024-08-19 20:00:00+00:00,223961,value_area_bounce,-1,5.563571428570867,19688.210000000003,19685.386875,19675.543125,19696.636875,19565.79484948957,19568.576635203855,19563.013063775288,False,False,False,-650.6954779495554
1,2024-08-20 13:39:00+00:00,2024-08-20,2024-08-20 20:00:00+00:00,224975,value_area_bounce,-1,12.180000000000032,19770.95,19775.831875,19749.196875,19780.271041666667,19768.951945097153,19775.041945097153,19762.861945097153,False,False,False,-99.13900920831702
1,2024-08-20 13:43:00+00:00,2024-08-20,2024-08-20 20:00:00+00:00,224979,value_area_bounce,-1,14.591428571428748,19776.95,19775.433333333334,19750.533333333333,19778.200000000004,19772.24089370023,19779.536607985945,19764.945179414513,False,False,False,-3663.335906854819
1,2024-08-20 13:46:00+00:00,2024-08-20,2024-08-20 20:00:00+00:00,224982,value_area_bounce,-1,14.286428571428717,19787.82,19775.433333333334,19758.833333333336,19789.26666666667,19774.37766223584,19781.520876521554,19767.234447950123,False,False,False,-3640.492657603715
1,2024-08-20 13:47:00+00:00,2024-08-20,2024-08-20 20:00:00+00:00,224983,value_area_bounce,-1,14.036428571428717,19788.07,19775.756250000002,19759.03125,19789.693750000002,19775.02470084574,19782.042915131457,19768.006486560025,False,False,False,-3515.60222939202
1,2024-08-20 14:01:00+00:00,2024-08-20,2024-08-20 20:00:00+00:00,224997,value_area_bounce,-1,14.410714285714286,19808.95,19777.239583333336,19749.014583333337,19810.168750000004,19791.706506316226,19798.911863459085,19784.501149173368,False,False,False,-901.2605767582224
1,2024-08-20 14:02:00+00:00,2024-08-20,2024-08-20 20:00:00+00:00,224998,value_area_bounce,-1,14.026428571428498,19810.57,19777.239583333336,19758.42291666667,19819.577083333337,19792.313809932766,19799.32702421848,19785.30059564705,False,False,False,-3000.385040498363
1,2024-08-20 14:04:00+00:00,2024-08-20,2024-08-20 20:00:00+00:00,225000,value_area_bounce,-1,14.491428571428644,19812.32,19777.239583333336,19758.42291666667,19814.872916666667,19793.333635728362,19800.579350014075,19786.08792144265,False,False,False,-3768.3470022450915
1,2024-08-20 14:11:00+00:00,2024-08-20,2024-08-20 20:00:00+00:00,225007,value_area_bounce,-1,16.018571428571573,19782.95,19777.239583333336,19758.42291666667,19814.872916666667,19795.90472888309,19803.914014597376,19787.895443168807,False,False,False,-2921.8689876888757
1,2024-08-20 14:18:00+00:00,2024-08-20,2024-08-20 20:00:00+00:00,225014,value_area_bounce,1,18.774285714285725,19751.57,19760.249791666665,19741.828125,19810.909375,19788.337128296167,19797.72427115331,19778.949985439023,False,False,False,1200.8276496271615
1,2024-08-20 14:21:00+00:00,2024-08-20,2024-08-20 20:00:00+00:00,225017,value_area_bounce,1,19.175714285714225,19757.32,19760.365416666667,19741.96875,19810.95625,19785.993231345525,19795.581088488383,19776.405374202666,False,False,False,2017.4925603401389
1,2024-08-20 14:22:00+00:00,2024-08-20,2024-08-20 20:00:00+00:00,225018,value_area_bounce,1,19.219999999999864,19766.32,19815.555416666666,19760.365416666667,19815.555416666666,19785.544331031404,19795.154331031405,19775.934331031403,False,False,False,4298.740680640891
1,2024-08-20 15:43:00+00:00,2024-08-20,2024-08-20 20:00:00+00:00,225099,value_area_bounce,-1,12.268571428571574,19712.45,19706.06979166667,19694.142708333333,19727.53854166667,19749.784889017857,19755.919174732142,19743.650603303573,False,False,False,-2131.051686025533
1,2024-08-20 16:20:00+00:00,2024-08-20,2024-08-20 20:00:00+00:00,225136,value_area_bounce,1,9.784285714285422,19733.32,19767.39791666667,19728.64791666667,19773.85625,19749.115492395355,19754.007635252496,19744.223349538213,False,False,False,794.2060184486763
1,2024-08-20 16:30:00+00:00,2024-08-20,2024-08-20 20:00:00+00:00,225146,value_area_bounce,1,9.767857142857142,19740.82,19767.39791666667,19728.64791666667,19773.85625,19748.508838604364,19753.392767175792,19743.624910032937,False,False,False,1597.0067911558535
1,2024-08-20 17:36:00+00:00,2024-08-20,2024-08-20 20:00:00+00:00,225212,value_area_bounce,-1,8.356428571428426,19698.07,19705.14791666667,19681.98125,19710.939583333333,19741.411063142554,19745.58927742827,19737.23284885684,False,False,False,-1929.6549267382788
1,2024-08-20 18:54:00+00:00,2024-08-20,2024-08-20 20:00:00+00:00,225290,value_area_bounce,1,7.865714285714213,19765.82,19771.548125,19762.736458333333,19784.765625,19742.64591877725,19746.578775920105,19738.713061634393,False,False,False,972.689574363609
1,2024-08-20 19:02:00+00:00,2024-08-20,2024-08-20 20:00:00+00:00,225298,value_area_bounce,1,7.903571428571793,19776.07,19770.554375,19768.710625,19781.616875,19742.989747529566,19746.94153324385,19739.03796181528,False,False,False,790.1853148054822
1,2024-08-20 19:37:00+00:00,2024-08-20,2024-08-20 20:00:00+00:00,225333,value_area_bounce,1,6.871428571428363,19753.82,19771.200624999998,19750.980208333334,19774.311458333337,19743.595501392963,19747.03121567868,19740.159787107248,False,False,False,2981.5975547088883
1,2024-08-20 19:52:00+00:00,2024-08-20,2024-08-20 20:00:00+00:00,225348,value_area_bounce,-1,9.106428571428426,19745.57,19749.853333333333,19744.95333333334,19756.386666666665,19743.88382593516,19748.437040220877,19739.330611649446,False,False,False,-1362.1315547989902
1,2024-08-20 19:56:00+00:00,2024-08-20,2024-08-20 20:00:00+00:00,225352,value_area_bounce,1,10.009285714285786,19746.32,19749.648125,19742.273125,19753.335625,19743.880485207508,19748.885128064652,19738.875842350364,False,False,False,359.15832128980765
1,2024-08-21 13:31:00+00:00,2024-08-21,2024-08-21 20:00:00+00:00,226347,value_area_bounce,-1,7.216428571429268,19756.58,19764.20875,19754.37625,19771.856250000004,19762.771299806434,19766.37951409215,19759.16308552072,False,False,False,-52.1829736976797
1,2024-08-21 13:32:00+00:00,2024-08-21,2024-08-21 20:00:00+00:00,226348,value_area_bounce,1,7.805714285715242,19760.45,19764.20875,19754.37625,19770.763750000002,19760.966636125995,19764.869493268852,19757.063778983138,False,False,False,3619.2331317505877
1,2024-08-21 13:44:00+00:00,2024-08-21,2024-08-21 20:00:00+00:00,226360,value_area_bounce,1,16.089285714285715,19781.83,19757.371875,19757.371875,19771.153125,19761.7291833151,19769.77382617224,19753.684540457958,False,False,False,939.3145965338665
1,2024-08-21 14:19:00+00:00,2024-08-21,2024-08-21 20:00:00+00:00,226395,opening_range_breakout,1,17.731428571428427,19821.7,19775.49166666667,19746.908333333333,19799.99166666667,19787.217485948036,19796.083200233752,19778.35177166232,False,False,False,5732.005953147478
1,2024-08-21 14:25:00+00:00,2024-08-21,2024-08-21 20:00:00+00:00,226401,value_area_bounce,-1,18.427857142856997,19801.7,19775.49166666667,19738.74166666667,19816.325,19790.331451587746,19799.545380159176,19781.117523016317,False,False,False,-2828.2768602256147
1,2024-08-21 14:50:00+00:00,2024-08-21,2024-08-21 20:00:00+00:00,226426,value_area_bounce,-1,21.071428571428573,19789.95,19820.0125,19778.8875,19831.7625,19805.5619069253,19816.097621211014,19795.026192639587,False,False,False,-10321.01569343937
1,2024-08-21 14:57:00+00:00,2024-08-21,2024-08-21 20:00:00+00:00,226433,value_area_bounce,1,26.18500000000027,19756.83,19805.384375,19753.628125000003,19834.959375,19799.50339036164,19812.595890361637,19786.41089036164,False,False,False,1476.6217604585513
1,2024-08-21 17:30:00+00:00,2024-08-21,2024-08-21 20:00:00+00:00,226586,value_area_bounce,1,6.579999999999927,19788.7,19781.673958333333,19781.673958333333,19791.361458333333,19786.235851428646,19789.525851428647,19782.945851428645,False,False,False,355.0479107115999
1,2024-08-21 17:32:00+00:00,2024-08-21,2024-08-21 20:00:00+00:00,226588,value_area_bounce,-1,6.897857142857122,19786.2,19781.361458333333,19778.465625,19788.60104166667,19786.244604480198,19789.693533051628,19782.79567590877,False,False,False,-147.62268449215424
1,2024-08-22 13:35:00+00:00,2024-08-22,2024-08-22 20:00:00+00:00,227731,value_area_bounce,-1,14.04428571428564,19911.83,19921.905833333338,19900.4975,19928.022500000003,19925.214482502462,19932.236625359605,19918.19233964532,False,False,False,-8278.068160615401
1,2024-08-22 13:37:00+00:00,2024-08-22,2024-08-22 20:00:00+00:00,227733,value_area_bounce,1,15.670000000000073,19924.58,19920.269375000003,19911.500625,19926.115208333336,19924.100454372612,19931.93545437261,19916.265454372613,False,False,False,4157.989477637522
1,2024-08-22 13:40:00+00:00,2024-08-22,2024-08-22 20:00:00+00:00,227736,value_area_bounce,1,18.90214285714293,19918.960000000003,19921.419375,19911.144375000003,19926.556875000002,19921.34146199429,19930.79253342286,19911.890390565717,False,False,False,7958.611266888977
1,2024-08-22 13:53:00+00:00,2024-08-22,2024-08-22 20:00:00+00:00,227749,value_area_bounce,1,20.426428571428914,19908.08,19915.741250000003,19902.324583333335,19925.803750000003,19912.432941860432,19922.646156146147,19902.219727574717,False,False,False,652.717853247389
1,2024-08-22 13:54:00+00:00,2024-08-22,2024-08-22 20:00:00+00:00,227750,value_area_bounce,1,19.95000000000047,19916.83,19915.741250000003,19902.324583333335,19925.803750000003,19912.457982689393,19922.43298268939,19902.482982689395,False,False,False,5712.025398544337
1,2024-08-22 16:48:00+00:00,2024-08-22,2024-08-22 20:00:00+00:00,227924,value_area_bounce,-1,11.878571428571117,19718.960000000003,19669.897500000003,19632.855833333335,19738.68916666667,19789.114393546006,19795.05367926029,19783.17510783172,False,False,False,-3396.2785872145478
1,2024-08-22 17:10:00+00:00,2024-08-22,2024-08-22 20:00:00+00:00,227946,value_area_bounce,1,18.687857142857215,19647.58,19747.506875000003,19644.006875000003,19753.975625000003,19775.730602337193,19785.074530908623,19766.386673765763,False,False,False,5393.069891068946
1,2024-08-22 17:37:00+00:00,2024-08-22,2024-08-22 20:00:00+00:00,227973,value_area_bounce,1,18.892857142857142,19607.710000000003,19641.777500000004,19596.807500000003,19656.7675,19762.565770662473,19772.0121992339,19753.119342091046,False,False,False,3350.4962157141986
1,2024-08-22 19:59:00+00:00,2024-08-22,2024-08-22 20:00:00+00:00,228115,value_area_bounce,1,20.855714285713994,19510.460000000003,19502.413125000003,19484.038125000003,19520.788125000003,19695.23062005645,19705.658477199308,19684.80276291359,False,False,False,2449.8362163950624
1,2024-08-23 13:43:00+00:00,2024-08-23,2024-08-23 20:00:00+00:00,229119,value_area_bounce,1,16.866428571428905,19653.6,19655.268750000003,19637.463750000003,19676.041250000002,19656.550184648848,19664.98339893456,19648.116970363135,False,False,False,4362.4656652839085
1,2024-08-23 13:52:00+00:00,2024-08-23,2024-08-23 20:00:00+00:00,229128,value_area_bounce,-1,13.710714285714078,19659.85,19655.268750000003,19637.463750000003,19676.041250000002,19659.436872242008,19666.292229384864,19652.58151509915,False,False,False,-2169.3188696402185
1,2024-08-23 14:00:00+00:00,2024-08-23,2024-08-23 20:00:00+00:00,229136,opening_range_breakout,1,18.58214285714244,19747.480000000003,19655.268750000003,19655.268750000003,19681.97625,19663.013054590036,19672.304126018607,19653.721983161464,False,False,False,1273.3214102912298
1,2024-08-23 14:20:00+00:00,2024-08-23,2024-08-23 20:00:00+00:00,229156,value_area_bounce,-1,32.312142857142526,19743.480000000003,19655.732083333336,19639.93041666667,19758.442916666667,19722.131839997863,19738.287911426432,19705.975768569293,False,False,False,-32.33578688400121
1,2024-08-23 16:51:00+00:00,2024-08-23,2024-08-23 20:00:00+00:00,229307,value_area_bounce,1,21.470000000000123,19591.230000000003,19604.407291666663,19581.959375,19617.876041666663,19680.55491252977,19691.28991252977,19669.81991252977,False,False,False,4971.968459187149
1,2024-08-23 18:22:00+00:00,2024-08-23,2024-08-23 20:00:00+00:00,229398,value_area_bounce,-1,10.634285714286047,19663.230000000003,19673.948958333334,19660.424375000002,19675.881041666667,19674.988674946762,19680.305817803906,19669.67153208962,False,False,False,-847.8386886941583
1,2024-08-23 18:23:00+00:00,2024-08-23,2024-08-23 20:00:00+00:00,229399,value_area_bounce,1,11.017857142857142,19673.980000000003,19673.948958333334,19660.424375000002,19675.881041666667,19674.98114965314,19680.490078224568,19669.472221081713,False,False,False,61.858325501472564
1,2024-08-23 19:48:00+00:00,2024-08-23,2024-08-23 20:00:00+00:00,229484,value_area_bounce,1,12.75,19684.85,19702.73625,19669.942916666667,19727.331250000003,19676.34352613524,19682.71852613524,19669.96852613524,False,False,False,563.1379578533594
1,2024-08-23 19:59:00+00:00,2024-08-23,2024-08-23 20:00:00+00:00,229495,value_area_bounce,-1,16.204285714284715,19718.730000000003,19721.301666666666,19693.595,19724.765,19677.612905701793,19685.715048558937,19669.51076284465,False,False,False,-2601.3436691664365
1,2024-08-26 13:30:00+00:00,2024-08-26,2024-08-26 20:00:00+00:00,230471,value_area_bounce,1,7.142857142857143,19705.27,19709.566875000004,19697.776875000003,19712.514375000002,19701.186666666665,19704.758095238092,19697.615238095237,False,False,False,2389.22880379695
1,2024-08-26 13:32:00+00:00,2024-08-26,2024-08-26 20:00:00+00:00,230473,value_area_bounce,1,10.437142857142785,19715.02,19700.92625,19700.92625,19718.051250000004,19700.64618491867,19705.86475634724,19695.4276134901,False,False,False,8800.601102651724
1,2024-08-26 13:41:00+00:00,2024-08-26,2024-08-26 20:00:00+00:00,230482,value_area_bounce,-1,19.366428571428383,19704.27,19707.790833333333,19695.49916666667,19717.62416666667,19714.09764475167,19723.780859037382,19704.414430465957,False,False,False,-1711.8249622534158
1,2024-08-26 13:59:00+00:00,2024-08-26,2024-08-26 20:00:00+00:00,230500,value_area_bounce,1,15.633571428571356,19659.02,19661.328958333335,19650.032708333332,19714.044791666667,19692.77739113952,19700.594176853807,19684.960605425233,False,False,False,1678.7098271994737
1,2024-08-26 15:41:00+00:00,2024-08-26,2024-08-26 20:00:00+00:00,230602,value_area_bounce,1,11.619285714286109,19548.27,19531.18666666667,19527.733333333334,19545.0,19583.686814695957,19589.4964575531,19577.877171838813,False,False,False,2391.015437309927
1,2024-08-26 16:53:00+00:00,2024-08-26,2024-08-26 20:00:00+00:00,230674,value_area_bounce,-1,9.16857142857121,19542.02,19502.045833333337,19481.004166666666,19556.754166666666,19570.34875933697,19574.933045051253,19565.764473622683,False,False,False,-1716.88297494207
1,2024-08-26 17:22:00+00:00,2024-08-26,2024-08-26 20:00:00+00:00,230703,value_area_bounce,1,10.884285714285786,19549.77,19558.030208333337,19542.592708333337,19573.467708333337,19568.502068497615,19573.94421135476,19563.05992564047,False,False,False,2436.5570218590974
1,2024-08-26 17:25:00+00:00,2024-08-26,2024-08-26 20:00:00+00:00,230706,value_area_bounce,1,10.179285714285859,19554.77,19550.311458333337,19542.592708333337,19573.467708333337,19568.382886555966,19573.47252941311,19563.293243698823,False,False,False,3123.5961726547866
1,2024-08-26 17:32:00+00:00,2024-08-26,2024-08-26 20:00:00+00:00,230713,value_area_bounce,1,10.019285714286005,19537.4,19552.884375,19532.301041666666,19558.030208333337,19567.950030277618,19572.95967313476,19562.940387420476,False,False,False,443.77450561481146
1,2024-08-26 18:00:00+00:00,2024-08-26,2024-08-26 20:00:00+00:00,230741,value_area_bounce,1,10.541428571428696,19472.65,19475.440000000002,19463.08,19533.120000000003,19561.80456723164,19567.075281517355,19556.533852945926,False,False,False,3076.3756123430067
1,2024-08-26 18:05:00+00:00,2024-08-26,2024-08-26 20:00:00+00:00,230746,value_area_bounce,1,11.91857142857121,19468.15,19475.196875,19457.821875,19531.665625,19560.43019337845,19566.389479092737,19554.470907664167,False,False,False,709.0310590259558
1,2024-08-26 18:09:00+00:00,2024-08-26,2024-08-26 20:00:00+00:00,230750,value_area_bounce,1,12.481428571428426,19462.77,19473.466249999998,19455.73625,19526.65625,19559.462153470788,19565.702867756503,19553.221439185072,False,False,False,697.0070458407995
1,2024-08-26 19:51:00+00:00,2024-08-26,2024-08-26 20:00:00+00:00,230852,value_area_bounce,1,10.579285714285495,19519.27,19537.801875,19515.591875,19557.235625,19552.9204489639,19558.210091821045,19547.630806106758,False,False,False,1001.5475056645824
1,2024-08-27 13:30:00+00:00,2024-08-27,2024-08-27 20:00:00+00:00,231851,value_area_bounce,-1,11.535000000000375,19454.63,19439.470625,19436.431875000002,19460.741875,19458.88333333333,19464.650833333333,19453.11583333333,False,False,False,-2608.2045912307376
1,2024-08-27 13:31:00+00:00,2024-08-27,2024-08-27 20:00:00+00:00,231852,value_area_bounce,-1,12.410000000000375,19454.51,19457.703125,19439.470625,19463.780625,19458.659914550582,19464.864914550584,19452.45491455058,False,False,False,-6072.394240532238
1,2024-08-27 13:34:00+00:00,2024-08-27,2024-08-27 20:00:00+00:00,231855,value_area_bounce,-1,16.329285714286275,19456.38,19457.238333333335,19444.155,19462.47166666667,19459.08112360085,19467.245766457992,19450.916480743705,False,False,False,-7458.497191140467
1,2024-08-27 13:36:00+00:00,2024-08-27,2024-08-27 20:00:00+00:00,231857,value_area_bounce,-1,17.56071428571522,19450.01,19452.021875,19446.786041666666,19462.493541666663,19456.951594873324,19465.731952016184,19448.171237730465,False,False,False,-4003.1707878153693
1,2024-08-27 13:37:00+00:00,2024-08-27,2024-08-27 20:00:00+00:00,231858,value_area_bounce,-1,19.18571428571522,19428.63,19452.021875,19446.786041666666,19462.493541666663,19454.879317044535,19464.472174187395,19445.286459901676,False,False,False,-8857.445242480506
1,2024-08-27 18:26:00+00:00,2024-08-27,2024-08-27 20:00:00+00:00,232147,value_area_bounce,1,8.375,19602.13,19601.10916666667,19601.10916666667,19623.1925,19538.72084486654,19542.90834486654,19534.53334486654,False,False,False,727.1279528594234
1,2024-08-27 18:44:00+00:00,2024-08-27,2024-08-27 20:00:00+00:00,232165,value_area_bounce,1,6.6699999999998125,19606.63,19622.675416666665,19601.76625,19628.377916666668,19540.217834480096,19543.552834480095,19536.882834480097,False,False,False,1157.783968501315
1,2024-08-27 18:50:00+00:00,2024-08-27,2024-08-27 20:00:00+00:00,232171,value_area_bounce,1,7.1257142857139115,19595.63,19603.667083333334,19594.162916666664,19609.369583333333,19540.815665654212,19544.37852279707,19537.252808511355,False,False,False,1519.515702007936
1,2024-08-27 19:35:00+00:00,2024-08-27,2024-08-27 20:00:00+00:00,232216,value_area_bounce,1,7.053571428571429,19585.38,19591.223541666666,19583.438125,19595.894791666666,19543.674805479375,19547.20159119366,19540.14801976509,False,False,False,725.5092407905734
1,2024-08-27 19:37:00+00:00,2024-08-27,2024-08-27 20:00:00+00:00,232218,value_area_bounce,1,7.285714285714286,19592.13,19591.77,19583.489999999998,19595.91,19543.784783611656,19547.427640754515,19540.141926468797,False,False,False,3241.8701318863473
1,2024-08-27 19:50:00+00:00,2024-08-27,2024-08-27 20:00:00+00:00,232231,value_area_bounce,-1,8.303571428571429,19588.88,19589.426874999997,19583.281875,19595.571875,19544.821358517398,19548.973144231684,19540.66957280311,False,False,False,-759.9862008448272
1,2024-08-27 19:51:00+00:00,2024-08-27,2024-08-27 20:00:00+00:00,232232,value_area_bounce,-1,8.500714285713912,19584.63,19589.426874999997,19583.281875,19595.571875,19544.942641207148,19549.192998350005,19540.69228406429,False,False,False,-1847.3645326838318
1,2024-08-27 19:58:00+00:00,2024-08-27,2024-08-27 20:00:00+00:00,232239,value_area_bounce,-1,10.893571428571054,19580.63,19578.5675,19572.400833333333,19590.900833333333,19545.611957570574,19551.05874328486,19540.16517185629,False,False,False,-798.9773165270419
1,2024-08-28 13:56:00+00:00,2024-08-28,2024-08-28 20:00:00+00:00,233257,value_area_bounce,1,20.041428571428437,19493.7,19554.956041666665,19492.141041666666,19570.659791666665,19535.50470590032,19545.525420186033,19525.483991614605,False,False,False,96.15924395108266
1,2024-08-28 13:57:00+00:00,2024-08-28,2024-08-28 20:00:00+00:00,233258,value_area_bounce,1,20.65785714285708,19505.95,19554.956041666665,19492.141041666666,19570.659791666665,19534.47647645338,19544.805405024807,19524.147547881952,False,False,False,3598.6905701162655
1,2024-08-28 15:20:00+00:00,2024-08-28,2024-08-28 20:00:00+00:00,233341,value_area_bounce,1,20.557142857142285,19303.07,19414.505416666667,19298.22625,19435.647083333337,19464.395986115473,19474.674557544044,19454.1174146869,False,False,False,4681.640110981142
1,2024-08-28 16:32:00+00:00,2024-08-28,2024-08-28 20:00:00+00:00,233413,value_area_bounce,1,12.875,19347.95,19362.621875,19339.653125,19379.028125,19428.468228418224,19434.905728418224,19422.030728418224,False,False,False,42.897283443835136
1,2024-08-28 16:34:00+00:00,2024-08-28,2024-08-28 20:00:00+00:00,233415,value_area_bounce,-1,14.018571428571574,19359.95,19362.621875,19346.215625,19379.028125,19427.899871361074,19434.90915707536,19420.89058564679,False,False,False,-410.0342243661387
1,2024-08-28 17:14:00+00:00,2024-08-28,2024-08-28 20:00:00+00:00,233455,value_area_bounce,-1,12.069999999999709,19360.07,19368.111875000002,19314.145624999997,19393.019375000003,19423.890258437776,19429.925258437775,19417.855258437776,False,False,False,-2596.5272482810824
1,2024-08-28 18:07:00+00:00,2024-08-28,2024-08-28 20:00:00+00:00,233508,value_area_bounce,1,16.889285714285506,19255.95,19368.724166666667,19252.4725,19382.400833333333,19409.236423099574,19417.681065956716,19400.79178024243,False,False,False,1229.9433423258756
1,2024-08-28 18:08:00+00:00,2024-08-28,2024-08-28 20:00:00+00:00,233509,value_area_bounce,1,16.732142857142858,19267.95,19368.724166666667,19252.4725,19382.400833333333,19408.76382539661,19417.129896825183,19400.397753968038,False,False,False,5035.306811576729
1,2024-08-29 13:38:00+00:00,2024-08-29,2024-08-29 20:00:00+00:00,234619,value_area_bounce,-1,24.446428571428832,19526.79,19435.703125,19410.864791666667,19528.846875000003,19505.430737830655,19517.65395211637,19493.20752354494,False,False,False,-741.2600708550553
1,2024-08-29 13:40:00+00:00,2024-08-29,2024-08-29 20:00:00+00:00,234621,value_area_bounce,-1,26.714285714285975,19526.54,19535.056458333333,19435.703125,19547.475625,19508.614703326177,19521.971846183318,19495.257560469036,False,False,False,-6586.2548869505445
1,2024-08-29 13:53:00+00:00,2024-08-29,2024-08-29 20:00:00+00:00,234634,value_area_bounce,1,28.284999999999854,19513.79,19533.275208333333,19486.967291666668,19546.506041666667,19511.178046238376,19525.320546238378,19497.035546238374,False,False,False,1800.1264927058437
1,2024-08-29 14:05:00+00:00,2024-08-29,2024-08-29 20:00:00+00:00,234646,value_area_bounce,-1,29.344285714285434,19548.54,19536.656875,19491.417291666665,19572.848541666666,19529.49179115761,19544.163934014752,19514.819648300465,False,False,False,-9652.527694204276
1,2024-08-29 14:23:00+00:00,2024-08-29,2024-08-29 20:00:00+00:00,234664,value_area_bounce,1,26.357857142857288,19517.66,19545.035,19500.118333333332,19557.868333333332,19530.034381559948,19543.213310131378,19516.85545298852,False,False,False,763.9008276834911
1,2024-08-29 15:17:00+00:00,2024-08-29,2024-08-29 20:00:00+00:00,234718,value_area_bounce,-1,17.688571428571645,19588.41,19569.112916666665,19569.112916666665,19613.904583333337,19548.67928578641,19557.523571500697,19539.835000072122,False,False,False,-821.3492849969141
1,2024-08-29 16:49:00+00:00,2024-08-29,2024-08-29 20:00:00+00:00,234810,value_area_bounce,-1,9.910714285714286,19606.29,19613.493333333332,19605.493333333332,19626.826666666668,19559.072959579007,19564.028316721866,19554.11760243615,False,False,False,-308.91586529513074
1,2024-08-29 17:53:00+00:00,2024-08-29,2024-08-29 20:00:00+00:00,234874,value_area_bounce,1,12.845714285714296,19553.66,19561.263958333333,19548.95229166667,19570.497708333336,19560.092315292874,19566.51517243573,19553.669458150016,False,False,False,2977.598095520278
1,2024-08-29 18:00:00+00:00,2024-08-29,2024-08-29 20:00:00+00:00,234881,value_area_bounce,-1,13.08142857142879,19542.29,19561.54,19549.04,19569.04,19560.18852509603,19566.729239381744,19553.647810810315,False,False,False,-1605.9649697591694
1,2024-08-29 18:35:00+00:00,2024-08-29,2024-08-29 20:00:00+00:00,234916,value_area_bounce,1,21.715000000000146,19414.16,19421.6475,19406.6575,19534.072500000002,19552.16883756999,19563.026337569987,19541.31133756999,False,False,False,4278.411020244374
1,2024-08-29 18:39:00+00:00,2024-08-29,2024-08-29 20:00:00+00:00,234920,value_area_bounce,1,28.49357142857116,19367.54,19420.82875,19352.11791666667,19528.802916666667,19548.331312137998,19562.57809785228,19534.084526423714,False,False,False,5997.111652539526
1,2024-08-29 18:48:00+00:00,2024-08-29,2024-08-29 20:00:00+00:00,234929,value_area_bounce,1,31.01999999999966,19331.29,19379.717083333337,19310.092083333337,19507.362916666665,19537.510992408268,19553.020992408266,19522.00099240827,False,False,False,5557.9567350989
1,2024-08-29 18:51:00+00:00,2024-08-29,2024-08-29 20:00:00+00:00,234932,value_area_bounce,1,31.925714285714225,19319.29,19327.277916666666,19294.605416666665,19457.96791666667,19533.987518522616,19549.950375665474,19518.024661379757,False,False,False,3857.899633560113
1,2024-08-29 19:48:00+00:00,2024-08-29,2024-08-29 20:00:00+00:00,234989,value_area_bounce,-1,21.773571428571294,19352.79,19329.7275,19302.8525,19356.6025,19501.34970232835,19512.236488042636,19490.462916614062,False,False,False,-2922.9019218694566
1,2024-08-29 19:50:00+00:00,2024-08-29,2024-08-29 20:00:00+00:00,234991,value_area_bounce,-1,23.53285714285708,19349.29,19329.7275,19302.8525,19356.6025,19500.36302549461,19512.12945406604,19488.596596923184,False,False,False,-6169.366574638239
1,2024-08-29 19:51:00+00:00,2024-08-29,2024-08-29 20:00:00+00:00,234992,value_area_bounce,-1,22.45285714285715,19338.54,19318.9775,19302.8525,19356.6025,19499.720815882745,19510.947244454175,19488.494387311315,False,False,False,-5950.2832413049055
1,2024-08-30 13:31:00+00:00,2024-08-30,2024-08-30 20:00:00+00:00,235992,value_area_bounce,-1,10.150714285714846,19490.49,19510.199375,19480.124375,19510.199375,19503.93706193267,19509.012419075527,19498.86170478981,False,False,False,-5875.487224807318
1,2024-08-30 13:32:00+00:00,2024-08-30,2024-08-30 20:00:00+00:00,235993,value_area_bounce,-1,11.712857142857631,19486.61,19497.668125,19485.136875,19510.199375,19500.919376840622,19506.77580541205,19495.062948269195,False,False,False,-10527.156328337689
1,2024-08-30 13:35:00+00:00,2024-08-30,2024-08-30 20:00:00+00:00,235996,value_area_bounce,-1,15.945000000000489,19470.74,19482.010833333334,19471.84416666667,19497.260833333334,19491.24125662118,19499.21375662118,19483.26875662118,False,False,False,-14719.361470442378
1,2024-08-30 13:37:00+00:00,2024-08-30,2024-08-30 20:00:00+00:00,235998,value_area_bounce,1,19.757142857143272,19500.74,19482.010833333334,19469.3025,19497.260833333334,19489.873171028805,19499.751742457378,19479.99459960023,False,False,False,1948.6191983508452
1,2024-08-30 13:39:00+00:00,2024-08-30,2024-08-30 20:00:00+00:00,236000,value_area_bounce,-1,21.936428571428614,19481.24,19478.31291666667,19465.292083333334,19496.542083333334,19490.398470237753,19501.366684523466,19479.43025595204,False,False,False,-1411.5764635303726
1,2024-08-30 13:50:00+00:00,2024-08-30,2024-08-30 20:00:00+00:00,236011,value_area_bounce,-1,23.267142857142712,19489.99,19509.52125,19486.02125,19512.45875,19499.14681274324,19510.780384171812,19487.51324131467,False,False,False,-3640.514920991278
1,2024-08-30 13:51:00+00:00,2024-08-30,2024-08-30 20:00:00+00:00,236012,value_area_bounce,1,23.69571428571414,19536.99,19509.52125,19488.95875,19512.45875,19500.148902859488,19511.996760002345,19488.30104571663,False,False,False,650.6624152669342
1,2024-08-30 14:00:00+00:00,2024-08-30,2024-08-30 20:00:00+00:00,236021,opening_range_breakout,1,22.20642857142853,19563.74,19495.553333333333,19476.986666666668,19514.120000000003,19507.719024039383,19518.822238325098,19496.615809753668,False,False,False,5855.902051855646
1,2024-08-30 14:23:00+00:00,2024-08-30,2024-08-30 20:00:00+00:00,236044,value_area_bounce,1,17.643571428571573,19503.86,19528.115,19494.865,19542.365,19517.427220459802,19526.249006174086,19508.605434745517,False,False,False,2040.7220444987597
1,2024-08-30 14:30:00+00:00,2024-08-30,2024-08-30 20:00:00+00:00,236051,value_area_bounce,1,18.992857142857506,19505.99,19529.480000000003,19501.760000000002,19543.340000000004,19514.576612743855,19524.073041315285,19505.080184172424,False,False,False,9645.81220493029
1,2024-08-30 14:45:00+00:00,2024-08-30,2024-08-30 20:00:00+00:00,236066,value_area_bounce,1,18.562857142857215,19504.99,19520.24,19501.760000000002,19547.96,19515.32425237001,19524.60568094144,19506.04282379858,False,False,False,2155.4977830654057
1,2024-08-30 14:47:00+00:00,2024-08-30,2024-08-30 20:00:00+00:00,236068,value_area_bounce,1,18.812142857142785,19512.99,19534.1,19501.760000000002,19547.96,19515.14523937528,19524.55131080385,19505.73916794671,False,False,False,1486.9375514350768
1,2024-08-30 16:25:00+00:00,2024-08-30,2024-08-30 20:00:00+00:00,236166,value_area_bounce,1,11.445714285714141,19406.49,19405.08375,19402.14625,19419.77125,19472.107159688032,19477.83001683089,19466.384302545175,False,False,False,1257.129412650465
1,2024-08-30 17:19:00+00:00,2024-08-30,2024-08-30 20:00:00+00:00,236220,value_area_bounce,-1,8.982142857142858,19412.11,19343.9225,19322.755833333336,19412.714166666665,19457.637138680555,19462.128210109127,19453.146067251982,False,False,False,-1005.7271803205224
1,2024-08-30 17:36:00+00:00,2024-08-30,2024-08-30 20:00:00+00:00,236237,value_area_bounce,-1,10.366428571428644,19428.86,19423.478333333333,19406.291666666668,19432.071666666667,19456.157367847703,19461.340582133416,19450.97415356199,False,False,False,-1502.9857239400735
1,2024-08-30 17:45:00+00:00,2024-08-30,2024-08-30 20:00:00+00:00,236246,value_area_bounce,1,10.241428571428644,19418.99,19424.349583333336,19409.974583333336,19426.745416666665,19455.52617778071,19460.646892066423,19450.405463494997,False,False,False,485.6995879410541
1,2024-08-30 18:02:00+00:00,2024-08-30,2024-08-30 20:00:00+00:00,236263,value_area_bounce,1,11.545000000000073,19410.36,19417.292291666665,19410.323541666665,19426.583958333336,19453.968795478053,19459.741295478052,19448.196295478054,False,False,False,2741.556780815532
1,2024-08-30 19:35:00+00:00,2024-08-30,2024-08-30 20:00:00+00:00,236356,value_area_bounce,-1,11.678571428571429,19481.11,19471.173125,19454.741875,19484.318125,19454.47390496734,19460.313190681627,19448.634619253055,False,False,False,-3672.94185393897
1,2024-08-30 19:36:00+00:00,2024-08-30,2024-08-30 20:00:00+00:00,236357,value_area_bounce,-1,11.670000000000073,19482.49,19471.173125,19454.741875,19484.318125,19454.522871797646,19460.357871797645,19448.687871797647,False,False,False,-3714.005814578334
1,2024-08-30 19:43:00+00:00,2024-08-30,2024-08-30 20:00:00+00:00,236364,value_area_bounce,-1,11.314285714286077,19479.11,19471.173125,19454.741875,19490.890625,19454.943682091653,19460.600824948797,19449.28653923451,False,False,False,-532.7261808835887
1,2024-09-03 14:01:00+00:00,2024-09-03,2024-09-03 20:00:00+00:00,238527,value_area_bounce,1,30.321428571428573,19336.67,19354.239374999997,19320.784375,19396.058125000003,19351.651133322048,19366.81184760776,19336.490419036334,False,False,False,10469.783087427135
1,2024-09-03 14:02:00+00:00,2024-09-03,2024-09-03 20:00:00+00:00,238528,value_area_bounce,1,30.035714285714285,19340.800000000003,19354.239374999997,19320.784375,19396.058125000003,19351.114154081166,19366.132011224025,19336.096296938307,False,False,False,11420.608211622946
1,2024-09-03 16:12:00+00:00,2024-09-03,2024-09-03 20:00:00+00:00,238658,value_area_bounce,1,13.04928571428484,19112.050000000003,19123.581458333334,19102.893958333334,19154.612708333334,19244.955210542063,19251.479853399203,19238.43056768492,False,False,False,916.4732318609821
1,2024-09-03 16:28:00+00:00,2024-09-03,2024-09-03 20:00:00+00:00,238674,value_area_bounce,1,12.178571428571429,19118.17,19132.112500000003,19109.0475,19132.112500000003,19239.7022945049,19245.791580219186,19233.613008790613,False,False,False,903.2836079153551
1,2024-09-03 17:00:00+00:00,2024-09-03,2024-09-03 20:00:00+00:00,238706,value_area_bounce,1,9.785714285714286,19104.67,19106.823125000003,19100.785625000004,19121.916875000003,19230.659806358828,19235.552663501687,19225.76694921597,False,False,False,469.79114684861884
1,2024-09-03 17:04:00+00:00,2024-09-03,2024-09-03 20:00:00+00:00,238710,value_area_bounce,1,9.927857142856478,19107.67,19106.823125000003,19094.748125,19121.916875000003,19229.547447853864,19234.511376425293,19224.583519282434,False,False,False,817.7603584779517
1,2024-09-03 17:21:00+00:00,2024-09-03,2024-09-03 20:00:00+00:00,238727,value_area_bounce,1,10.982857142857808,19126.050000000003,19106.800208333334,19100.831458333334,19118.737708333334,19225.23495844921,19230.72638702064,19219.743529877782,False,False,False,2455.9901712382007
1,2024-09-03 17:32:00+00:00,2024-09-03,2024-09-03 20:00:00+00:00,238738,value_area_bounce,-1,12.080714285714619,19099.300000000003,19100.366875,19089.402291666665,19113.524375,19222.878665579403,19228.91902272226,19216.838308436545,False,False,False,-1476.970746872127
1,2024-09-03 18:24:00+00:00,2024-09-03,2024-09-03 20:00:00+00:00,238790,value_area_bounce,1,11.900000000001455,18998.92,19013.956250000003,18991.372916666667,19081.706250000003,19204.174040212445,19210.124040212446,19198.224040212444,False,False,False,651.3506019233641
1,2024-09-03 19:51:00+00:00,2024-09-03,2024-09-03 20:00:00+00:00,238877,value_area_bounce,1,21.903571428571013,18926.300000000003,19006.246249999997,18925.93625,19012.93875,19165.071555209095,19176.02334092338,19154.11976949481,False,False,False,8327.497794990919
1,2024-09-04 13:30:00+00:00,2024-09-04,2024-09-04 20:00:00+00:00,239876,value_area_bounce,1,7.839285714285714,18841.04,18837.537500000002,18829.18416666667,18862.5975,18836.873333333333,18840.792976190474,18832.95369047619,False,False,False,5489.325353414846
1,2024-09-04 13:32:00+00:00,2024-09-04,2024-09-04 20:00:00+00:00,239878,value_area_bounce,1,11.829285714285236,18851.16,18837.26625,18823.21125,18856.00625,18838.562760701614,18844.477403558758,18832.64811784447,False,False,False,6848.955041194384
1,2024-09-04 13:39:00+00:00,2024-09-04,2024-09-04 20:00:00+00:00,239885,value_area_bounce,-1,21.161428571428978,18846.04,18837.26541666667,18822.96958333333,18862.997916666667,18854.523972028834,18865.10468631455,18843.943257743118,False,False,False,-9002.08242714583
1,2024-09-04 14:00:00+00:00,2024-09-04,2024-09-04 20:00:00+00:00,239906,opening_range_breakout,-1,30.045714285714503,18815.04,18933.435833333337,18857.019166666665,18944.3525,18891.671258370992,18906.69411551385,18876.648401228136,False,False,True,-4989.0642948455115
1,2024-09-04 16:05:00+00:00,2024-09-04,2024-09-04 20:00:00+00:00,240031,value_area_bounce,1,16.352857142856788,18951.54,18960.926250000004,18945.496250000004,18987.92875,18940.943560317693,18949.11998888912,18932.767131746266,False,False,False,914.212503794685
1,2024-09-04 16:44:00+00:00,2024-09-04,2024-09-04 20:00:00+00:00,240070,value_area_bounce,-1,12.616428571428644,18995.04,18963.906875,18941.000625,19005.138124999998,18946.818414221052,18953.126628506765,18940.51019993534,False,False,False,-3475.4266185595393
1,2024-09-04 17:00:00+00:00,2024-09-04,2024-09-04 20:00:00+00:00,240086,value_area_bounce,-1,11.545000000000073,19015.79,19001.763958333333,18952.82895833333,19018.075624999998,18949.065174002255,18954.837674002254,18943.292674002256,False,False,False,-789.2871268195582
1,2024-09-04 17:03:00+00:00,2024-09-04,2024-09-04 20:00:00+00:00,240089,value_area_bounce,-1,11.929285714285859,19004.54,19001.763958333333,18952.82895833333,19018.075624999998,18949.565496533778,18955.53013939092,18943.600853676635,False,False,False,-920.6366330940383
1,2024-09-04 17:20:00+00:00,2024-09-04,2024-09-04 20:00:00+00:00,240106,value_area_bounce,1,14.06500000000051,19017.91,19000.10875,18997.166250000002,19023.64875,18951.5243950407,18958.5568950407,18944.491895040697,False,False,False,1393.5453433061662
1,2024-09-04 17:36:00+00:00,2024-09-04,2024-09-04 20:00:00+00:00,240122,value_area_bounce,1,13.269999999999657,18986.41,18981.993125,18974.961875,19014.805625,18953.055316133607,18959.690316133605,18946.420316133608,False,False,False,247.36379541782526
1,2024-09-04 18:13:00+00:00,2024-09-04,2024-09-04 20:00:00+00:00,240159,value_area_bounce,1,13.114999999999782,18977.29,18981.305833333332,18965.864166666666,18987.482500000002,18954.358936381155,18960.916436381154,18947.801436381156,False,False,False,34.47051497021994
1,2024-09-04 19:07:00+00:00,2024-09-04,2024-09-04 20:00:00+00:00,240213,value_area_bounce,1,14.08642857142851,18895.04,18926.982500000002,18892.600833333334,18951.540833333333,18952.27111767399,18959.314331959704,18945.227903388277,False,False,False,198.78334253656635
1,2024-09-04 19:12:00+00:00,2024-09-04,2024-09-04 20:00:00+00:00,240218,value_area_bounce,1,14.172142857142587,18888.29,18923.466875,18876.918125,18933.811041666668,18951.503837811673,18958.589909240243,18944.417766383103,False,False,False,1373.7752936197014
1,2024-09-05 13:31:00+00:00,2024-09-05,2024-09-05 20:00:00+00:00,241257,value_area_bounce,-1,10.822142857142742,18850.65,18862.428333333333,18843.505,18865.131666666668,18860.70621749409,18866.117288922662,18855.29514606552,False,False,False,-8379.027019787853
1,2024-09-05 13:48:00+00:00,2024-09-05,2024-09-05 20:00:00+00:00,241274,value_area_bounce,-1,28.54285714285756,18954.9,18860.55541666667,18847.407083333335,18959.16791666667,18928.6631448455,18942.93457341693,18914.391716274073,False,False,False,-2718.522955679932
1,2024-09-05 14:00:00+00:00,2024-09-05,2024-09-05 20:00:00+00:00,241286,opening_range_breakout,1,24.420714285714244,19057.4,18960.066458333335,18892.742708333335,19019.90979166667,18946.107794388834,18958.31815153169,18933.897437245978,False,False,False,6773.929273956304
1,2024-09-05 14:11:00+00:00,2024-09-05,2024-09-05 20:00:00+00:00,241297,value_area_bounce,-1,24.964999999999886,19009.9,18959.910625,18859.223125000004,19020.323125000003,18972.128382337658,18984.610882337656,18959.64588233766,False,False,False,-7993.441839491232
1,2024-09-05 16:45:00+00:00,2024-09-05,2024-09-05 20:00:00+00:00,241451,value_area_bounce,-1,10.704999999999927,18902.4,18900.825833333336,18854.10916666667,18910.169166666667,18950.83257931283,18956.185079312832,18945.48007931283,False,False,False,-1933.6872479251372
1,2024-09-05 16:59:00+00:00,2024-09-05,2024-09-05 20:00:00+00:00,241465,value_area_bounce,-1,13.192142857142764,18895.9,18898.645,18880.06166666667,18917.228333333333,18949.10463225262,18955.700703681192,18942.508560824048,False,False,False,-154.68984343790703
1,2024-09-05 17:18:00+00:00,2024-09-05,2024-09-05 20:00:00+00:00,241484,value_area_bounce,1,11.935714285713923,18887.65,18900.98875,18887.55125,18906.36375,18946.641664950537,18952.609522093393,18940.67380780768,False,False,False,663.6727060811728
1,2024-09-05 17:22:00+00:00,2024-09-05,2024-09-05 20:00:00+00:00,241488,value_area_bounce,1,10.659999999999854,18888.52,18900.98875,18884.86375,18906.36375,18946.20558430273,18951.53558430273,18940.875584302732,False,False,False,3368.0541955889316
1,2024-09-05 17:34:00+00:00,2024-09-05,2024-09-05 20:00:00+00:00,241500,value_area_bounce,1,11.409999999999854,18880.52,18890.655000000002,18878.801666666666,18905.471666666668,18944.30256884941,18950.00756884941,18938.597568849407,False,False,False,5372.848696222491
1,2024-09-05 18:57:00+00:00,2024-09-05,2024-09-05 20:00:00+00:00,241583,value_area_bounce,-1,12.20571428571436,18960.65,18973.77,18957.11,18973.77,18946.39621746297,18952.49907460583,18940.293360320113,False,False,False,-285.9515500706465
1,2024-09-05 19:48:00+00:00,2024-09-05,2024-09-05 20:00:00+00:00,241634,value_area_bounce,1,15.545000000000073,18881.65,18897.066875,18869.723125,18940.035625,18943.569679786942,18951.34217978694,18935.797179786943,False,False,False,1547.6884033326533
1,2024-09-05 19:52:00+00:00,2024-09-05,2024-09-05 20:00:00+00:00,241638,value_area_bounce,1,18.830714285714357,18876.77,18897.505,18864.465000000004,18930.545,18942.709114982677,18952.124472125535,18933.29375783982,False,False,False,433.79792519184775
1,2024-09-06 13:35:00+00:00,2024-09-06,2024-09-06 20:00:00+00:00,242641,value_area_bounce,-1,25.821428571428573,18885.81,18908.25375,18881.06625,18913.69125,18891.989679815713,18904.900394101427,18879.07896553,False,False,False,-10103.204612217742
1,2024-09-06 13:43:00+00:00,2024-09-06,2024-09-06 20:00:00+00:00,242649,value_area_bounce,1,40.93857142857087,18818.94,18908.013333333332,18813.266666666666,18933.853333333333,18837.719867029224,18858.189152743507,18817.25058131494,False,False,False,3806.3490883001887
1,2024-09-06 13:45:00+00:00,2024-09-06,2024-09-06 20:00:00+00:00,242651,value_area_bounce,1,38.7299999999993,18829.06,18908.013333333332,18813.266666666666,18933.853333333333,18835.621600652365,18854.986600652363,18816.256600652367,False,False,False,18676.813653150723
1,2024-09-06 13:46:00+00:00,2024-09-06,2024-09-06 20:00:00+00:00,242652,value_area_bounce,1,37.944285714285016,18832.69,18908.013333333332,18813.266666666666,18933.853333333333,18834.728243801765,18853.700386658908,18815.75610094462,False,False,False,17695.273205090176
1,2024-09-06 15:00:00+00:00,2024-09-06,2024-09-06 20:00:00+00:00,242726,value_area_bounce,1,25.367857142857247,18593.81,18697.662500000002,18535.425833333335,18709.250833333335,18705.532683267145,18718.216611838572,18692.84875469572,False,False,False,10441.908989245978
1,2024-09-06 17:27:00+00:00,2024-09-06,2024-09-06 20:00:00+00:00,242873,value_area_bounce,-1,12.812857142856956,18475.69,18476.294375,18413.86729166667,18485.89854166667,18595.59220053064,18601.99862910207,18589.185771959208,False,False,False,-1802.2550211849984
1,2024-09-06 18:22:00+00:00,2024-09-06,2024-09-06 20:00:00+00:00,242928,value_area_bounce,1,12.719999999999866,18422.56,18427.980208333334,18412.27270833333,18441.06979166667,18579.839354105203,18586.199354105203,18573.479354105202,False,False,False,905.1598284793748
1,2024-09-06 18:32:00+00:00,2024-09-06,2024-09-06 20:00:00+00:00,242938,value_area_bounce,-1,13.099285714286193,18418.06,18426.23875,18413.20125,18428.846250000002,18577.17084857331,18583.720491430453,18570.62120571617,False,False,False,-1118.7661954006676
1,2024-09-06 19:30:00+00:00,2024-09-06,2024-09-06 20:00:00+00:00,242996,value_area_bounce,-1,13.354285714285393,18468.06,18427.903541666667,18417.434791666667,18473.268125,18566.423647056403,18573.100789913544,18559.746504199262,False,False,False,-1608.769523142459
1,2024-09-06 19:33:00+00:00,2024-09-06,2024-09-06 20:00:00+00:00,242999,value_area_bounce,-1,13.077857142856633,18474.94,18470.66395833333,18446.966041666667,18480.82020833333,18565.940920378787,18572.479848950217,18559.401991807357,False,False,False,-2763.8463926408876
1,2024-09-06 19:35:00+00:00,2024-09-06,2024-09-06 20:00:00+00:00,243001,value_area_bounce,-1,12.795714285713725,18466.94,18470.66395833333,18450.35145833333,18480.82020833333,18565.564097224837,18571.961954367693,18559.16624008198,False,False,False,-858.8082341824792
1,2024-09-06 19:41:00+00:00,2024-09-06,2024-09-06 20:00:00+00:00,243007,value_area_bounce,1,13.678571428571429,18464.69,18474.361875,18454.299375,18481.049375,18564.307542698414,18571.1468284127,18557.468256984128,False,False,False,1282.7798611446453
1,2024-09-09 13:30:00+00:00,2024-09-09,2024-09-09 20:00:00+00:00,244001,value_area_bounce,-1,10.321428571428571,18581.07,18577.68020833334,18563.822708333333,18584.608958333338,18589.653333333332,18594.814047619046,18584.492619047618,False,False,False,-5934.664750327005
1,2024-09-09 13:40:00+00:00,2024-09-09,2024-09-09 20:00:00+00:00,244011,value_area_bounce,-1,20.411428571429237,18620.45,18590.259583333333,18560.292916666665,18623.972083333334,18617.041822391857,18627.247536677572,18606.83610810614,False,False,False,-2066.208517364452
1,2024-09-09 13:44:00+00:00,2024-09-09,2024-09-09 20:00:00+00:00,244015,value_area_bounce,-1,21.169285714285643,18627.57,18629.409166666668,18588.14916666667,18629.409166666668,18619.65418371857,18630.23882657571,18609.069540861427,False,False,False,-1677.1106187084806
1,2024-09-09 13:45:00+00:00,2024-09-09,2024-09-09 20:00:00+00:00,244016,value_area_bounce,-1,19.59785714285707,18628.7,18629.409166666668,18588.14916666667,18629.409166666668,18620.332923989037,18630.131852560466,18610.53399541761,False,False,False,-2722.9328234630084
1,2024-09-09 13:46:00+00:00,2024-09-09,2024-09-09 20:00:00+00:00,244017,value_area_bounce,-1,19.356428571428427,18626.32,18629.409166666668,18598.46416666667,18629.409166666668,18620.746004896693,18630.42421918241,18611.067790610978,False,False,False,-7158.297798833585
1,2024-09-09 13:47:00+00:00,2024-09-09,2024-09-09 20:00:00+00:00,244018,value_area_bounce,-1,19.0,18626.45,18629.409166666668,18601.902500000004,18629.409166666668,18621.169822869637,18630.669822869637,18611.669822869637,False,False,False,-7912.7906437780375
1,2024-09-09 13:48:00+00:00,2024-09-09,2024-09-09 20:00:00+00:00,244019,value_area_bounce,-1,19.357142857142858,18613.57,18629.409166666668,18601.902500000004,18629.409166666668,18621.046518140793,18630.725089569365,18611.36794671222,False,False,False,-10921.872351094833
1,2024-09-09 13:49:00+00:00,2024-09-09,2024-09-09 20:00:00+00:00,244020,value_area_bounce,-1,19.258571428571354,18614.32,18629.409166666668,18601.902500000004,18629.409166666668,18620.92105234089,18630.550338055178,18611.291766626604,False,False,False,-11096.059036425591
1,2024-09-09 13:53:00+00:00,2024-09-09,2024-09-09 20:00:00+00:00,244024,value_area_bounce,-1,19.888571428571076,18633.2,18628.058333333334,18599.941666666666,18636.091666666667,18624.395430724537,18634.339716438823,18614.45114501025,False,False,False,-3984.039237967292
1,2024-09-09 13:55:00+00:00,2024-09-09,2024-09-09 20:00:00+00:00,244026,value_area_bounce,-1,18.111428571428146,18635.95,18628.058333333334,18611.99166666667,18636.091666666667,18625.073479101895,18634.12919338761,18616.01776481618,False,False,False,-5552.167521361929
1,2024-09-09 14:06:00+00:00,2024-09-09,2024-09-09 20:00:00+00:00,244037,value_area_bounce,-1,15.278571428571013,18638.45,18629.52604166667,18612.084375,18651.328125,18631.170029560275,18638.80931527456,18623.53074384599,False,False,False,-2246.8524462911796
1,2024-09-09 14:10:00+00:00,2024-09-09,2024-09-09 20:00:00+00:00,244041,opening_range_breakout,1,16.675714285714225,18687.7,18629.52604166667,18620.805208333335,18651.328125,18633.02222666587,18641.36008380873,18624.684369523013,False,False,False,3454.8010481906754
1,2024-09-09 14:45:00+00:00,2024-09-09,2024-09-09 20:00:00+00:00,244076,value_area_bounce,1,16.24928571428557,18528.57,18531.145,18523.848333333335,18647.891666666666,18614.741291506623,18622.865934363766,18606.61664864948,False,False,False,1109.8999969629183
1,2024-09-09 14:48:00+00:00,2024-09-09,2024-09-09 20:00:00+00:00,244079,value_area_bounce,1,15.267142857142712,18526.45,18534.965833333335,18520.049166666664,18646.840833333335,18611.852679217343,18619.486250645914,18604.219107788773,False,False,False,2195.8507455274016
1,2024-09-09 17:13:00+00:00,2024-09-09,2024-09-09 20:00:00+00:00,244224,value_area_bounce,-1,8.35285714285679,18694.07,18685.423958333333,18656.153125,18700.059375,18595.797809385716,18599.974237957143,18591.62138081429,False,False,False,-830.1579083380939
1,2024-09-09 17:38:00+00:00,2024-09-09,2024-09-09 20:00:00+00:00,244249,value_area_bounce,1,11.252142857143294,18681.57,18687.184375,18677.97604166667,18698.69479166667,18600.803095072908,18606.42916650148,18595.177023644337,False,False,False,3737.2043207461684
1,2024-09-09 17:52:00+00:00,2024-09-09,2024-09-09 20:00:00+00:00,244263,value_area_bounce,1,13.95571428571436,18655.57,18698.98875,18655.29875,18702.629583333335,18602.982301420576,18609.960158563434,18596.004444277718,False,False,False,1689.6168286821248
1,2024-09-09 19:01:00+00:00,2024-09-09,2024-09-09 20:00:00+00:00,244332,value_area_bounce,1,10.367142857143076,18576.82,18587.034791666665,18574.611875000002,18592.003958333335,18600.408364731782,18605.591936160352,18595.224793303212,False,False,False,1241.2622299074906
1,2024-09-09 19:05:00+00:00,2024-09-09,2024-09-09 20:00:00+00:00,244336,value_area_bounce,1,11.045000000000073,18576.45,18574.611875000002,18572.127291666668,18589.519375,18600.133149924863,18605.65564992486,18594.610649924864,False,False,False,1207.040049353157
1,2024-09-09 19:45:00+00:00,2024-09-09,2024-09-09 20:00:00+00:00,244376,value_area_bounce,-1,12.51642857142828,18619.57,18579.565833333334,18557.535833333335,18619.954166666666,18600.283396970648,18606.54161125636,18594.025182684934,False,False,False,-1861.9654383513864
1,2024-09-10 13:30:00+00:00,2024-09-10,2024-09-10 20:00:00+00:00,245381,value_area_bounce,1,7.97857142857148,18748.6,18736.194166666668,18729.224166666667,18738.5175,18742.363333333335,18746.35261904762,18738.37404761905,False,False,False,3973.1135521883416
1,2024-09-10 13:35:00+00:00,2024-09-10,2024-09-10 20:00:00+00:00,245386,value_area_bounce,-1,15.960714285714078,18746.1,18741.274166666666,18725.815833333334,18766.0075,18762.77977395834,18770.760131101197,18754.799416815484,False,False,False,-1815.373302182771
1,2024-09-10 13:43:00+00:00,2024-09-10,2024-09-10 20:00:00+00:00,245394,value_area_bounce,1,25.067142857143285,18719.47,18726.924166666664,18714.659166666665,18755.5425,18739.44474597174,18751.978317400313,18726.91117454317,False,False,False,8095.3188855667495
1,2024-09-10 13:44:00+00:00,2024-09-10,2024-09-10 20:00:00+00:00,245395,value_area_bounce,1,25.169285714285902,18743.47,18754.6675,18712.950833333332,18754.6675,18739.15983168493,18751.744474542073,18726.57518882779,False,False,False,14023.254689293091
1,2024-09-10 13:49:00+00:00,2024-09-10,2024-09-10 20:00:00+00:00,245400,value_area_bounce,-1,22.035000000000373,18728.6,18733.809166666666,18708.779166666667,18746.324166666665,18738.50223178672,18749.51973178672,18727.484731786717,False,False,False,-874.2631489099067
1,2024-09-10 14:11:00+00:00,2024-09-10,2024-09-10 20:00:00+00:00,245422,value_area_bounce,-1,24.119285714285848,18730.1,18742.1525,18712.950833333332,18754.6675,18743.705511858956,18755.7651547161,18731.64586900181,False,False,False,-1100.3866802153575
1,2024-09-10 14:13:00+00:00,2024-09-10,2024-09-10 20:00:00+00:00,245424,opening_range_breakout,-1,25.467857142857092,18686.97,18742.1525,18712.950833333332,18754.6675,18741.99409394851,18754.72802251994,18729.26016537708,False,False,False,-13529.73977079678
1,2024-09-10 15:39:00+00:00,2024-09-10,2024-09-10 20:00:00+00:00,245510,value_area_bounce,-1,14.250714285713912,18718.35,18701.209375,18681.834375,18735.115625,18726.142633992567,18733.267991135424,18719.01727684971,False,False,False,-137.62764597440423
1,2024-09-10 17:29:00+00:00,2024-09-10,2024-09-10 20:00:00+00:00,245620,value_area_bounce,-1,11.883571428571615,18724.22,18676.761666666665,18637.428333333337,18730.845,18703.934819649425,18709.876605363712,18697.993033935138,False,False,False,-1788.6327724796884
1,2024-09-10 17:45:00+00:00,2024-09-10,2024-09-10 20:00:00+00:00,245636,value_area_bounce,-1,9.464999999999625,18743.35,18739.553333333337,18708.886666666665,18747.22,18704.978521881203,18709.7110218812,18700.246021881205,False,False,False,-1662.5096234573243
1,2024-09-10 18:16:00+00:00,2024-09-10,2024-09-10 20:00:00+00:00,245667,value_area_bounce,-1,9.818571428571106,18803.47,18804.18875,18738.25125,18804.18875,18709.618162017206,18714.527447731492,18704.70887630292,False,False,False,-501.6025984084213
1,2024-09-10 18:51:00+00:00,2024-09-10,2024-09-10 20:00:00+00:00,245702,value_area_bounce,-1,8.330000000000187,18793.72,18803.845,18796.178333333337,18811.511666666665,18714.66682286851,18718.83182286851,18710.501822868508,False,False,False,-795.7064582639722
1,2024-09-10 19:00:00+00:00,2024-09-10,2024-09-10 20:00:00+00:00,245711,value_area_bounce,1,8.442857142857195,18806.97,18807.198541666665,18796.606041666666,18808.963958333334,18715.621521141675,18719.842949713104,18711.400092570246,False,False,False,808.7979389263638
1,2024-09-10 19:07:00+00:00,2024-09-10,2024-09-10 20:00:00+00:00,245718,value_area_bounce,1,7.843571428572042,18803.22,18803.875625,18796.194375,18808.484375,18716.414341500342,18720.33612721463,18712.492555786055,False,False,False,147.45123238902988
1,2024-09-10 19:39:00+00:00,2024-09-10,2024-09-10 20:00:00+00:00,245750,value_area_bounce,-1,9.373571428572177,18823.22,18799.969791666663,18797.292708333334,18824.063541666663,18721.322656303226,18726.009442017512,18716.63587058894,False,False,False,-284.080550544687
1,2024-09-10 19:43:00+00:00,2024-09-10,2024-09-10 20:00:00+00:00,245754,value_area_bounce,-1,9.320000000000748,18825.22,18816.406875,18803.150625000002,18832.314375,18722.064840651918,18726.724840651917,18717.404840651918,False,False,False,-825.5306241578397
1,2024-09-10 19:50:00+00:00,2024-09-10,2024-09-10 20:00:00+00:00,245761,value_area_bounce,-1,8.767857142857142,18817.35,18826.339583333334,18811.464583333334,18836.25625,18723.411669563153,18727.79559813458,18719.027740991725,False,False,False,-1418.3170092507871
1,2024-09-10 19:55:00+00:00,2024-09-10,2024-09-10 20:00:00+00:00,245766,value_area_bounce,-1,10.295714285713725,18832.6,18823.990625,18816.584375,18833.865625,18725.10711669834,18730.254973841194,18719.959259555482,False,False,False,-1659.175215453657
1,2024-09-10 19:57:00+00:00,2024-09-10,2024-09-10 20:00:00+00:00,245768,value_area_bounce,-1,10.447142857142483,18834.47,18823.990625,18816.584375,18836.334375,18725.5356783234,18730.75924975197,18720.312106894828,False,False,False,-1385.4926910330462
1,2024-09-10 19:59:00+00:00,2024-09-10,2024-09-10 20:00:00+00:00,245770,value_area_bounce,-1,11.464285714285714,18832.1,18823.584375,18823.584375,18842.990625,18726.411601089694,18732.143743946835,18720.679458232553,False,False,False,-4018.2449788953986
1,2024-09-11 13:44:00+00:00,2024-09-11,2024-09-11 20:00:00+00:00,246775,value_area_bounce,1,32.649285714285206,18826.06,18820.012916666667,18820.012916666667,18874.087083333336,18836.182537135617,18852.50717999276,18819.857894278473,False,False,False,5575.41396811277
1,2024-09-11 13:54:00+00:00,2024-09-11,2024-09-11 20:00:00+00:00,246785,value_area_bounce,1,28.428571428571427,18774.31,18820.8325,18757.715833333335,18852.390833333335,18819.141358252436,18833.355643966723,18804.92707253815,False,False,False,3262.6772615314767
1,2024-09-11 13:59:00+00:00,2024-09-11,2024-09-11 20:00:00+00:00,246790,value_area_bounce,1,27.45642857142801,18770.94,18819.92125,18768.887916666667,18839.05875,18813.666265917847,18827.394480203562,18799.938051632133,False,False,False,3513.785548714985
1,2024-09-11 14:00:00+00:00,2024-09-11,2024-09-11 20:00:00+00:00,246791,opening_range_breakout,-1,28.438571428570867,18733.19,18819.92125,18768.887916666667,18839.05875,18810.792070967727,18825.011356682015,18796.57278525344,False,False,False,-2146.4029068859263
1,2024-09-11 15:56:00+00:00,2024-09-11,2024-09-11 20:00:00+00:00,246907,value_area_bounce,-1,17.031428571428997,18712.94,18668.981875,18614.221458333333,18739.388125,18703.35518321516,18711.870897500874,18694.839468929447,False,False,False,-8305.635818301249
1,2024-09-11 18:14:00+00:00,2024-09-11,2024-09-11 20:00:00+00:00,247045,value_area_bounce,-1,11.41214285714211,19031.31,19017.75791666667,18978.924583333333,19046.88291666667,18778.038856420826,18783.7449278494,18772.332784992253,False,False,False,-644.0871859569015
1,2024-09-11 19:05:00+00:00,2024-09-11,2024-09-11 20:00:00+00:00,247096,value_area_bounce,1,14.501428571427823,19099.31,19099.970833333333,19087.794166666667,19136.500833333335,18814.25499749916,18821.505711784874,18807.004283213446,False,False,False,1216.6950851732938
1,2024-09-12 13:33:00+00:00,2024-09-12,2024-09-12 20:00:00+00:00,248144,value_area_bounce,1,15.907142857142649,19251.42,19243.335625,19228.027291666665,19270.12520833333,19219.715449780957,19227.669021209527,19211.761878352387,False,False,False,1381.4598949808578
1,2024-09-12 13:35:00+00:00,2024-09-12,2024-09-12 20:00:00+00:00,248146,value_area_bounce,1,19.362142857142835,19237.54,19239.508541666666,19228.027291666665,19262.471041666664,19226.82684241277,19236.507913841342,19217.1457709842,False,False,False,6758.784470975239
1,2024-09-12 13:36:00+00:00,2024-09-12,2024-09-12 20:00:00+00:00,248147,value_area_bounce,1,20.388571428571595,19238.17,19239.508541666666,19235.681458333333,19258.643958333334,19227.938653405665,19238.13293911995,19217.74436769138,False,False,False,15678.234335073055
1,2024-09-12 13:37:00+00:00,2024-09-12,2024-09-12 20:00:00+00:00,248148,value_area_bounce,1,23.085000000000168,19266.92,19233.981250000004,19233.981250000004,19259.054583333338,19231.102547237922,19242.645047237922,19219.560047237923,False,False,False,15808.524495224468
1,2024-09-12 13:40:00+00:00,2024-09-12,2024-09-12 20:00:00+00:00,248151,value_area_bounce,1,27.919285714285902,19256.54,19239.097083333334,19235.82625,19258.722083333334,19236.09569631037,19250.055339167513,19222.13605345323,False,False,False,8520.575938949289
1,2024-09-12 13:42:00+00:00,2024-09-12,2024-09-12 20:00:00+00:00,248153,value_area_bounce,1,31.382857142857706,19261.42,19239.097083333334,19235.82625,19255.45125,19237.803829719207,19253.495258290637,19222.112401147777,False,False,False,1324.539035417387
1,2024-09-12 13:44:00+00:00,2024-09-12,2024-09-12 20:00:00+00:00,248155,value_area_bounce,1,30.998571428572177,19249.67,19252.180416666662,19235.82625,19255.45125,19238.993503776637,19254.492789490923,19223.49421806235,False,False,False,3357.756288932548
1,2024-09-12 13:45:00+00:00,2024-09-12,2024-09-12 20:00:00+00:00,248156,value_area_bounce,1,30.230714285715035,19253.42,19248.909583333334,19235.82625,19255.45125,19239.6437568938,19254.75911403666,19224.528399750943,False,False,False,4005.0697546323913
1,2024-09-12 13:53:00+00:00,2024-09-12,2024-09-12 20:00:00+00:00,248164,value_area_bounce,1,28.622857142858265,19226.92,19255.130208333332,19225.050625,19263.724374999998,19229.936620844033,19244.248049415462,19215.625192272604,False,False,False,896.9209573441533
1,2024-09-12 13:54:00+00:00,2024-09-12,2024-09-12 20:00:00+00:00,248165,value_area_bounce,1,28.248571428572177,19243.42,19255.130208333332,19225.050625,19263.724374999998,19230.116976314865,19244.24126202915,19215.99269060058,False,False,False,7364.084762178455
1,2024-09-12 13:59:00+00:00,2024-09-12,2024-09-12 20:00:00+00:00,248170,value_area_bounce,1,26.514285714285766,19239.04,19237.941874999997,19216.456458333334,19263.724374999998,19229.21075806553,19242.46790092267,19215.953615208386,False,False,False,311.296026076373
1,2024-09-12 14:00:00+00:00,2024-09-12,2024-09-12 20:00:00+00:00,248171,value_area_bounce,1,27.29928571428614,19237.54,19237.941874999997,19216.456458333334,19263.724374999998,19229.419446367163,19243.069089224307,19215.76980351002,False,False,False,5717.448102747411
1,2024-09-12 14:05:00+00:00,2024-09-12,2024-09-12 20:00:00+00:00,248176,value_area_bounce,1,24.67500000000005,19230.04,19237.941874999997,19225.050625,19255.130208333332,19230.34720984467,19242.68470984467,19218.009709844668,False,False,False,5489.136961370148
1,2024-09-12 14:35:00+00:00,2024-09-12,2024-09-12 20:00:00+00:00,248206,value_area_bounce,-1,20.910000000000373,19273.42,19230.967083333337,19170.800416666665,19291.13375,19250.644147474075,19261.099147474077,19240.189147474073,False,False,False,-947.2055444353023
1,2024-09-12 15:27:00+00:00,2024-09-12,2024-09-12 20:00:00+00:00,248258,value_area_bounce,1,22.562857142856956,19291.17,19289.716875,19278.654375,19317.373125,19266.233756970745,19277.515185542172,19254.95232839932,False,False,False,3972.6858208492918
1,2024-09-12 15:54:00+00:00,2024-09-12,2024-09-12 20:00:00+00:00,248285,value_area_bounce,1,16.946428571428573,19257.54,19272.466875,19237.029375,19307.904375,19265.781140132553,19274.254354418266,19257.30792584684,False,False,False,4277.446939960168
1,2024-09-12 15:58:00+00:00,2024-09-12,2024-09-12 20:00:00+00:00,248289,value_area_bounce,1,16.160000000000373,19242.92,19272.466875,19237.029375,19301.998125,19265.479917801433,19273.559917801434,19257.39991780143,False,False,False,743.7300974743166
1,2024-09-12 16:39:00+00:00,2024-09-12,2024-09-12 20:00:00+00:00,248330,value_area_bounce,-1,10.792142857142348,19277.54,19281.190000000002,19244.629999999997,19284.236666666668,19266.821409259243,19272.217480687814,19261.42533783067,False,False,False,-43.030572511548826
1,2024-09-12 17:18:00+00:00,2024-09-12,2024-09-12 20:00:00+00:00,248369,value_area_bounce,-1,8.750714285713912,19377.42,19365.435833333337,19296.019166666665,19380.310833333337,19273.039713050257,19277.415070193114,19268.6643559074,False,False,False,-262.4952277986426
1,2024-09-12 18:31:00+00:00,2024-09-12,2024-09-12 20:00:00+00:00,248442,value_area_bounce,-1,13.09285714285709,19428.67,19445.304375,19426.150625,19456.249375,19291.68524400068,19298.23167257211,19285.13881542925,False,False,False,-8.027832263461733
1,2024-09-12 18:45:00+00:00,2024-09-12,2024-09-12 20:00:00+00:00,248456,value_area_bounce,-1,8.607142857142858,19445.79,19433.216875,19419.873125,19448.466875,19295.192532287372,19299.496103715945,19290.8889608588,False,False,False,-2618.208923027685
1,2024-09-12 18:58:00+00:00,2024-09-12,2024-09-12 20:00:00+00:00,248469,value_area_bounce,1,23.72357142857124,19428.42,19425.410624999997,19414.941458333335,19456.818124999998,19300.191461902803,19312.05324761709,19288.329676188518,False,False,False,6433.85291718554
1,2024-09-12 19:46:00+00:00,2024-09-12,2024-09-12 20:00:00+00:00,248517,value_area_bounce,1,11.195000000000748,19424.79,19426.888124999998,19424.664375,19435.783125,19310.905386886727,19316.502886886727,19305.307886886727,False,False,False,705.6506143867911
1,2024-09-12 19:58:00+00:00,2024-09-12,2024-09-12 20:00:00+00:00,248529,value_area_bounce,1,16.60357142857148,19423.54,19431.267916666668,19417.862916666665,19440.204583333332,19313.976352641577,19322.27813835586,19305.674566927293,False,False,False,2252.276580391518
1,2024-09-12 19:59:00+00:00,2024-09-12,2024-09-12 20:00:00+00:00,248530,value_area_bounce,1,16.47857142857148,19433.04,19431.267916666668,19417.862916666665,19440.204583333332,19314.614309507175,19322.85359522146,19306.37502379289,False,False,False,7631.533723248661
1,2024-09-13 13:46:00+00:00,2024-09-13,2024-09-13 20:00:00+00:00,249537,value_area_bounce,-1,21.079999999999927,19448.59,19394.971875000003,19382.113125000003,19450.693124999998,19436.53772797677,19447.07772797677,19425.99772797677,False,False,False,-2821.6089666605494
1,2024-09-13 13:52:00+00:00,2024-09-13,2024-09-13 20:00:00+00:00,249543,value_area_bounce,-1,18.83785714285685,19464.84,19459.265625,19416.403125,19467.838125000002,19442.120616052613,19451.53954462404,19432.701687481185,False,False,False,-1309.0952334765038
1,2024-09-13 13:53:00+00:00,2024-09-13,2024-09-13 20:00:00+00:00,249544,value_area_bounce,-1,18.784999999999854,19461.72,19459.265625,19416.403125,19467.838125000002,19442.800333866755,19452.192833866757,19433.407833866753,False,False,False,-2722.005939088918
1,2024-09-13 13:54:00+00:00,2024-09-13,2024-09-13 20:00:00+00:00,249545,value_area_bounce,-1,17.91857142857121,19460.72,19459.265625,19416.403125,19467.838125000002,19443.290324362973,19452.24961007726,19434.33103864869,False,False,False,-390.68778943392704
1,2024-09-13 14:28:00+00:00,2024-09-13,2024-09-13 20:00:00+00:00,249579,value_area_bounce,1,17.741428571428646,19462.84,19460.908750000002,19441.792083333334,19475.24625,19457.023188322175,19465.893902607888,19448.152474036462,False,False,False,1765.0470051502516
1,2024-09-13 14:36:00+00:00,2024-09-13,2024-09-13 20:00:00+00:00,249587,value_area_bounce,1,21.982857142857288,19451.22,19460.287500000002,19440.934166666666,19484.479166666668,19453.7669705859,19464.75839915733,19442.77554201447,False,False,False,12094.213176203004
1,2024-09-13 14:51:00+00:00,2024-09-13,2024-09-13 20:00:00+00:00,249602,value_area_bounce,-1,14.249285714285568,19484.34,19483.016875,19442.766875,19493.079375,19458.143774109183,19465.268416966326,19451.01913125204,False,False,False,-1524.8482176735038
1,2024-09-13 15:23:00+00:00,2024-09-13,2024-09-13 20:00:00+00:00,249634,value_area_bounce,-1,12.66857142857121,19499.09,19507.423333333332,19481.423333333332,19507.423333333332,19465.941719823495,19472.27600553778,19459.60743410921,False,False,False,-578.7803387984757
1,2024-09-13 16:06:00+00:00,2024-09-13,2024-09-13 20:00:00+00:00,249677,value_area_bounce,-1,11.099285714285932,19504.34,19502.709791666668,19500.136875,19518.147291666668,19472.609704245202,19478.159347102344,19467.06006138806,False,False,False,-3428.35585740606
1,2024-09-13 16:10:00+00:00,2024-09-13,2024-09-13 20:00:00+00:00,249681,value_area_bounce,1,12.339285714285714,19503.22,19502.709791666668,19500.136875,19515.574375,19473.11785555617,19479.287498413312,19466.94821269903,False,False,False,1584.6071560209004
1,2024-09-13 16:48:00+00:00,2024-09-13,2024-09-13 20:00:00+00:00,249719,value_area_bounce,1,9.017857142857142,19475.72,19478.99625,19461.80875,19499.62125,19473.983336205038,19478.492264776465,19469.47440763361,False,False,False,1700.1537535724224
1,2024-09-13 19:38:00+00:00,2024-09-13,2024-09-13 20:00:00+00:00,249889,value_area_bounce,-1,8.429285714285859,19501.34,19488.3275,19480.627500000002,19503.7275,19486.172467719585,19490.38711057673,19481.957824862442,False,False,False,-2046.7404789356
1,2024-09-16 13:30:00+00:00,2024-09-16,2024-09-16 20:00:00+00:00,250886,value_area_bounce,-1,8.22285714285733,19395.640000000003,19417.901250000003,19410.17208333334,19423.42208333334,19406.183333333334,19410.294761904763,19402.071904761906,False,False,False,-7061.96556494159
1,2024-09-16 14:02:00+00:00,2024-09-16,2024-09-16 20:00:00+00:00,250918,value_area_bounce,-1,19.61500000000056,19427.02,19404.386875000004,19358.736875000002,19438.624375,19384.162124644765,19393.969624644764,19374.354624644766,False,False,False,-1321.5580803500452
1,2024-09-16 14:50:00+00:00,2024-09-16,2024-09-16 20:00:00+00:00,250966,value_area_bounce,1,20.04285714285652,19357.27,19427.674583333337,19339.588750000003,19448.002083333336,19380.48990099188,19390.51132956331,19370.468472420453,False,False,False,3128.305627425008
1,2024-09-16 15:51:00+00:00,2024-09-16,2024-09-16 20:00:00+00:00,251027,value_area_bounce,1,12.419999999999813,19337.27,19375.77,19326.27,19380.27,19370.71041237565,19376.92041237565,19364.50041237565,False,False,False,3997.929312554049
1,2024-09-16 16:05:00+00:00,2024-09-16,2024-09-16 20:00:00+00:00,251041,value_area_bounce,1,11.794999999999813,19351.390000000003,19378.005625,19346.831875000003,19381.469375,19369.657961117875,19375.555461117874,19363.760461117876,False,False,False,559.2792562004272
1,2024-09-16 16:25:00+00:00,2024-09-16,2024-09-16 20:00:00+00:00,251061,value_area_bounce,1,12.302857142857517,19335.640000000003,19346.70229166667,19332.243958333333,19364.775208333333,19367.399406489974,19373.550835061404,19361.247977918545,False,False,False,1991.9879801581328
1,2024-09-16 17:30:00+00:00,2024-09-16,2024-09-16 20:00:00+00:00,251126,value_area_bounce,-1,11.47214285714342,19374.890000000003,19370.483750000003,19355.108750000003,19375.608750000003,19365.72045204333,19371.4565234719,19359.98438061476,False,False,False,-904.8749133763084
1,2024-09-16 18:30:00+00:00,2024-09-16,2024-09-16 20:00:00+00:00,251186,value_area_bounce,-1,7.229285714285652,19418.390000000003,19413.655000000002,19410.395000000004,19423.435000000005,19369.640171395633,19373.254814252774,19366.025528538492,False,False,False,-757.7891196170758
1,2024-09-16 18:55:00+00:00,2024-09-16,2024-09-16 20:00:00+00:00,251211,value_area_bounce,1,9.154999999999875,19406.52,19420.726875000004,19402.03104166667,19426.335625000003,19371.06721220534,19375.64471220534,19366.48971220534,False,False,False,272.4556396809746
1,2024-09-16 19:02:00+00:00,2024-09-16,2024-09-16 20:00:00+00:00,251218,value_area_bounce,1,9.238571428571179,19423.890000000003,19420.726875000004,19405.770208333335,19424.46604166667,19371.56241884225,19376.181704556537,19366.943133127967,False,False,False,1133.2094317669676
1,2024-09-16 19:05:00+00:00,2024-09-16,2024-09-16 20:00:00+00:00,251221,value_area_bounce,1,10.050714285714223,19418.890000000003,19420.726875000004,19405.770208333335,19424.46604166667,19371.773957864953,19376.79931500781,19366.748600722094,False,False,False,567.0100661889381
1,2024-09-17 13:41:00+00:00,2024-09-17,2024-09-17 20:00:00+00:00,252277,value_area_bounce,1,20.650714285714066,19539.13,19560.307083333333,19536.47375,19572.22375,19547.841138508178,19558.166495651036,19537.51578136532,False,False,False,1035.6332780385853
1,2024-09-17 13:43:00+00:00,2024-09-17,2024-09-17 20:00:00+00:00,252279,value_area_bounce,1,22.480714285713994,19550.63,19536.47375,19536.47375,19560.307083333333,19546.8691937828,19558.10955092566,19535.628836639942,False,False,False,612.2914487847602
1,2024-09-17 13:45:00+00:00,2024-09-17,2024-09-17 20:00:00+00:00,252281,value_area_bounce,-1,21.382142857142494,19546.63,19536.47375,19536.47375,19560.307083333333,19547.00695630372,19557.69802773229,19536.315884875152,False,False,False,-815.974746140942
1,2024-09-17 13:46:00+00:00,2024-09-17,2024-09-17 20:00:00+00:00,252282,value_area_bounce,1,21.149999999999636,19551.88,19536.47375,19536.47375,19560.307083333333,19547.054437351937,19557.629437351938,19536.479437351936,False,False,False,1430.2326205661045
1,2024-09-17 13:48:00+00:00,2024-09-17,2024-09-17 20:00:00+00:00,252284,value_area_bounce,-1,19.802142857142567,19539.5,19536.47375,19536.47375,19560.307083333333,19547.266434494377,19557.16750592295,19537.365363065805,False,False,False,-2890.988270128846
1,2024-09-17 15:02:00+00:00,2024-09-17,2024-09-17 20:00:00+00:00,252358,value_area_bounce,1,15.599285714285932,19541.63,19557.416666666664,19531.416666666664,19574.75,19542.0012526817,19549.800895538843,19534.20160982456,False,False,False,5740.987629302482
1,2024-09-17 16:04:00+00:00,2024-09-17,2024-09-17 20:00:00+00:00,252420,value_area_bounce,-1,9.810000000000011,19522.13,19517.962291666667,19511.743125,19536.619791666668,19539.20811059385,19544.113110593848,19534.30311059385,False,False,False,-1092.2320185083213
1,2024-09-17 16:31:00+00:00,2024-09-17,2024-09-17 20:00:00+00:00,252447,value_area_bounce,1,21.937857142857215,19445.13,19526.576041666667,19444.401875,19538.315208333333,19529.014059778307,19539.982988349737,19518.045131206876,False,False,False,4488.383225832721
1,2024-09-17 16:53:00+00:00,2024-09-17,2024-09-17 20:00:00+00:00,252469,value_area_bounce,1,19.133571428571354,19396.25,19436.838750000003,19382.699583333335,19475.509583333333,19515.770222985284,19525.33700869957,19506.203437270997,False,False,False,3368.9687598722553
1,2024-09-17 17:00:00+00:00,2024-09-17,2024-09-17 20:00:00+00:00,252476,value_area_bounce,1,21.553571428571427,19401.050000000003,19439.93729166667,19392.725208333333,19453.426458333335,19511.78883006181,19522.565615776097,19501.012044347524,False,False,False,1864.266200880982
1,2024-09-17 18:28:00+00:00,2024-09-17,2024-09-17 20:00:00+00:00,252564,value_area_bounce,1,12.045714285714505,19420.63,19427.39041666667,19401.01541666667,19431.78625,19488.53884434391,19494.561701486768,19482.515987201055,False,False,False,1800.7339837448267
1,2024-09-17 18:31:00+00:00,2024-09-17,2024-09-17 20:00:00+00:00,252567,value_area_bounce,1,12.697857142857433,19407.13,19427.39041666667,19401.01541666667,19431.78625,19487.913340184947,19494.262268756374,19481.56441161352,False,False,False,1973.2747476341976
1,2024-09-17 18:41:00+00:00,2024-09-17,2024-09-17 20:00:00+00:00,252577,value_area_bounce,1,10.741428571428644,19418.38,19417.416458333333,19414.06229166667,19427.478958333333,19486.683464302656,19492.05417858837,19481.312750016943,False,False,False,1135.4302406908068
1,2024-09-17 19:41:00+00:00,2024-09-17,2024-09-17 20:00:00+00:00,252637,value_area_bounce,1,11.508571428571356,19395.88,19406.640625,19390.671875,19413.484375,19476.83631510092,19482.59060081521,19471.082029386635,False,False,False,378.68674850763443
1,2024-09-17 19:47:00+00:00,2024-09-17,2024-09-17 20:00:00+00:00,252643,value_area_bounce,1,11.572142857143003,19400.75,19397.807500000003,19393.964166666665,19411.259166666667,19476.032781894795,19481.818853323366,19470.246710466225,False,False,False,472.7920191546373
1,2024-09-17 19:48:00+00:00,2024-09-17,2024-09-17 20:00:00+00:00,252644,value_area_bounce,1,11.322142857143003,19409.38,19397.807500000003,19395.885833333334,19411.259166666667,19475.912915180994,19481.573986609565,19470.251843752423,False,False,False,2462.998114945639
1,2024-09-18 13:50:00+00:00,2024-09-18,2024-09-18 20:00:00+00:00,253666,value_area_bounce,1,17.932857142856978,19455.4,19444.942916666667,19428.287916666668,19475.477083333335,19456.403106334365,19465.369534905793,19447.436677762937,False,False,False,564.2077945791966
1,2024-09-18 14:10:00+00:00,2024-09-18,2024-09-18 20:00:00+00:00,253686,value_area_bounce,1,15.795000000000073,19444.15,19454.780625,19443.302291666667,19466.258958333336,19456.631267723315,19464.528767723314,19448.733767723315,False,False,False,1823.8029388992747
1,2024-09-18 14:14:00+00:00,2024-09-18,2024-09-18 20:00:00+00:00,253690,value_area_bounce,1,19.72285714285707,19446.15,19455.23875,19440.65541666667,19466.17625,19454.174415408208,19464.035843979636,19444.31298683678,False,False,False,3418.40382902024
1,2024-09-18 14:31:00+00:00,2024-09-18,2024-09-18 20:00:00+00:00,253707,value_area_bounce,1,14.295714285714505,19449.52,19456.245000000003,19439.025,19464.855000000003,19449.199014459078,19456.346871601934,19442.051157316222,False,False,False,6272.991661008698
1,2024-09-18 16:00:00+00:00,2024-09-18,2024-09-18 20:00:00+00:00,253796,value_area_bounce,1,10.356428571428426,19361.77,19360.639583333337,19352.93125,19410.74375,19438.197147939754,19443.37536222547,19433.01893365404,False,False,False,748.1655551745528
1,2024-09-18 17:12:00+00:00,2024-09-18,2024-09-18 20:00:00+00:00,253868,value_area_bounce,-1,6.752142857143293,19453.4,19426.164583333335,19410.569583333334,19457.354583333334,19434.57877940963,19437.9548508382,19431.202707981058,False,False,False,-1331.111759174462
1,2024-09-18 17:25:00+00:00,2024-09-18,2024-09-18 20:00:00+00:00,253881,value_area_bounce,1,8.41928571428564,19447.77,19460.51625,19435.774583333336,19467.93875,19434.951931421296,19439.161574278438,19430.742288564154,False,False,False,210.3904876117681
1,2024-09-18 17:43:00+00:00,2024-09-18,2024-09-18 20:00:00+00:00,253899,value_area_bounce,1,11.51071428571465,19454.02,19459.722916666666,19443.24375,19462.077083333337,19436.272526144992,19442.02788328785,19430.517169002134,False,False,False,638.3078568637502
1,2024-09-18 17:49:00+00:00,2024-09-18,2024-09-18 20:00:00+00:00,253905,value_area_bounce,-1,12.447142857143003,19451.52,19457.36875,19440.889583333337,19459.722916666666,19436.604821186324,19442.828392614894,19430.381249757753,False,False,False,-2381.8568717777334
1,2024-09-18 17:51:00+00:00,2024-09-18,2024-09-18 20:00:00+00:00,253907,value_area_bounce,1,10.589285714285714,19452.02,19457.36875,19443.24375,19459.722916666666,19436.698486911915,19441.993129769056,19431.403844054774,False,False,False,220.2678219859165
1,2024-09-18 17:52:00+00:00,2024-09-18,2024-09-18 20:00:00+00:00,253908,value_area_bounce,1,11.034999999999854,19446.52,19457.36875,19445.597916666666,19459.722916666666,19436.72778678617,19442.245286786172,19431.21028678617,False,False,False,1275.2849953360794
1,2024-09-18 18:00:00+00:00,2024-09-18,2024-09-18 20:00:00+00:00,253916,value_area_bounce,1,26.172142857143108,19604.32,19445.597916666666,19443.24375,19457.36875,19437.609649784248,19450.695721212818,19424.52357835568,False,False,True,2459.9229590508353
1,2024-09-18 18:11:00+00:00,2024-09-18,2024-09-18 20:00:00+00:00,253927,value_area_bounce,-1,53.327142857143244,19495.07,19444.810625,19401.485625,19542.291875000003,19444.893991966583,19471.557563395156,19418.23042053801,False,False,False,-2883.9281951082958
1,2024-09-18 18:46:00+00:00,2024-09-18,2024-09-18 20:00:00+00:00,253962,value_area_bounce,1,43.468571428571785,19554.57,19542.291875000003,19509.798125,19596.448125000003,19455.176432778157,19476.910718492443,19433.44214706387,False,False,False,487.3437264149302
1,2024-09-18 18:55:00+00:00,2024-09-18,2024-09-18 20:00:00+00:00,253971,value_area_bounce,1,36.43642857142887,19560.32,19543.995000000003,19528.228333333333,19583.411666666667,19457.45052468785,19475.668738973563,19439.232310402138,False,False,False,2009.5034900298035
1,2024-09-18 19:13:00+00:00,2024-09-18,2024-09-18 20:00:00+00:00,253989,value_area_bounce,1,40.71071428571434,19457.32,19563.932500000003,19426.832499999997,19586.7825,19456.082106700516,19476.437463843373,19435.72674955766,False,False,False,2878.1265089437934
1,2024-09-18 19:21:00+00:00,2024-09-18,2024-09-18 20:00:00+00:00,253997,value_area_bounce,1,38.175000000000054,19423.57,19426.832499999997,19358.2825,19541.0825,19455.671416897912,19474.758916897914,19436.58391689791,False,False,False,1919.8777244765506
1,2024-09-19 13:32:00+00:00,2024-09-19,2024-09-19 20:00:00+00:00,255028,value_area_bounce,-1,10.027857142857881,19791.07,19792.43875,19759.93041666667,19798.940416666668,19796.38371207061,19801.397640642037,19791.36978349918,False,False,False,-6709.795987701242
1,2024-09-19 13:34:00+00:00,2024-09-19,2024-09-19 20:00:00+00:00,255030,value_area_bounce,-1,12.143571428571834,19781.07,19792.43875,19769.68291666667,19798.940416666668,19794.45884112831,19800.530626842596,19788.387055414027,False,False,False,-8899.356037493173
1,2024-09-19 13:46:00+00:00,2024-09-19,2024-09-19 20:00:00+00:00,255042,value_area_bounce,-1,19.947142857143003,19779.45,19793.640208333334,19778.511875000004,19812.550625,19794.51697758022,19804.49054900879,19784.54340615165,False,False,False,-3706.3321824796426
1,2024-09-19 13:55:00+00:00,2024-09-19,2024-09-19 20:00:00+00:00,255051,value_area_bounce,1,22.970714285714298,19776.95,19791.231458333335,19768.679375,19804.762708333335,19782.250798034776,19793.736155177634,19770.76544089192,False,False,False,5535.85600507553
1,2024-09-19 14:10:00+00:00,2024-09-19,2024-09-19 20:00:00+00:00,255066,value_area_bounce,1,18.475714285712975,19790.45,19791.231458333335,19768.679375,19804.762708333335,19781.393359384787,19790.631216527643,19772.15550224193,False,False,False,1289.6232443865613
1,2024-09-19 14:57:00+00:00,2024-09-19,2024-09-19 20:00:00+00:00,255113,value_area_bounce,1,17.660714285714285,19835.95,19843.356458333335,19830.710625,19893.939791666664,19815.664884078302,19824.49524122116,19806.834526935443,False,False,False,212.34462779008913
1,2024-09-19 15:01:00+00:00,2024-09-19,2024-09-19 20:00:00+00:00,255117,value_area_bounce,1,16.1514285714285,19824.57,19835.41375,19824.28875,19885.47625,19815.904573175903,19823.980287461618,19807.82885889019,False,False,False,486.4776113508228
1,2024-09-19 16:12:00+00:00,2024-09-19,2024-09-19 20:00:00+00:00,255188,value_area_bounce,1,10.395714285712009,19885.57,19891.596875000003,19880.208541666667,19908.679375,19833.333238013107,19838.531095155962,19828.13538087025,False,False,False,455.79924131342614
1,2024-09-19 16:15:00+00:00,2024-09-19,2024-09-19 20:00:00+00:00,255191,value_area_bounce,1,10.139285714284208,19885.7,19891.596875000003,19880.208541666667,19902.985208333335,19833.78794197229,19838.85758482943,19828.718299115146,False,False,False,1103.1296167158052
1,2024-09-19 17:03:00+00:00,2024-09-19,2024-09-19 20:00:00+00:00,255239,value_area_bounce,1,9.420000000000073,19917.45,19919.648125,19909.273125,19927.429375,19842.804776401623,19847.514776401622,19838.094776401624,False,False,False,731.1882819013484
1,2024-09-19 17:15:00+00:00,2024-09-19,2024-09-19 20:00:00+00:00,255251,value_area_bounce,1,9.751428571428862,19914.45,19918.970208333332,19913.158541666668,19927.68770833333,19844.622449954782,19849.498164240496,19839.74673566907,False,False,False,780.448809523842
1,2024-09-19 17:16:00+00:00,2024-09-19,2024-09-19 20:00:00+00:00,255252,value_area_bounce,1,10.045714285714505,19924.45,19918.970208333332,19913.158541666668,19927.68770833333,19844.810484901966,19849.83334204482,19839.78762775911,False,False,False,1493.2668487396982
1,2024-09-19 18:07:00+00:00,2024-09-19,2024-09-19 20:00:00+00:00,255303,value_area_bounce,-1,8.232857142857288,19940.45,19925.64875,19907.10875,19948.82375,19853.13454014408,19857.25096871551,19849.018111572652,False,False,False,-1.5689091541937614
1,2024-09-19 18:26:00+00:00,2024-09-19,2024-09-19 20:00:00+00:00,255322,value_area_bounce,1,13.910714285714286,19902.57,19949.083749999998,19899.13875,19959.786249999997,19856.246610777096,19863.201967919955,19849.291253634237,False,False,False,1359.1326387066365
1,2024-09-19 18:28:00+00:00,2024-09-19,2024-09-19 20:00:00+00:00,255324,value_area_bounce,1,13.821428571428571,19911.82,19949.083749999998,19899.13875,19959.786249999997,19856.498847460316,19863.40956174603,19849.588133174602,False,False,False,1644.5911747699097
1,2024-09-19 18:51:00+00:00,2024-09-19,2024-09-19 20:00:00+00:00,255347,value_area_bounce,1,11.590714285714578,19885.32,19898.664791666666,19884.686458333334,19912.643125,19858.606769762097,19864.402126904955,19852.811412619238,False,False,False,1455.2538344348677
1,2024-09-19 18:52:00+00:00,2024-09-19,2024-09-19 20:00:00+00:00,255348,value_area_bounce,1,11.420714285714505,19887.95,19898.065416666665,19886.112916666665,19910.017916666668,19858.687032940456,19864.39739008331,19852.9766757976,False,False,False,2866.3291567735528
1,2024-09-19 19:33:00+00:00,2024-09-19,2024-09-19 20:00:00+00:00,255389,value_area_bounce,1,13.545714285712425,19864.2,19887.03875,19852.997083333335,19890.442916666667,19859.70176523409,19866.474622376947,19852.928908091235,False,False,False,846.8653351185565
1,2024-09-19 19:34:00+00:00,2024-09-19,2024-09-19 20:00:00+00:00,255390,value_area_bounce,1,12.617142857140996,19865.120000000003,19887.03875,19856.401250000003,19890.442916666667,19859.710824894923,19866.019396323492,19853.402253466353,False,False,False,890.4422449463057
1,2024-09-19 19:43:00+00:00,2024-09-19,2024-09-19 20:00:00+00:00,255399,value_area_bounce,1,13.114999999997442,19874.57,19889.20333333334,19859.20333333334,19892.536666666667,19859.952461882436,19866.509961882435,19853.394961882437,False,False,False,1604.9040873133822
1,2024-09-19 19:57:00+00:00,2024-09-19,2024-09-19 20:00:00+00:00,255413,value_area_bounce,1,17.15714285714161,19837.120000000003,19841.72104166667,19823.85854166667,19871.491875,19859.67703134026,19868.25560276883,19851.09845991169,False,False,False,944.5219648835986
1,2024-09-20 13:33:00+00:00,2024-09-20,2024-09-20 20:00:00+00:00,256408,value_area_bounce,1,13.867142857143076,19845.5,19845.188541666666,19831.953125,19871.659375000003,19848.06026227369,19854.99383370226,19841.12669084512,False,False,False,2440.909393199482
1,2024-09-20 13:39:00+00:00,2024-09-20,2024-09-20 20:00:00+00:00,256414,value_area_bounce,-1,19.0542857142856,19853.38,19842.68125,19813.556249999998,19857.24375,19856.094086289155,19865.621229146298,19846.56694343201,False,False,False,-2959.435197897649
1,2024-09-20 13:44:00+00:00,2024-09-20,2024-09-20 20:00:00+00:00,256419,value_area_bounce,-1,21.416428571428437,19845.13,19857.24375,19842.68125,19865.98125,19854.056478261697,19864.76469254741,19843.348263975982,False,False,False,-1849.9574484739596
1,2024-09-20 13:45:00+00:00,2024-09-20,2024-09-20 20:00:00+00:00,256420,value_area_bounce,1,20.393571428571573,19849.63,19857.24375,19842.68125,19865.98125,19853.6553895634,19863.852175277683,19843.458603849114,False,False,False,3620.477831029785
1,2024-09-20 13:47:00+00:00,2024-09-20,2024-09-20 20:00:00+00:00,256422,value_area_bounce,1,18.732857142857288,19858.63,19857.24375,19842.68125,19865.98125,19853.459462762585,19862.825891334014,19844.093034191155,False,False,False,4330.561751168906
1,2024-09-20 13:48:00+00:00,2024-09-20,2024-09-20 20:00:00+00:00,256423,value_area_bounce,-1,18.91142857142872,19843.75,19857.24375,19842.68125,19865.98125,19853.315100099808,19862.770814385523,19843.859385814092,False,False,False,-1956.0910886180968
1,2024-09-20 13:51:00+00:00,2024-09-20,2024-09-20 20:00:00+00:00,256426,value_area_bounce,-1,20.339285714285715,19850.25,19851.418749999997,19836.856249999997,19857.24375,19853.121101134995,19863.290743992136,19842.951458277854,False,False,False,-163.78727119964333
1,2024-09-20 14:00:00+00:00,2024-09-20,2024-09-20 20:00:00+00:00,256435,opening_range_breakout,-1,20.15357142857179,19786.88,19857.457083333335,19831.02625,19857.457083333335,19845.890750778337,19855.967536492622,19835.81396506405,False,False,False,-7918.556770884879
1,2024-09-20 14:48:00+00:00,2024-09-20,2024-09-20 20:00:00+00:00,256483,value_area_bounce,1,13.142857142857142,19781.63,19785.91125,19768.84875,19802.97375,19821.1095593447,19827.680987916126,19814.53813077327,False,False,False,2057.101828324042
1,2024-09-20 17:02:00+00:00,2024-09-20,2024-09-20 20:00:00+00:00,256617,value_area_bounce,-1,8.134285714285786,19814.38,19820.697916666664,19804.21875,19830.114583333336,19792.550264208723,19796.617407065867,19788.48312135158,False,False,False,-881.7507621387999
1,2024-09-20 17:13:00+00:00,2024-09-20,2024-09-20 20:00:00+00:00,256628,value_area_bounce,1,10.78285714285708,19814.5,19819.431875000002,19806.808541666665,19821.009791666667,19793.000900614443,19798.39232918587,19787.609472043016,False,False,False,896.7065061488607
1,2024-09-20 17:30:00+00:00,2024-09-20,2024-09-20 20:00:00+00:00,256645,value_area_bounce,1,9.942142857142503,19812.88,19818.14,19806.86,19825.66,19793.568196976717,19798.53926840529,19788.597125548145,False,False,False,846.2909719458846
1,2024-09-20 18:12:00+00:00,2024-09-20,2024-09-20 20:00:00+00:00,256687,value_area_bounce,1,14.012857142856644,19767.63,19808.41125,19762.66125,19812.22375,19792.997359203826,19800.003787775255,19785.990930632397,False,False,False,1935.6949422614612
1,2024-09-20 18:35:00+00:00,2024-09-20,2024-09-20 20:00:00+00:00,256710,value_area_bounce,1,10.125714285714432,19747.0,19761.355000000003,19745.705,19767.614999999998,19791.214075978263,19796.27693312112,19786.151218835406,False,False,False,1795.3484463887366
1,2024-09-20 18:38:00+00:00,2024-09-20,2024-09-20 20:00:00+00:00,256713,value_area_bounce,1,10.025714285714068,19749.0,19766.922291666666,19745.522708333334,19766.922291666666,19790.928435580514,19795.94129272337,19785.915578437656,False,False,False,530.066136276422
1,2024-09-20 18:47:00+00:00,2024-09-20,2024-09-20 20:00:00+00:00,256722,value_area_bounce,-1,9.52714285714293,19754.63,19754.886250000003,19743.949583333335,19763.088750000003,19790.264279738843,19795.027851167415,19785.500708310272,False,False,False,-556.141323832113
1,2024-09-20 19:26:00+00:00,2024-09-20,2024-09-20 20:00:00+00:00,256761,value_area_bounce,-1,11.865714285714214,19824.38,19800.1925,19756.3175,19824.5675,19791.2335203024,19797.166377445257,19785.300663159545,False,False,False,-360.18796564908195
1,2024-09-23 13:30:00+00:00,2024-09-23,2024-09-23 20:00:00+00:00,257770,value_area_bounce,1,7.086428571428249,19887.33,19875.129166666666,19871.4525,19893.5125,19883.093333333334,19886.636547619048,19879.55011904762,False,False,False,4207.084593683348
1,2024-09-23 13:47:00+00:00,2024-09-23,2024-09-23 20:00:00+00:00,257787,value_area_bounce,1,18.55857142857141,19875.33,19861.601875,19850.52354166667,19875.44979166667,19865.699312645593,19874.978598359878,19856.420026931308,False,False,False,744.0388052191311
1,2024-09-23 13:59:00+00:00,2024-09-23,2024-09-23 20:00:00+00:00,257799,value_area_bounce,-1,21.641428571428282,19875.2,19863.79875,19854.61125,19888.29875,19874.98535715043,19885.806071436145,19864.16464286472,False,False,False,-3680.5305970875625
1,2024-09-23 14:00:00+00:00,2024-09-23,2024-09-23 20:00:00+00:00,257800,value_area_bounce,1,21.855714285713994,19881.08,19863.79875,19854.61125,19888.29875,19874.84827850224,19885.776135645097,19863.92042135938,False,False,False,2309.494847318091
1,2024-09-23 14:10:00+00:00,2024-09-23,2024-09-23 20:00:00+00:00,257810,value_area_bounce,-1,17.899999999999636,19879.83,19888.29875,19863.79875,19900.54875,19878.47012682369,19887.42012682369,19869.52012682369,False,False,False,-280.7349942195799
1,2024-09-23 14:15:00+00:00,2024-09-23,2024-09-23 20:00:00+00:00,257815,value_area_bounce,1,18.204999999999927,19871.08,19888.29875,19863.79875,19900.54875,19878.71104540913,19887.81354540913,19869.60854540913,False,False,False,1317.1593277254588
1,2024-09-23 14:20:00+00:00,2024-09-23,2024-09-23 20:00:00+00:00,257820,value_area_bounce,-1,19.920000000000073,19887.33,19888.29875,19866.86125,19900.54875,19879.09959104689,19889.059591046887,19869.13959104689,False,False,False,-365.9095765649854
1,2024-09-23 14:34:00+00:00,2024-09-23,2024-09-23 20:00:00+00:00,257834,value_area_bounce,1,14.507857142856924,19896.2,19888.434375,19881.871875,19904.840625,19883.854514226306,19891.108442797737,19876.600585654876,False,False,False,1647.8425418398742
1,2024-09-23 14:36:00+00:00,2024-09-23,2024-09-23 20:00:00+00:00,257836,value_area_bounce,1,15.272857142857122,19897.95,19888.434375,19881.871875,19904.840625,19884.034961891582,19891.671390463012,19876.398533320153,False,False,False,2729.8812745131077
1,2024-09-23 14:42:00+00:00,2024-09-23,2024-09-23 20:00:00+00:00,257842,value_area_bounce,1,15.112142857142837,19895.45,19889.80416666667,19883.460833333334,19905.6625,19884.100989062405,19891.657060490976,19876.544917633833,False,False,False,3413.2400740816847
1,2024-09-23 14:56:00+00:00,2024-09-23,2024-09-23 20:00:00+00:00,257856,value_area_bounce,-1,13.85857142857172,19896.7,19891.1475,19884.490833333337,19911.1175,19887.754885070164,19894.68417078445,19880.825599355878,False,False,False,-1545.398929851728
1,2024-09-23 16:34:00+00:00,2024-09-23,2024-09-23 20:00:00+00:00,257954,value_area_bounce,1,9.713571428571283,19883.08,19911.503125000003,19875.615625,19929.446875,19889.05928718911,19893.916072903394,19884.202501474825,False,False,False,1197.2019954832276
1,2024-09-23 17:36:00+00:00,2024-09-23,2024-09-23 20:00:00+00:00,258016,value_area_bounce,-1,9.470000000000125,19850.45,19852.632083333334,19836.75875,19852.632083333334,19883.41670093646,19888.15170093646,19878.68170093646,False,False,False,-434.8558987466763
1,2024-09-23 19:12:00+00:00,2024-09-23,2024-09-23 20:00:00+00:00,258112,value_area_bounce,1,6.186428571428353,19878.2,19879.2725,19875.5375,19885.4975,19882.725348877313,19885.818563163026,19879.6321345916,False,False,False,330.63312681156026
1,2024-09-23 19:20:00+00:00,2024-09-23,2024-09-23 20:00:00+00:00,258120,value_area_bounce,-1,7.115714285714213,19882.95,19883.116875,19874.474791666667,19885.58604166667,19882.66999906413,19886.227856206984,19879.112141921272,False,False,False,-544.1078061284147
1,2024-09-23 19:41:00+00:00,2024-09-23,2024-09-23 20:00:00+00:00,258141,value_area_bounce,-1,7.169285714285642,19885.2,19883.116875,19878.178541666668,19889.28979166667,19882.738649171926,19886.32329202907,19879.154006314784,False,False,False,-203.67785121805048
1,2024-09-23 19:48:00+00:00,2024-09-23,2024-09-23 20:00:00+00:00,258148,value_area_bounce,1,8.107142857142858,19888.2,19883.116458333338,19877.658125,19888.574791666666,19882.648433457583,19886.702004886156,19878.59486202901,False,False,False,2543.385877912141
1,2024-09-23 19:52:00+00:00,2024-09-23,2024-09-23 20:00:00+00:00,258152,value_area_bounce,-1,8.982142857142858,19883.7,19883.116458333338,19877.658125,19888.574791666666,19882.68052961917,19887.171601047743,19878.189458190598,False,False,False,-938.8267887958675
1,2024-09-23 19:56:00+00:00,2024-09-23,2024-09-23 20:00:00+00:00,258156,value_area_bounce,1,9.589285714285714,19886.08,19882.965416666666,19878.902916666666,19888.382083333338,19882.67134022098,19887.46598307812,19877.876697363838,False,False,False,1073.762803680547
1,2024-09-23 19:59:00+00:00,2024-09-23,2024-09-23 20:00:00+00:00,258159,value_area_bounce,-1,9.670000000000073,19885.83,19885.67375,19878.902916666666,19888.382083333338,19882.731875358364,19887.566875358363,19877.896875358365,False,False,False,-1453.7170505564409
1,2024-09-24 13:31:00+00:00,2024-09-24,2024-09-24 20:00:00+00:00,259151,value_area_bounce,-1,8.356428571428946,19934.4,19953.66875,19931.206250000003,19953.66875,19947.436407864734,19951.61462215045,19943.25819357902,False,False,False,-4325.008106310793
1,2024-09-24 13:37:00+00:00,2024-09-24,2024-09-24 20:00:00+00:00,259157,value_area_bounce,1,14.017857142857663,19935.28,19941.550625,19923.760625,19950.445625,19933.684063972156,19940.692992543583,19926.67513540073,False,False,False,551.4741694924928
1,2024-09-24 13:39:00+00:00,2024-09-24,2024-09-24 20:00:00+00:00,259159,value_area_bounce,-1,15.017857142857663,19930.53,19930.431875000002,19912.641875,19941.550625,19933.54723079337,19941.056159364798,19926.038302221943,False,False,False,-2958.9402211070974
1,2024-09-24 13:51:00+00:00,2024-09-24,2024-09-24 20:00:00+00:00,259171,value_area_bounce,1,14.393571428571054,19927.78,19930.759375,19915.915625,19939.665625,19928.087705535414,19935.2844912497,19920.89091982113,False,False,False,2174.7928992405577
1,2024-09-24 14:00:00+00:00,2024-09-24,2024-09-24 20:00:00+00:00,259180,opening_range_breakout,-1,15.97285714285733,19850.53,19930.759375,19909.978125,19933.728125,19921.5125319534,19929.49896052483,19913.526103381973,False,False,False,-7062.80689007513
1,2024-09-24 14:42:00+00:00,2024-09-24,2024-09-24 20:00:00+00:00,259222,value_area_bounce,1,18.811428571429133,19791.15,19809.791666666664,19788.901666666665,19837.645,19856.39855762801,19865.804271913723,19846.992843342297,False,False,False,277.8596173147321
1,2024-09-24 16:07:00+00:00,2024-09-24,2024-09-24 20:00:00+00:00,259307,value_area_bounce,-1,10.509285714285527,20009.65,20019.009375,19935.248958333337,20019.009375,19883.87981715958,19889.134460016725,19878.625174302437,False,False,False,-1951.035162850486
1,2024-09-24 16:30:00+00:00,2024-09-24,2024-09-24 20:00:00+00:00,259330,value_area_bounce,1,10.160714285714286,20005.9,20017.064583333333,19994.659583333334,20020.79875,19893.335610371392,19898.41596751425,19888.255253228534,False,False,False,2532.374086085836
1,2024-09-24 17:23:00+00:00,2024-09-24,2024-09-24 20:00:00+00:00,259383,value_area_bounce,1,8.59785714285733,19984.65,20007.40625,19984.38875,20009.96375,19906.230463858967,19910.529392430395,19901.93153528754,False,False,False,455.17210654737886
1,2024-09-24 17:53:00+00:00,2024-09-24,2024-09-24 20:00:00+00:00,259413,value_area_bounce,1,7.785714285714286,19990.9,19990.113541666666,19982.331041666668,19994.004791666666,19911.392433442004,19915.285290584863,19907.499576299146,False,False,False,972.084195892859
1,2024-09-24 18:02:00+00:00,2024-09-24,2024-09-24 20:00:00+00:00,259422,value_area_bounce,1,8.044999999999813,19982.65,19990.681041666663,19981.618541666663,19993.701875,19912.710931947073,19916.733431947072,19908.688431947074,False,False,False,68.71919814701346
1,2024-09-24 18:50:00+00:00,2024-09-24,2024-09-24 20:00:00+00:00,259470,value_area_bounce,1,8.14214285714323,19959.15,19963.670833333337,19952.504166666666,19980.420833333337,19917.34147604856,19921.41254747713,19913.27040461999,False,False,False,801.6606285332774
1,2024-09-24 18:59:00+00:00,2024-09-24,2024-09-24 20:00:00+00:00,259479,value_area_bounce,1,7.90214285714267,19959.15,19961.821875,19954.290625,19969.353125,19917.95481797369,19921.90588940226,19914.003746545117,False,False,False,647.3782993162245
1,2024-09-24 19:35:00+00:00,2024-09-24,2024-09-24 20:00:00+00:00,259515,value_area_bounce,1,6.8757142857139115,19960.15,19965.196666666663,19958.196666666663,19966.363333333335,19920.322344528697,19923.760201671554,19916.88448738584,False,False,False,785.7308900019314
1,2024-09-24 19:37:00+00:00,2024-09-24,2024-09-24 20:00:00+00:00,259517,value_area_bounce,1,6.911428571428197,19965.65,19965.196666666663,19959.363333333335,19966.363333333335,19920.464054697968,19923.919768983684,19917.008340412252,False,False,False,1179.4284990932986
1,2024-09-24 19:54:00+00:00,2024-09-24,2024-09-24 20:00:00+00:00,259534,value_area_bounce,-1,8.785714285714286,19960.15,19979.196875,19961.998958333337,19979.196875,19922.23074329143,19926.62360043429,19917.837886148573,False,False,False,-330.658335904526
1,2024-09-24 19:55:00+00:00,2024-09-24,2024-09-24 20:00:00+00:00,259535,value_area_bounce,1,8.955714285714098,19964.15,19979.196875,19963.321875,19979.196875,19922.421028057943,19926.8988852008,19917.943170915085,False,False,False,3671.182505963424
1,2024-09-24 19:59:00+00:00,2024-09-24,2024-09-24 20:00:00+00:00,259539,value_area_bounce,1,10.312857142856956,19981.53,19978.728125,19961.603125,19978.728125,19923.28566783914,19928.442096410567,19918.129239267713,False,False,False,6632.651824806328
1,2024-09-25 13:30:00+00:00,2024-09-25,2024-09-25 20:00:00+00:00,260530,value_area_bounce,1,6.062857142857216,19974.97,19958.216875,19956.554375,19962.373125,19969.14,19972.17142857143,19966.10857142857,False,False,False,3585.8680407404145
1,2024-09-25 13:41:00+00:00,2024-09-25,2024-09-25 20:00:00+00:00,260541,value_area_bounce,-1,14.660714285714286,19976.97,20001.56875,19959.38125,20001.56875,19992.027375677615,19999.357732820474,19984.697018534756,False,False,False,-4922.360102441481
1,2024-09-25 13:51:00+00:00,2024-09-25,2024-09-25 20:00:00+00:00,260551,value_area_bounce,-1,14.997142857142535,19994.47,19967.81875,19953.75625,20001.56875,19991.34599817161,19998.844569600184,19983.84742674304,False,False,False,-2840.671916343101
1,2024-09-25 14:26:00+00:00,2024-09-25,2024-09-25 20:00:00+00:00,260586,value_area_bounce,-1,11.196428571428571,20042.72,20003.433541666665,19961.350208333337,20061.298125,20021.993064339484,20027.591278625197,20016.39485005377,False,False,False,-4125.369129885403
1,2024-09-25 14:29:00+00:00,2024-09-25,2024-09-25 20:00:00+00:00,260589,value_area_bounce,-1,12.52785714285658,20041.22,19998.173125,19961.350208333337,20061.298125,20023.56954394746,20029.833472518887,20017.30561537603,False,False,False,-3016.9858259701787
1,2024-09-25 14:44:00+00:00,2024-09-25,2024-09-25 20:00:00+00:00,260604,value_area_bounce,1,11.704285714286275,20045.35,20050.683125,20044.152291666665,20070.275625000002,20028.034916758137,20033.88705961528,20022.182773900993,False,False,False,67.2807837074779
1,2024-09-25 14:46:00+00:00,2024-09-25,2024-09-25 20:00:00+00:00,260606,value_area_bounce,1,11.79357142857199,20046.72,20050.709583333337,20044.75125,20068.584583333337,20028.348311260135,20034.24509697442,20022.45152554585,False,False,False,374.5343283128177
1,2024-09-25 15:17:00+00:00,2024-09-25,2024-09-25 20:00:00+00:00,260637,value_area_bounce,1,11.694285714286837,20034.97,20042.303125,20033.678125,20050.928125,20030.841143799193,20036.688286656336,20024.99400094205,False,False,False,202.44200360741047
1,2024-09-25 15:44:00+00:00,2024-09-25,2024-09-25 20:00:00+00:00,260664,value_area_bounce,1,10.21285714285789,20030.97,20041.141875,20028.204375,20047.610625,20030.937728183795,20036.044156755223,20025.831299612368,False,False,False,496.6406645563326
1,2024-09-25 15:59:00+00:00,2024-09-25,2024-09-25 20:00:00+00:00,260679,value_area_bounce,1,11.054999999999252,20020.72,20030.595,20014.095,20041.595,20029.384863175896,20034.912363175896,20023.857363175895,False,False,False,4370.642717499461
1,2024-09-25 17:07:00+00:00,2024-09-25,2024-09-25 20:00:00+00:00,260747,value_area_bounce,1,12.224285714285154,19998.72,20011.551875,19994.808125,20021.598125,20023.76676959394,20029.878912451084,20017.6546267368,False,False,False,1074.9150075707666
1,2024-09-25 17:36:00+00:00,2024-09-25,2024-09-25 20:00:00+00:00,260776,value_area_bounce,1,10.775714285714846,19982.72,19986.021875,19980.626041666663,19999.511458333334,20020.394776608213,20025.78263375107,20015.006919465355,False,False,False,1219.8914383383112
1,2024-09-25 17:37:00+00:00,2024-09-25,2024-09-25 20:00:00+00:00,260777,value_area_bounce,1,11.07071428571466,19991.72,19980.626041666663,19980.626041666663,19999.511458333334,20020.277891576443,20025.8132487193,20014.742534433586,False,False,False,2429.8111245372174
1,2024-09-25 17:50:00+00:00,2024-09-25,2024-09-25 20:00:00+00:00,260790,value_area_bounce,1,9.589999999999625,19976.97,19980.115625,19971.073958333334,19991.417708333334,20018.392499702324,20023.187499702322,20013.597499702326,False,False,False,2748.0293984897025
1,2024-09-25 17:51:00+00:00,2024-09-25,2024-09-25 20:00:00+00:00,260791,value_area_bounce,1,9.250714285713912,19979.72,19988.184374999997,19975.651875,19994.450624999998,20018.248065035543,20022.8734221784,20013.622707892686,False,False,False,4568.652094809333
1,2024-09-25 17:52:00+00:00,2024-09-25,2024-09-25 20:00:00+00:00,260792,value_area_bounce,1,9.48285714285677,19984.6,19988.184374999997,19975.651875,19994.450624999998,20018.133695186505,20022.875123757934,20013.392266615076,False,False,False,4907.8133851319135
1,2024-09-25 18:08:00+00:00,2024-09-25,2024-09-25 20:00:00+00:00,260808,value_area_bounce,-1,9.160000000000375,19990.22,19988.615833333337,19971.865833333337,20005.365833333337,20017.468673157764,20022.048673157766,20012.888673157762,False,False,False,-1051.8830176855142
1,2024-09-25 18:15:00+00:00,2024-09-25,2024-09-25 20:00:00+00:00,260815,value_area_bounce,1,10.72285714285733,19985.72,19991.4075,19971.865833333337,20002.574166666665,20016.638481878694,20021.999910450122,20011.277053307265,False,False,False,2458.09249210947
1,2024-09-25 18:58:00+00:00,2024-09-25,2024-09-25 20:00:00+00:00,260858,value_area_bounce,1,7.4550000000001875,20000.22,20005.353750000002,19988.839583333334,20012.43125,20015.438710755683,20019.166210755684,20011.711210755682,False,False,False,110.57484918028467
1,2024-09-25 19:44:00+00:00,2024-09-25,2024-09-25 20:00:00+00:00,260904,value_area_bounce,1,5.275714285714847,19993.47,19993.09354166667,19990.957708333335,19997.365208333333,20014.233275300514,20016.87113244337,20011.595418157656,False,False,False,76.99565085837457
1,2024-09-26 13:41:00+00:00,2024-09-26,2024-09-26 20:00:00+00:00,261921,value_area_bounce,1,19.769285714286525,20245.75,20277.488541666666,20238.205208333333,20306.951041666667,20271.747891679817,20281.632534536962,20261.863248822672,False,False,False,2533.143269784223
1,2024-09-26 13:45:00+00:00,2024-09-26,2024-09-26 20:00:00+00:00,261925,value_area_bounce,1,18.197857142857952,20263.0,20248.026041666664,20238.205208333333,20292.219791666666,20268.03329500581,20277.13222357724,20258.934366434383,False,False,True,4706.623284489417
1,2024-09-26 13:49:00+00:00,2024-09-26,2024-09-26 20:00:00+00:00,261929,value_area_bounce,1,18.612142857143358,20242.620000000003,20246.366250000003,20235.36791666667,20279.36125,20263.643368883764,20272.949440312335,20254.337297455193,False,False,False,1419.403989440023
1,2024-09-26 13:52:00+00:00,2024-09-26,2024-09-26 20:00:00+00:00,261932,value_area_bounce,1,18.612142857143358,20248.120000000003,20246.366250000003,20235.36791666667,20279.36125,20260.989818307586,20270.295889736157,20251.683746879015,False,False,False,2917.3068974492944
1,2024-09-26 17:04:00+00:00,2024-09-26,2024-09-26 20:00:00+00:00,262124,value_area_bounce,1,9.942857142857454,20075.5,20069.9275,20065.084166666667,20079.614166666666,20139.677668964436,20144.649097535865,20134.706240393007,False,False,False,350.24320563409606
1,2024-09-26 17:06:00+00:00,2024-09-26,2024-09-26 20:00:00+00:00,262126,value_area_bounce,-1,10.790000000000873,20057.870000000003,20068.890625,20064.244791666664,20075.859375,20139.214499625203,20144.609499625203,20133.819499625202,False,False,False,-857.8281588144639
1,2024-09-26 17:12:00+00:00,2024-09-26,2024-09-26 20:00:00+00:00,262132,value_area_bounce,-1,12.999285714286088,20059.120000000003,20075.984375,20063.796875,20075.984375,20138.08429836085,20144.583941217992,20131.584655503706,False,False,False,-15.134188340181709
1,2024-09-26 17:28:00+00:00,2024-09-26,2024-09-26 20:00:00+00:00,262148,value_area_bounce,1,14.34714285714342,20049.5,20067.123750000002,20043.901250000003,20080.393750000003,20132.905901157927,20140.079472586498,20125.732329729355,False,False,False,824.161540420288
1,2024-09-26 18:35:00+00:00,2024-09-26,2024-09-26 20:00:00+00:00,262215,value_area_bounce,-1,8.007857142857704,20140.0,20095.166875000003,20088.729375000003,20146.666875000003,20130.540723739028,20134.54465231046,20126.536795167598,False,False,False,-2937.9356209803213
1,2024-09-26 18:59:00+00:00,2024-09-26,2024-09-26 20:00:00+00:00,262239,value_area_bounce,-1,7.072142857142483,20155.370000000003,20149.584583333333,20141.662083333336,20157.507083333334,20131.119233864763,20134.655305293334,20127.583162436193,False,False,False,-916.4178036240128
1,2024-09-26 19:28:00+00:00,2024-09-26,2024-09-26 20:00:00+00:00,262268,value_area_bounce,-1,7.633571428571615,20158.620000000003,20150.822291666667,20136.278958333336,20163.547708333335,20132.25892260354,20136.07570831783,20128.442136889254,False,False,False,-2844.2408112825124
1,2024-09-26 19:58:00+00:00,2024-09-26,2024-09-26 20:00:00+00:00,262298,value_area_bounce,1,9.821428571428571,20165.370000000003,20162.265625,20159.078125,20171.828125,20133.541603001708,20138.45231728742,20128.630888715994,False,False,False,2181.0217221746457
1,2024-09-26 19:59:00+00:00,2024-09-26,2024-09-26 20:00:00+00:00,262299,value_area_bounce,-1,10.714285714285714,20157.870000000003,20162.265625,20159.078125,20171.828125,20133.716147308358,20139.0732901655,20128.359004451217,False,False,False,-93.20092463928768
1,2024-09-27 13:48:00+00:00,2024-09-27,2024-09-27 20:00:00+00:00,263308,value_area_bounce,-1,18.370714285714193,20162.61,20176.72666666667,20143.059999999998,20176.72666666667,20158.910530049576,20168.095887192434,20149.725172906717,False,False,False,-682.0082476125899
1,2024-09-27 14:09:00+00:00,2024-09-27,2024-09-27 20:00:00+00:00,263329,value_area_bounce,1,19.562142857142785,20150.24,20167.456875,20142.146875,20167.456875,20158.028390879274,20167.809462307843,20148.247319450704,False,False,False,1967.1122626614947
1,2024-09-27 19:55:00+00:00,2024-09-27,2024-09-27 20:00:00+00:00,263675,value_area_bounce,-1,10.642857142857142,20052.61,20041.994375000002,20029.268958333334,20054.719791666666,20094.68409150409,20100.005520075516,20089.36266293266,False,False,False,-347.1139830176603
1,2024-09-27 19:56:00+00:00,2024-09-27,2024-09-27 20:00:00+00:00,263676,value_area_bounce,-1,10.428571428571429,20049.86,20041.916250000002,20029.26375,20056.37625,20094.593343094362,20099.80762880865,20089.379057380076,False,False,False,-3171.679200408965
1,2024-09-30 13:30:00+00:00,2024-09-30,2024-09-30 20:00:00+00:00,264655,value_area_bounce,-1,6.134999999999699,20000.11,19997.886458333334,19994.397291666668,20008.353958333337,20003.403333333335,20006.470833333336,20000.335833333334,False,False,False,-3791.327056458977
1,2024-09-30 13:31:00+00:00,2024-09-30,2024-09-30 20:00:00+00:00,264656,value_area_bounce,1,9.509999999999698,20045.49,20003.120208333334,19994.397291666668,20004.864791666667,20014.851182728966,20019.606182728967,20010.096182728965,False,False,False,934.797943541023
1,2024-09-30 13:50:00+00:00,2024-09-30,2024-09-30 20:00:00+00:00,264675,value_area_bounce,-1,14.239999999999782,20075.36,20068.171875,20026.909375000003,20080.550625000003,20056.026921788627,20063.146921788626,20048.906921788628,False,False,False,-287.95395115101746
1,2024-09-30 13:51:00+00:00,2024-09-30,2024-09-30 20:00:00+00:00,264676,value_area_bounce,-1,14.257857142856924,20073.74,20069.081875000003,20048.217291666668,20077.427708333336,20056.69212500868,20063.82105358011,20049.56319643725,False,False,False,-3163.9114052699683
1,2024-09-30 13:54:00+00:00,2024-09-30,2024-09-30 20:00:00+00:00,264679,value_area_bounce,-1,15.0,20060.24,20077.936041666668,20050.14895833333,20077.936041666668,20058.386248955947,20065.886248955947,20050.886248955947,False,False,False,-1676.1883968689158
1,2024-09-30 13:55:00+00:00,2024-09-30,2024-09-30 20:00:00+00:00,264680,value_area_bounce,1,15.071428571428571,20057.11,20077.936041666668,20050.14895833333,20077.936041666668,20058.30575427023,20065.841468555944,20050.770039984516,False,False,False,993.1142984964407
1,2024-09-30 14:29:00+00:00,2024-09-30,2024-09-30 20:00:00+00:00,264714,value_area_bounce,1,14.840714285714578,20010.24,20068.227916666667,20006.527083333334,20079.44625,20032.72094714402,20040.141304286877,20025.30059000116,False,False,False,5459.627152048584
1,2024-09-30 15:34:00+00:00,2024-09-30,2024-09-30 20:00:00+00:00,264779,value_area_bounce,-1,10.367142857143076,20026.86,20004.8325,19998.8425,20028.792500000003,20026.447661030765,20031.631232459335,20021.264089602195,False,False,False,-3347.574652117544
1,2024-09-30 15:36:00+00:00,2024-09-30,2024-09-30 20:00:00+00:00,264781,value_area_bounce,-1,10.911428571428717,20018.74,20004.8325,19998.8425,20028.792500000003,20026.458523419347,20031.914237705063,20021.00280913363,False,False,False,-2915.115084110407
1,2024-09-30 16:11:00+00:00,2024-09-30,2024-09-30 20:00:00+00:00,264816,value_area_bounce,-1,10.590000000000146,20051.11,20041.876041666666,20024.973958333336,20052.017291666667,20027.616997531997,20032.911997532,20022.321997531995,False,False,False,-1074.3842458167578
1,2024-09-30 16:50:00+00:00,2024-09-30,2024-09-30 20:00:00+00:00,264855,value_area_bounce,1,7.614999999999782,20058.99,20062.324166666665,20049.854166666668,20074.794166666667,20030.717891615404,20034.525391615403,20026.910391615405,False,False,False,1430.178387987764
1,2024-09-30 17:21:00+00:00,2024-09-30,2024-09-30 20:00:00+00:00,264886,value_area_bounce,1,11.007857142856924,20021.86,20046.14625,20019.70875,20057.89625,20030.251893086548,20035.75582165798,20024.747964515118,False,False,True,1551.689845174671
1,2024-09-30 17:44:00+00:00,2024-09-30,2024-09-30 20:00:00+00:00,264909,value_area_bounce,1,7.517857142857143,20002.36,20007.428958333334,19995.893541666668,20023.57854166667,20029.23654128333,20032.99546985476,20025.477612711904,False,False,False,966.5950844071401
1,2024-09-30 17:45:00+00:00,2024-09-30,2024-09-30 20:00:00+00:00,264910,value_area_bounce,1,7.687142857142784,20003.86,20007.314375,19995.883125,20023.318125,20029.166420053833,20033.009991482402,20025.322848625263,False,False,False,997.474203661463
1,2024-09-30 17:56:00+00:00,2024-09-30,2024-09-30 20:00:00+00:00,264921,value_area_bounce,-1,9.267142857142712,20008.86,20006.215208333335,19999.153541666667,20016.807708333334,20028.769447193135,20033.403018621706,20024.135875764565,False,False,False,-786.5394439653548
1,2024-09-30 18:06:00+00:00,2024-09-30,2024-09-30 20:00:00+00:00,264931,value_area_bounce,-1,11.466428571429008,20011.11,20007.088958333334,19999.79729166667,20019.849375,20028.666091361556,20034.399305647272,20022.93287707584,False,False,False,-608.4226833549474
1,2024-09-30 18:07:00+00:00,2024-09-30,2024-09-30 20:00:00+00:00,264932,value_area_bounce,1,11.876428571428862,20014.11,20014.380625,20007.088958333334,20030.786875,20028.562567680412,20034.500781966126,20022.624353394698,False,False,False,694.8469359146579
1,2024-10-01 13:41:00+00:00,2024-10-01,2024-10-01 20:00:00+00:00,266046,value_area_bounce,1,27.714285714285715,19919.51,19926.486041666663,19909.90520833333,20067.423125,19982.048346298732,19995.905489155874,19968.19120344159,False,False,False,354.21345036555067
1,2024-10-01 14:33:00+00:00,2024-10-01,2024-10-01 20:00:00+00:00,266098,value_area_bounce,1,27.873571428570358,19724.76,19747.413333333334,19696.746666666666,19858.88,19850.722778880863,19864.65956459515,19836.785993166577,False,False,False,1799.9662417519203
1,2024-10-01 14:38:00+00:00,2024-10-01,2024-10-01 20:00:00+00:00,266103,value_area_bounce,1,27.721428571427687,19759.13,19863.68625,19749.01541666667,19872.507083333334,19841.987257926598,19855.847972212312,19828.126543640883,False,False,False,0.027666892066690707
1,2024-10-01 16:28:00+00:00,2024-10-01,2024-10-01 20:00:00+00:00,266213,value_area_bounce,1,13.955714285714098,19776.38,19793.43625,19763.896249999998,19793.43625,19795.828680598366,19802.806537741224,19788.85082345551,False,False,False,1384.3286136414367
1,2024-10-01 16:34:00+00:00,2024-10-01,2024-10-01 20:00:00+00:00,266219,value_area_bounce,1,20.388571428571854,19767.51,19778.23354166667,19760.171875,19791.779791666668,19794.594639959687,19804.788925673973,19784.4003542454,False,False,False,4560.087641177745
1,2024-10-01 16:53:00+00:00,2024-10-01,2024-10-01 20:00:00+00:00,266238,value_area_bounce,1,19.95642857142801,19758.38,19788.8175,19730.0675,19794.6925,19789.636845471698,19799.615059757412,19779.658631185983,False,False,False,4769.246274834958
1,2024-10-01 17:31:00+00:00,2024-10-01,2024-10-01 20:00:00+00:00,266276,value_area_bounce,1,16.52785714285762,19725.26,19686.013541666667,19681.403958333336,19732.109375,19780.704800993866,19788.968729565295,19772.440872422438,False,False,False,5053.708691055073
1,2024-10-01 18:52:00+00:00,2024-10-01,2024-10-01 20:00:00+00:00,266357,value_area_bounce,-1,14.345714285713777,19865.26,19880.9425,19857.900833333333,19887.525833333333,19787.156566172616,19794.329423315474,19779.98370902976,False,False,False,-1682.4870470087026
1,2024-10-01 18:55:00+00:00,2024-10-01,2024-10-01 20:00:00+00:00,266360,value_area_bounce,1,13.849285714285154,19879.63,19873.714375000003,19864.595625,19891.951875,19787.60454811212,19794.52919096926,19780.679905254976,False,False,False,585.1296756366044
1,2024-10-02 13:31:00+00:00,2024-10-02,2024-10-02 20:00:00+00:00,267416,value_area_bounce,1,11.159285714286463,19767.92,19757.68770833333,19757.68770833333,19791.051458333335,19758.187558559177,19763.76720141632,19752.607915702032,False,False,False,18.14275765259754
1,2024-10-02 13:48:00+00:00,2024-10-02,2024-10-02 20:00:00+00:00,267433,value_area_bounce,1,24.687142857143044,19742.17,19759.474166666667,19714.965833333335,19791.26583333333,19727.720198764328,19740.0637701929,19715.376627335754,False,False,False,9783.192028747606
1,2024-10-02 14:05:00+00:00,2024-10-02,2024-10-02 20:00:00+00:00,267450,value_area_bounce,-1,21.412142857142108,19767.92,19740.440625,19716.878958333335,19775.783125,19737.046697253656,19747.75276868223,19726.340625825083,False,False,False,-1891.6521867413858
1,2024-10-02 14:52:00+00:00,2024-10-02,2024-10-02 20:00:00+00:00,267497,value_area_bounce,-1,20.380714285714152,19828.04,19841.223125,19784.293958333335,19852.60895833333,19773.037322187818,19783.227679330674,19762.846965044962,False,False,False,-2301.647492453503
1,2024-10-02 15:07:00+00:00,2024-10-02,2024-10-02 20:00:00+00:00,267512,value_area_bounce,-1,16.741428571428383,19841.29,19826.367916666662,19821.76375,19853.992916666662,19780.646836099157,19789.01755038487,19772.276121813444,False,False,False,-1912.3521601193295
1,2024-10-02 15:53:00+00:00,2024-10-02,2024-10-02 20:00:00+00:00,267558,value_area_bounce,1,11.08142857142801,19878.67,19885.420208333337,19865.607708333337,19895.326458333337,19799.716193531953,19805.256907817668,19794.175479246238,False,False,False,486.53778927902755
1,2024-10-02 17:35:00+00:00,2024-10-02,2024-10-02 20:00:00+00:00,267660,value_area_bounce,1,13.062142857143044,19809.54,19821.774375,19807.451458333337,19833.232708333337,19813.786889670235,19820.317961098808,19807.25581824166,False,False,False,365.4856074573704
1,2024-10-02 17:36:00+00:00,2024-10-02,2024-10-02 20:00:00+00:00,267661,value_area_bounce,1,13.276428571428758,19818.04,19821.816666666666,19806.583333333332,19834.003333333334,19813.791803599033,19820.430017884748,19807.15358931332,False,False,False,1584.292084786492
1,2024-10-02 19:10:00+00:00,2024-10-02,2024-10-02 20:00:00+00:00,267755,value_area_bounce,-1,7.464285714285714,19857.79,19851.081875,19845.446041666666,19859.535625,19819.93321885717,19823.665361714313,19816.20107600003,False,False,False,-538.5860266325747
1,2024-10-02 19:53:00+00:00,2024-10-02,2024-10-02 20:00:00+00:00,267798,value_area_bounce,-1,9.461428571428248,19864.79,19860.498333333337,19858.915,19871.581666666665,19822.476628189976,19827.20734247569,19817.745913904262,False,False,False,-549.3781747259317
1,2024-10-03 13:31:00+00:00,2024-10-03,2024-10-03 20:00:00+00:00,268796,value_area_bounce,1,13.19571428571518,19756.33,19748.9375,19734.8125,19757.4125,19747.81285797528,19754.410715118138,19741.215000832424,False,False,False,6966.51440470932
1,2024-10-03 14:13:00+00:00,2024-10-03,2024-10-03 20:00:00+00:00,268838,value_area_bounce,-1,24.871428571428623,19839.08,19802.11770833333,19729.301041666666,19865.832291666666,19839.05238657628,19851.488100861996,19826.616672290565,False,False,False,-9415.311245342471
1,2024-10-03 14:15:00+00:00,2024-10-03,2024-10-03 20:00:00+00:00,268840,value_area_bounce,-1,25.294285714285643,19855.83,19802.11770833333,19729.301041666666,19865.832291666666,19839.972519248084,19852.619662105226,19827.32537639094,False,False,False,-8415.865888386
1,2024-10-03 14:19:00+00:00,2024-10-03,2024-10-03 20:00:00+00:00,268844,value_area_bounce,-1,27.339285714285715,19858.08,19802.11770833333,19729.301041666666,19865.832291666666,19843.435642027616,19857.105284884758,19829.765999170475,False,False,False,-2210.756536456921
1,2024-10-03 17:04:00+00:00,2024-10-03,2024-10-03 20:00:00+00:00,269009,value_area_bounce,1,16.772857142857124,19726.2,19748.48125,19712.54375,19841.91875,19821.817963243888,19830.204391815318,19813.431534672458,False,False,False,564.0136901323601
1,2024-10-03 17:28:00+00:00,2024-10-03,2024-10-03 20:00:00+00:00,269033,value_area_bounce,-1,16.741428571428646,19777.08,19747.240416666667,19711.895416666666,19782.58541666667,19817.76878558815,19826.13949987386,19809.398071302436,False,False,False,-3642.7537506491963
1,2024-10-03 17:41:00+00:00,2024-10-03,2024-10-03 20:00:00+00:00,269046,value_area_bounce,-1,13.906428571428478,19763.7,19747.77729166667,19711.233958333334,19784.320625,19816.80671582808,19823.759930113793,19809.853501542366,False,False,False,-2426.9967724949365
1,2024-10-03 18:54:00+00:00,2024-10-03,2024-10-03 20:00:00+00:00,269119,value_area_bounce,1,7.857857142857289,19781.45,19787.356041666666,19778.897708333338,19793.699791666666,19812.993356356255,19816.922284927685,19809.064427784826,False,False,False,90.01898574193518
1,2024-10-03 19:22:00+00:00,2024-10-03,2024-10-03 20:00:00+00:00,269147,value_area_bounce,1,8.062142857142785,19771.95,19788.404791666668,19762.08979166667,19790.597708333335,19811.214356566277,19815.245427994847,19807.183285137708,False,False,False,1352.1410845277558
1,2024-10-04 13:37:00+00:00,2024-10-04,2024-10-04 20:00:00+00:00,270182,value_area_bounce,1,17.023571428571294,20044.83,20055.2425,20042.4625,20074.4125,20044.776261564377,20053.288047278664,20036.26447585009,False,False,False,2735.749047617251
1,2024-10-04 13:43:00+00:00,2024-10-04,2024-10-04 20:00:00+00:00,270188,value_area_bounce,-1,20.145000000000177,20051.83,20055.2425,20036.0725,20061.6325,20047.661882472756,20057.734382472754,20037.589382472757,False,False,False,-3332.71439301346
1,2024-10-04 13:44:00+00:00,2024-10-04,2024-10-04 20:00:00+00:00,270189,value_area_bounce,-1,21.01142857142882,20032.58,20055.2425,20036.0725,20061.6325,20047.110237989607,20057.615952275322,20036.604523703892,False,False,False,-4036.6538902540165
1,2024-10-04 13:45:00+00:00,2024-10-04,2024-10-04 20:00:00+00:00,270190,value_area_bounce,1,21.76142857142882,20054.7,20055.2425,20036.0725,20061.6325,20047.23268108592,20058.113395371634,20036.351966800205,False,False,False,688.0447384405716
1,2024-10-04 13:49:00+00:00,2024-10-04,2024-10-04 20:00:00+00:00,270194,value_area_bounce,1,20.649285714285984,20046.08,20039.2675,20036.0725,20058.4375,20045.989692961637,20056.31433581878,20035.665050104493,False,False,False,3513.2164290342826
1,2024-10-04 14:08:00+00:00,2024-10-04,2024-10-04 20:00:00+00:00,270213,opening_range_breakout,-1,25.438571428571645,19880.33,20058.43625,19981.31125,20081.57375,19999.177640652142,20011.89692636643,19986.458354937855,False,False,False,-6589.676651896415
1,2024-10-04 14:31:00+00:00,2024-10-04,2024-10-04 20:00:00+00:00,270236,value_area_bounce,1,20.855714285713994,19867.7,19868.23625,19850.11125,19940.73625,19958.901324169714,19969.329181312572,19948.473467026855,False,False,False,598.5425551643659
1,2024-10-04 14:32:00+00:00,2024-10-04,2024-10-04 20:00:00+00:00,270237,value_area_bounce,1,21.43571428571392,19888.08,19868.08,19859.08,19940.08,19957.553064714957,19968.270921857813,19946.8352075721,False,False,False,6028.1267782940395
1,2024-10-04 15:14:00+00:00,2024-10-04,2024-10-04 20:00:00+00:00,270279,value_area_bounce,-1,14.34714285714264,19929.33,19889.158333333333,19865.49166666667,19942.408333333333,19949.480227022956,19956.653798451527,19942.306655594384,False,False,False,-6408.361698571955
1,2024-10-04 15:28:00+00:00,2024-10-04,2024-10-04 20:00:00+00:00,270293,value_area_bounce,1,17.30500000000003,19897.95,19907.56979166667,19897.840625,19956.215625,19946.530080520075,19955.182580520075,19937.877580520075,False,False,False,1346.3242484806956
1,2024-10-04 16:09:00+00:00,2024-10-04,2024-10-04 20:00:00+00:00,270334,value_area_bounce,-1,12.327857142857413,19926.45,19887.79875,19868.715416666666,19930.73625,19941.05804284275,19947.22197141418,19934.89411427132,False,False,False,-5408.53691315209
1,2024-10-04 17:33:00+00:00,2024-10-04,2024-10-04 20:00:00+00:00,270418,value_area_bounce,-1,9.740714285714214,19973.7,19984.814583333333,19975.33541666667,19992.39791666667,19946.560000247016,19951.430357389872,19941.68964310416,False,False,False,-256.27626199661916
1,2024-10-04 17:42:00+00:00,2024-10-04,2024-10-04 20:00:00+00:00,270427,value_area_bounce,1,16.040714285714266,19978.95,19986.411875,19975.553125000002,19993.651041666668,19946.742790139935,19954.763147282792,19938.722432997078,False,False,False,4745.098017664725
1,2024-10-04 17:43:00+00:00,2024-10-04,2024-10-04 20:00:00+00:00,270428,value_area_bounce,1,16.22857142857148,19991.45,19979.172708333335,19975.553125000002,19993.651041666668,19946.892218252076,19955.00650396636,19938.777932537792,False,False,False,5444.084211809141
1,2024-10-07 13:30:00+00:00,2024-10-07,2024-10-07 20:00:00+00:00,271540,value_area_bounce,-1,7.69571428571466,19975.57,19971.971250000002,19966.20125,19976.29875,19981.066666666666,19984.914523809523,19977.21880952381,False,False,False,-4366.247409160951
1,2024-10-07 13:32:00+00:00,2024-10-07,2024-10-07 20:00:00+00:00,271542,value_area_bounce,-1,10.606428571428946,19961.32,19981.355624999997,19971.299375,19981.355624999997,19977.32411059227,19982.627324877987,19972.020896306556,False,False,False,-4533.525267051405
1,2024-10-07 13:33:00+00:00,2024-10-07,2024-10-07 20:00:00+00:00,271543,value_area_bounce,1,12.186428571429133,19978.07,19981.355624999997,19969.288125,19981.355624999997,19975.503604990303,19981.59681927602,19969.410390704586,False,False,False,405.33442682588884
1,2024-10-07 13:35:00+00:00,2024-10-07,2024-10-07 20:00:00+00:00,271545,value_area_bounce,1,14.812142857143304,19982.82,19981.355624999997,19969.288125,19981.355624999997,19976.97813683057,19984.384208259144,19969.572065401997,False,False,False,9204.550366584164
1,2024-10-07 13:42:00+00:00,2024-10-07,2024-10-07 20:00:00+00:00,271552,value_area_bounce,-1,20.47285714285707,19960.07,19981.527291666665,19955.702291666665,19981.527291666665,19980.67624161111,19990.912670182537,19970.43981303968,False,False,False,-3395.768241042594
1,2024-10-07 13:47:00+00:00,2024-10-07,2024-10-07 20:00:00+00:00,271557,value_area_bounce,-1,20.034999999999854,19961.69,19982.689791666664,19966.877291666664,19987.960625,19974.27891493001,19984.29641493001,19964.261414930013,False,False,False,-4237.654259527535
1,2024-10-07 13:56:00+00:00,2024-10-07,2024-10-07 20:00:00+00:00,271566,value_area_bounce,1,19.97214285714264,19961.19,19970.033541666664,19954.356458333335,19985.710625,19968.272463145986,19978.258534574557,19958.286391717415,False,False,False,502.96996043099625
1,2024-10-07 14:00:00+00:00,2024-10-07,2024-10-07 20:00:00+00:00,271570,value_area_bounce,1,18.745714285713934,19959.82,19970.033541666664,19954.356458333335,19985.710625,19966.24653963677,19975.619396779628,19956.87368249391,False,False,False,2806.659704297145
1,2024-10-07 14:02:00+00:00,2024-10-07,2024-10-07 20:00:00+00:00,271572,value_area_bounce,1,18.89714285714243,19956.07,19970.033541666664,19944.950208333335,19982.575208333335,19965.42055032201,19974.869121750584,19955.971978893438,False,False,False,651.2378620661575
1,2024-10-07 16:33:00+00:00,2024-10-07,2024-10-07 20:00:00+00:00,271723,value_area_bounce,1,8.558571428571147,19981.94,19987.32,19974.82,19999.82,19979.794751052214,19984.0740367665,19975.51546533793,False,False,False,81.66195224488547
1,2024-10-07 16:40:00+00:00,2024-10-07,2024-10-07 20:00:00+00:00,271730,value_area_bounce,1,8.862142857142576,19974.69,19987.32,19972.32,19994.82,19979.78539560603,19984.216467034603,19975.35432417746,False,False,False,382.22835034602997
1,2024-10-07 16:47:00+00:00,2024-10-07,2024-10-07 20:00:00+00:00,271737,value_area_bounce,1,8.384285714285786,19971.44,19974.82,19969.82,19994.82,19979.508791870194,19983.700934727338,19975.31664901305,False,False,False,308.2406535806165
1,2024-10-07 17:31:00+00:00,2024-10-07,2024-10-07 20:00:00+00:00,271781,value_area_bounce,1,9.212142857142421,19962.94,19966.982291666667,19962.826458333333,19985.683541666665,19979.231486879446,19983.837558308016,19974.625415450875,False,False,False,1332.3218550832048
1,2024-10-07 17:51:00+00:00,2024-10-07,2024-10-07 20:00:00+00:00,271801,value_area_bounce,1,6.508571428571356,19961.44,19964.904375,19958.670625,19985.683541666665,19978.777141863968,19982.031427578255,19975.52285614968,False,False,False,771.4701409200825
1,2024-10-07 17:53:00+00:00,2024-10-07,2024-10-07 20:00:00+00:00,271803,value_area_bounce,1,6.775714285714067,19968.44,19964.904375,19958.670625,19985.683541666665,19978.710038120913,19982.09789526377,19975.322180978055,False,False,False,1958.2402909377224
1,2024-10-07 18:12:00+00:00,2024-10-07,2024-10-07 20:00:00+00:00,271822,value_area_bounce,1,11.045714285714505,19958.19,19965.97645833333,19956.518125,19977.799375,19977.719508896145,19983.242366039,19972.19665175329,False,False,False,1573.6599483618998
1,2024-10-07 19:30:00+00:00,2024-10-07,2024-10-07 20:00:00+00:00,271900,value_area_bounce,-1,11.839285714285714,19816.82,19839.74125,19808.646249999998,19839.74125,19949.69674922073,19955.61639207787,19943.77710636359,False,False,False,-1853.1051087146884
1,2024-10-07 19:50:00+00:00,2024-10-07,2024-10-07 20:00:00+00:00,271920,value_area_bounce,1,13.659999999999854,19832.82,19837.454375,19810.128125,19852.635625,19941.82929785257,19948.659297852573,19934.99929785257,False,False,False,2962.763940019653
1,2024-10-07 19:55:00+00:00,2024-10-07,2024-10-07 20:00:00+00:00,271925,value_area_bounce,-1,16.25,19827.69,19839.32,19805.986666666664,19842.653333333335,19939.931146134808,19948.056146134808,19931.806146134808,False,False,False,-2184.922725830863
1,2024-10-07 19:59:00+00:00,2024-10-07,2024-10-07 20:00:00+00:00,271929,value_area_bounce,1,16.53642857142872,19834.69,19835.986666666664,19812.653333333335,19852.653333333335,19937.88128003692,19946.149494322635,19929.613065751204,False,False,False,1309.9244054462056
1,2024-10-08 13:32:00+00:00,2024-10-08,2024-10-08 20:00:00+00:00,272922,value_area_bounce,-1,9.507142857142753,19925.56,19930.138125,19907.152708333335,19930.138125,19927.607564342437,19932.36113577101,19922.853992913864,False,False,False,-6374.216185114896
1,2024-10-08 13:33:00+00:00,2024-10-08,2024-10-08 20:00:00+00:00,272923,value_area_bounce,-1,10.132857142856924,19916.31,19930.138125,19909.24229166667,19930.138125,19926.23834788426,19931.30477645569,19921.17191931283,False,False,False,-10711.795202705873
1,2024-10-08 13:39:00+00:00,2024-10-08,2024-10-08 20:00:00+00:00,272929,value_area_bounce,-1,15.732142857142858,19925.19,19921.6475,19904.322500000002,19931.5475,19929.53871129727,19937.404782725844,19921.6726398687,False,False,False,-3651.3522685812004
1,2024-10-08 13:46:00+00:00,2024-10-08,2024-10-08 20:00:00+00:00,272936,value_area_bounce,1,18.063571428570867,19934.69,19931.5475,19909.2725,19934.0225,19930.523820035723,19939.555605750007,19921.49203432144,False,False,False,2436.7956312137985
1,2024-10-08 13:47:00+00:00,2024-10-08,2024-10-08 20:00:00+00:00,272937,value_area_bounce,-1,17.813571428570867,19929.94,19931.5475,19914.2225,19934.0225,19930.57766075831,19939.484446472597,19921.670875044023,False,False,False,-1331.8687232643592
1,2024-10-08 14:00:00+00:00,2024-10-08,2024-10-08 20:00:00+00:00,272950,opening_range_breakout,1,18.26071428571335,20031.31,19929.56375,19918.51625,19940.61125,19945.973314355484,19955.103671498342,19936.842957212626,False,False,False,7708.645784192937
1,2024-10-08 16:01:00+00:00,2024-10-08,2024-10-08 20:00:00+00:00,273071,value_area_bounce,-1,10.580714285714098,20068.69,20068.19,20062.19,20078.19,20022.30744434598,20027.59780148884,20017.017087203123,False,False,False,-736.3997893769645
1,2024-10-08 16:48:00+00:00,2024-10-08,2024-10-08 20:00:00+00:00,273118,value_area_bounce,1,7.648571428571294,20068.94,20075.13333333333,20062.86666666667,20080.04,20028.296271943072,20032.12055765736,20024.471986228786,False,False,False,544.7605085285313
1,2024-10-08 17:14:00+00:00,2024-10-08,2024-10-08 20:00:00+00:00,273144,value_area_bounce,1,15.536428571428198,20047.44,20075.957499999997,20037.5125,20082.9475,20029.549133060355,20037.31734734607,20021.78091877464,False,False,False,579.9119772010298
1,2024-10-09 13:58:00+00:00,2024-10-09,2024-10-09 20:00:00+00:00,274328,value_area_bounce,1,15.107142857142858,20101.44,20102.395833333336,20089.5875,20112.6425,20103.35028038617,20110.903851814743,20095.796708957598,False,False,False,41.22010362315791
1,2024-10-09 16:04:00+00:00,2024-10-09,2024-10-09 20:00:00+00:00,274454,value_area_bounce,-1,10.19571428571466,20250.44,20226.549375,20217.143125,20257.903541666667,20164.069006655158,20169.166863798015,20158.9711495123,False,False,False,-1624.9734379448323
1,2024-10-09 16:21:00+00:00,2024-10-09,2024-10-09 20:00:00+00:00,274471,value_area_bounce,1,12.844999999999866,20242.81,20255.99166666667,20235.971666666665,20269.338333333333,20169.618204536353,20176.040704536354,20163.195704536352,False,False,False,10.528599246962017
1,2024-10-09 17:35:00+00:00,2024-10-09,2024-10-09 20:00:00+00:00,274545,value_area_bounce,-1,7.38571428571335,20249.56,20229.38125,20221.317916666667,20251.555416666666,20183.54805938707,20187.24091652993,20179.855202244213,False,False,False,-282.30791120698063
1,2024-10-09 17:57:00+00:00,2024-10-09,2024-10-09 20:00:00+00:00,274567,value_area_bounce,1,11.568571428571106,20245.56,20257.915833333333,20239.44583333333,20260.994166666664,20186.902998325757,20192.687284040043,20181.11871261147,False,False,False,4722.3107496911
1,2024-10-09 18:00:00+00:00,2024-10-09,2024-10-09 20:00:00+00:00,274570,value_area_bounce,1,12.68428571428558,20240.19,20257.915833333333,20239.44583333333,20260.994166666664,20187.22991039564,20193.57205325278,20180.887767538497,False,False,False,300.54440022241334
1,2024-10-09 18:04:00+00:00,2024-10-09,2024-10-09 20:00:00+00:00,274574,value_area_bounce,1,13.50571428571415,20249.19,20257.915833333333,20239.44583333333,20264.0725,20187.781184168634,20194.53404131149,20181.02832702578,False,False,False,2637.79747977861
1,2024-10-09 18:22:00+00:00,2024-10-09,2024-10-09 20:00:00+00:00,274592,value_area_bounce,1,8.465714285713537,20241.69,20239.14375,20236.08625,20257.488749999997,20190.34492045287,20194.577777595725,20186.112063310014,False,False,False,835.2272391317136
1,2024-10-09 19:08:00+00:00,2024-10-09,2024-10-09 20:00:00+00:00,274638,value_area_bounce,1,9.348571428571242,20264.56,20268.799375,20259.830625,20280.75770833333,20198.917063487075,20203.59134920136,20194.24277777279,False,False,False,1911.9769460035477
1,2024-10-09 19:15:00+00:00,2024-10-09,2024-10-09 20:00:00+00:00,274645,value_area_bounce,1,9.394285714284965,20272.06,20269.03875,20266.73125,20280.57625,20199.755706339663,20204.452849196805,20195.058563482522,False,False,False,477.26471163244514
1,2024-10-09 19:59:00+00:00,2024-10-09,2024-10-09 20:00:00+00:00,274689,value_area_bounce,-1,9.529999999999356,20298.19,20278.21625,20255.71625,20303.52875,20208.91059203321,20213.67559203321,20204.145592033212,False,False,False,-4751.429994001215
1,2024-10-10 13:31:00+00:00,2024-10-10,2024-10-10 20:00:00+00:00,275681,value_area_bounce,1,10.40214285714267,20221.63,20200.240416666667,20192.427916666667,20205.448750000003,20201.389935537536,20206.591006966108,20196.188864108964,False,False,False,410.5069773362902
1,2024-10-10 13:36:00+00:00,2024-10-10,2024-10-10 20:00:00+00:00,275686,value_area_bounce,-1,14.22285714285733,20209.01,20200.302291666667,20181.788541666665,20214.701875,20211.71044412844,20218.821872699868,20204.59901555701,False,False,False,-542.0076869117893
1,2024-10-10 13:37:00+00:00,2024-10-10,2024-10-10 20:00:00+00:00,275687,value_area_bounce,-1,14.865714285714473,20209.01,20200.302291666667,20181.788541666665,20214.701875,20211.564903964794,20218.99776110765,20204.13204682194,False,False,False,-3597.506946169904
1,2024-10-10 13:40:00+00:00,2024-10-10,2024-10-10 20:00:00+00:00,275690,value_area_bounce,-1,17.213571428571804,20198.13,20208.530625,20181.788541666665,20214.701875,20209.918040508586,20218.52482622287,20201.311254794302,False,False,False,-2693.808598592593
1,2024-10-10 13:55:00+00:00,2024-10-10,2024-10-10 20:00:00+00:00,275705,value_area_bounce,1,22.524285714284424,20208.13,20217.260208333333,20191.520625,20220.93729166667,20197.064987895068,20208.32713075221,20185.802845037924,False,False,False,3749.07635487355
1,2024-10-10 14:00:00+00:00,2024-10-10,2024-10-10 20:00:00+00:00,275710,value_area_bounce,1,24.348571428570462,20220.13,20217.260208333333,20195.197708333333,20220.93729166667,20199.325901930264,20211.50018764455,20187.15161621598,False,False,False,1694.0540317174955
1,2024-10-10 14:03:00+00:00,2024-10-10,2024-10-10 20:00:00+00:00,275713,value_area_bounce,1,23.322857142856396,20220.88,20213.583125,20198.87479166667,20224.614375,20200.569894820437,20212.231323391865,20188.90846624901,False,False,False,1254.1106739523104
1,2024-10-10 14:07:00+00:00,2024-10-10,2024-10-10 20:00:00+00:00,275717,value_area_bounce,1,22.036428571428196,20213.13,20213.615416666667,20193.119583333333,20221.813749999998,20202.392943025276,20213.41115731099,20191.37472873956,False,False,False,4022.690480043291
1,2024-10-10 17:11:00+00:00,2024-10-10,2024-10-10 20:00:00+00:00,275901,value_area_bounce,1,11.429999999999252,20271.01,20274.833125,20266.645625,20303.489375,20242.33763858284,20248.05263858284,20236.62263858284,False,False,False,2653.8947819716395
1,2024-10-10 18:07:00+00:00,2024-10-10,2024-10-10 20:00:00+00:00,275957,value_area_bounce,1,12.390714285713589,20266.63,20299.581250000003,20264.098749999997,20307.46625,20247.699047620805,20253.89440476366,20241.503690477948,False,False,False,1231.7128879066354
1,2024-10-10 18:45:00+00:00,2024-10-10,2024-10-10 20:00:00+00:00,275995,value_area_bounce,1,10.240000000000562,20245.63,20255.5625,20242.915833333333,20265.0475,20247.892093890146,20253.012093890145,20242.772093890148,False,False,False,2461.2151485686495
1,2024-10-10 19:03:00+00:00,2024-10-10,2024-10-10 20:00:00+00:00,276013,value_area_bounce,-1,7.719999999999865,20249.01,20252.963333333333,20242.13,20257.29666666667,20248.06397754714,20251.92397754714,20244.20397754714,False,False,False,-452.49483866290217
1,2024-10-11 13:36:00+00:00,2024-10-11,2024-10-11 20:00:00+00:00,277066,value_area_bounce,1,13.355714285714514,20165.44,20172.063125,20159.838125000002,20205.681875000002,20174.758514249614,20181.436371392472,20168.080657106755,False,False,False,6271.920384287581
1,2024-10-11 13:40:00+00:00,2024-10-11,2024-10-11 20:00:00+00:00,277070,value_area_bounce,1,16.552142857143345,20172.06,20178.049375,20159.280625,20186.093125,20173.963515952022,20182.239587380594,20165.68744452345,False,False,False,1296.0153969471685
1,2024-10-11 14:44:00+00:00,2024-10-11,2024-10-11 20:00:00+00:00,277134,value_area_bounce,-1,11.312857142856956,20283.81,20204.233958333334,20171.848541666666,20294.913125,20228.985165949303,20234.641594520734,20223.328737377873,False,False,False,-6395.617215781009
1,2024-10-11 14:53:00+00:00,2024-10-11,2024-10-11 20:00:00+00:00,277143,value_area_bounce,1,15.134285714285527,20259.81,20281.67875,20259.075416666667,20315.58375,20232.683151604604,20240.250294461748,20225.11600874746,False,False,False,4418.70701493242
1,2024-10-11 14:55:00+00:00,2024-10-11,2024-10-11 20:00:00+00:00,277145,value_area_bounce,1,15.669999999999813,20269.69,20305.64854166667,20258.30479166667,20316.169375,20233.278060324013,20241.113060324013,20225.443060324014,False,False,False,6671.067643125994
1,2024-10-11 15:16:00+00:00,2024-10-11,2024-10-11 20:00:00+00:00,277166,value_area_bounce,1,10.525714285714846,20280.56,20303.4075,20273.3675,20318.4275,20240.83642182956,20246.09927897242,20235.573564686703,False,False,False,1510.1970412305054
1,2024-10-11 16:13:00+00:00,2024-10-11,2024-10-11 20:00:00+00:00,277223,value_area_bounce,-1,8.007142857143792,20289.06,20280.10145833333,20261.018125,20292.028541666667,20249.773109613612,20253.776681042185,20245.76953818504,False,False,False,-420.03438228189793
1,2024-10-11 16:15:00+00:00,2024-10-11,2024-10-11 20:00:00+00:00,277225,value_area_bounce,-1,7.685714285715221,20295.56,20287.91416666667,20259.974166666667,20297.2275,20250.068684561673,20253.911541704532,20246.225827418813,False,False,False,-783.8415358381585
1,2024-10-11 16:55:00+00:00,2024-10-11,2024-10-11 20:00:00+00:00,277265,value_area_bounce,1,9.169285714285902,20259.56,20280.02354166667,20252.994375,20285.429375,20252.384846846307,20256.96948970345,20247.800203989165,False,False,False,459.07535828056575
1,2024-10-11 18:03:00+00:00,2024-10-11,2024-10-11 20:00:00+00:00,277333,value_area_bounce,1,5.794285714285901,20279.31,20282.59125,20273.96625,20288.34125,20255.587719392737,20258.48486224988,20252.690576535595,False,False,False,212.43648536536642
1,2024-10-11 18:29:00+00:00,2024-10-11,2024-10-11 20:00:00+00:00,277359,value_area_bounce,-1,5.2050000000001875,20300.56,20280.141458333335,20274.500208333335,20302.706458333334,20257.51436528548,20260.11686528548,20254.911865285478,False,False,False,-905.8685443979471
1,2024-10-11 19:20:00+00:00,2024-10-11,2024-10-11 20:00:00+00:00,277410,value_area_bounce,-1,7.219999999999865,20324.56,20301.252708333333,20298.388125,20327.033958333333,20261.551649467627,20265.161649467627,20257.941649467626,False,False,False,-707.4344861018757
1,2024-10-11 19:33:00+00:00,2024-10-11,2024-10-11 20:00:00+00:00,277423,value_area_bounce,-1,5.974285714285153,20327.56,20326.40375,20308.96625,20328.34125,20262.702192680903,20265.689335538045,20259.71504982376,False,False,False,-66.95949847438311
1,2024-10-11 19:42:00+00:00,2024-10-11,2024-10-11 20:00:00+00:00,277432,value_area_bounce,1,5.727142857143657,20316.44,20324.56,20314.56,20327.893333333333,20263.388833646615,20266.252405075185,20260.525262218045,False,False,False,1630.662130438629
1,2024-10-11 19:45:00+00:00,2024-10-11,2024-10-11 20:00:00+00:00,277435,value_area_bounce,1,5.879285714286327,20320.31,20325.02875,20315.40375,20329.84125,20263.61372041248,20266.55336326962,20260.674077555337,False,False,False,1073.0355009708965
1,2024-10-11 19:49:00+00:00,2024-10-11,2024-10-11 20:00:00+00:00,277439,value_area_bounce,1,6.522857142857382,20314.56,20325.3725,20314.3725,20329.4975,20263.963510978,20267.22493954943,20260.70208240657,False,False,False,1000.0160362514927
1,2024-10-11 19:52:00+00:00,2024-10-11,2024-10-11 20:00:00+00:00,277442,value_area_bounce,1,7.041428571428436,20320.56,20325.3725,20315.7475,20329.4975,20264.393376625714,20267.91409091143,20260.87266234,False,False,False,369.52693417563523
1,2024-10-14 13:39:00+00:00,2024-10-14,2024-10-14 20:00:00+00:00,278434,value_area_bounce,-1,12.446428571428571,20434.19,20441.810416666667,20407.994583333333,20444.884583333333,20425.450195246955,20431.67340953267,20419.22698096124,False,False,False,-1300.6795759187205
1,2024-10-14 16:55:00+00:00,2024-10-14,2024-10-14 20:00:00+00:00,278630,value_area_bounce,-1,5.437857142857216,20458.69,20455.064791666664,20439.971041666664,20460.096041666664,20449.03491983067,20451.7538484021,20446.31599125924,False,False,False,-650.3947935984237
1,2024-10-14 17:07:00+00:00,2024-10-14,2024-10-14 20:00:00+00:00,278642,value_area_bounce,-1,6.482857142857289,20457.44,20455.731874999998,20452.096041666664,20464.821458333332,20449.37146102828,20452.61288959971,20446.13003245685,False,False,False,-647.9608341797652
1,2024-10-14 17:13:00+00:00,2024-10-14,2024-10-14 20:00:00+00:00,278648,value_area_bounce,1,6.670000000000073,20455.94,20455.037708333333,20451.646458333333,20462.950624999998,20449.44932259547,20452.784322595468,20446.11432259547,False,False,False,413.75818110146645
1,2024-10-14 17:15:00+00:00,2024-10-14,2024-10-14 20:00:00+00:00,278650,value_area_bounce,1,6.740714285714213,20459.19,20458.22625,20454.53875,20468.059583333335,20449.479582296448,20452.849939439304,20446.109225153592,False,False,False,320.77193971064685
1,2024-10-14 17:32:00+00:00,2024-10-14,2024-10-14 20:00:00+00:00,278667,value_area_bounce,1,5.536428571428717,20456.32,20458.22625,20454.53875,20466.830416666664,20449.634671367206,20452.402885652922,20446.86645708149,False,False,False,530.5091132121811
1,2024-10-14 18:01:00+00:00,2024-10-14,2024-10-14 20:00:00+00:00,278696,value_area_bounce,1,4.812857142857216,20455.69,20459.839999999997,20453.68,20464.239999999998,20450.022703466395,20452.429132037825,20447.616274894965,False,False,False,155.19868203730283
1,2024-10-14 18:03:00+00:00,2024-10-14,2024-10-14 20:00:00+00:00,278698,value_area_bounce,1,4.714285714285714,20457.69,20459.839999999997,20453.68,20464.239999999998,20450.04406098056,20452.4012038377,20447.686918123418,False,False,False,490.77453951369966
1,2024-10-14 18:10:00+00:00,2024-10-14,2024-10-14 20:00:00+00:00,278705,value_area_bounce,-1,5.907857142857081,20462.94,20460.304375,20453.168958333335,20463.158541666664,20450.282328599398,20453.236257170825,20447.32840002797,False,False,False,-861.8278988111316
1,2024-10-14 18:11:00+00:00,2024-10-14,2024-10-14 20:00:00+00:00,278706,value_area_bounce,-1,6.050714285714223,20459.44,20460.304375,20454.596041666664,20464.585625,20450.303155709655,20453.328512852513,20447.277798566796,False,False,False,-1704.2608803296503
1,2024-10-14 19:11:00+00:00,2024-10-14,2024-10-14 20:00:00+00:00,278766,value_area_bounce,1,6.0778571428571535,20474.94,20472.653541666667,20472.653541666667,20484.934791666667,20452.658339086578,20455.697267658008,20449.619410515148,False,False,False,645.0620217151736
1,2024-10-14 19:16:00+00:00,2024-10-14,2024-10-14 20:00:00+00:00,278771,value_area_bounce,-1,5.572142857143002,20481.69,20475.705625,20471.986875,20484.38270833333,20452.85981957454,20455.64589100311,20450.07374814597,False,False,False,-322.64804948248786
1,2024-10-14 19:31:00+00:00,2024-10-14,2024-10-14 20:00:00+00:00,278786,value_area_bounce,-1,3.7585714285713556,20482.44,20483.497291666667,20478.236875,20486.653541666667,20453.50271997746,20455.382005691747,20451.623434263172,False,False,False,-88.77089445171941
1,2024-10-14 19:59:00+00:00,2024-10-14,2024-10-14 20:00:00+00:00,278814,value_area_bounce,1,10.094285714285434,20472.07,20483.830625,20469.466041666667,20496.143125,20456.379518203656,20461.4266610608,20451.332375346512,False,False,False,934.4031703185267
1,2024-10-15 13:37:00+00:00,2024-10-15,2024-10-15 20:00:00+00:00,279812,value_area_bounce,-1,12.185000000000011,20489.29,20499.307083333333,20479.289583333335,20499.307083333333,20484.60807479184,20490.700574791837,20478.51557479184,False,False,False,-1351.0206028465307
1,2024-10-15 13:42:00+00:00,2024-10-15,2024-10-15 20:00:00+00:00,279817,value_area_bounce,-1,14.899285714285984,20477.79,20474.84125,20472.617083333334,20490.410416666666,20482.868267283713,20490.317910140857,20475.41862442657,False,False,False,-5686.644813235613
1,2024-10-15 13:46:00+00:00,2024-10-15,2024-10-15 20:00:00+00:00,279821,value_area_bounce,-1,13.631428571428582,20472.66,20481.513750000002,20472.617083333334,20485.962083333332,20482.286715478975,20489.102429764687,20475.471001193262,False,False,False,-3787.048537245605
1,2024-10-15 16:09:00+00:00,2024-10-15,2024-10-15 20:00:00+00:00,279964,value_area_bounce,1,14.927857142856997,20240.91,20251.878541666665,20223.951458333337,20275.816041666665,20327.645106168267,20335.109034739697,20320.181177596838,False,False,False,3046.409653948588
1,2024-10-15 17:06:00+00:00,2024-10-15,2024-10-15 20:00:00+00:00,280021,value_area_bounce,1,10.295000000000073,20236.91,20232.581875,20228.269375,20249.831875,20316.9650546933,20322.1125546933,20311.8175546933,False,False,False,718.6241800452767
1,2024-10-15 18:06:00+00:00,2024-10-15,2024-10-15 20:00:00+00:00,280081,value_area_bounce,-1,10.393571428571574,20224.16,20210.613125,20196.925625,20224.300625,20305.392189171867,20310.588974886152,20300.195403457583,False,False,False,-882.1906843066326
1,2024-10-15 18:07:00+00:00,2024-10-15,2024-10-15 20:00:00+00:00,280082,value_area_bounce,-1,10.572142857143003,20215.54,20210.613125,20196.925625,20224.300625,20305.195886862813,20310.481958291384,20299.909815434243,False,False,False,-3508.0192461229926
1,2024-10-15 18:20:00+00:00,2024-10-15,2024-10-15 20:00:00+00:00,280095,value_area_bounce,1,9.47214285714264,20219.66,20209.040833333333,20206.9525,20229.924166666668,20302.968783208762,20307.704854637333,20298.23271178019,False,False,False,1660.2174982062968
1,2024-10-15 18:27:00+00:00,2024-10-15,2024-10-15 20:00:00+00:00,280102,value_area_bounce,-1,10.337857142856851,20216.04,20210.65541666667,20206.687083333334,20228.512916666667,20302.029866511148,20307.198795082575,20296.86093793972,False,False,False,-2179.8683178394012
1,2024-10-15 19:21:00+00:00,2024-10-15,2024-10-15 20:00:00+00:00,280156,value_area_bounce,1,13.762142857142733,20155.66,20203.102708333332,20139.956875,20221.144375,20288.726376622042,20295.607448050614,20281.84530519347,False,False,False,924.0243914945567
1,2024-10-15 19:38:00+00:00,2024-10-15,2024-10-15 20:00:00+00:00,280173,value_area_bounce,1,11.303571428571429,20133.91,20150.336875,20116.586875,20154.555625,20283.595651873224,20289.24743758751,20277.943866158937,False,False,False,1798.1918636774662
1,2024-10-16 13:51:00+00:00,2024-10-16,2024-10-16 20:00:00+00:00,281206,value_area_bounce,1,19.585714285714598,20091.730000000003,20151.169375,20088.731875,20169.900625000002,20142.390697923267,20152.183555066124,20132.59784078041,False,False,False,1311.4466606305216
1,2024-10-16 14:37:00+00:00,2024-10-16,2024-10-16 20:00:00+00:00,281252,value_area_bounce,-1,15.430714285714723,20151.230000000003,20108.708125000005,20066.961875,20162.381875,20138.32305817483,20146.038415317686,20130.60770103197,False,False,False,-4449.377671174996
1,2024-10-16 15:22:00+00:00,2024-10-16,2024-10-16 20:00:00+00:00,281297,value_area_bounce,-1,11.903571428570492,20150.480000000003,20138.364791666667,20123.676458333335,20164.069375,20139.037016800638,20144.988802514923,20133.085231086352,False,False,False,-2642.2019737435635
1,2024-10-16 18:33:00+00:00,2024-10-16,2024-10-16 20:00:00+00:00,281488,value_area_bounce,-1,10.705000000000187,20215.480000000003,20190.046250000003,20177.25875,20218.17875,20150.79110877503,20156.14360877503,20145.438608775028,False,False,False,-513.6560518040276
1,2024-10-16 19:12:00+00:00,2024-10-16,2024-10-16 20:00:00+00:00,281527,value_area_bounce,-1,6.630714285714411,20215.730000000003,20218.45375,20213.870416666665,20223.037083333336,20154.397779684947,20157.713136827802,20151.08242254209,False,False,False,-185.99827033938394
1,2024-10-16 19:53:00+00:00,2024-10-16,2024-10-16 20:00:00+00:00,281568,value_area_bounce,1,6.375,20198.480000000003,20202.037083333336,20195.057916666665,20215.995416666665,20157.22665879403,20160.41415879403,20154.03915879403,False,False,False,398.93075093426563
1,2024-10-16 19:55:00+00:00,2024-10-16,2024-10-16 20:00:00+00:00,281570,value_area_bounce,-1,7.526428571428759,20205.36,20202.833958333336,20189.917291666665,20210.906875,20157.477561899363,20161.240776185077,20153.714347613648,False,False,False,-1859.8091099532944
1,2024-10-16 19:58:00+00:00,2024-10-16,2024-10-16 20:00:00+00:00,281573,value_area_bounce,-1,7.776428571428759,20201.86,20202.833958333336,20197.990208333336,20207.677708333336,20157.77818622281,20161.666400508526,20153.889971937097,False,False,False,-979.6648065358568
1,2024-10-16 19:59:00+00:00,2024-10-16,2024-10-16 20:00:00+00:00,281574,value_area_bounce,-1,7.919285714285901,20204.730000000003,20202.833958333336,20197.990208333336,20207.677708333336,20158.099042119215,20162.058684976357,20154.139399262072,False,False,False,-2924.3201863583804
1,2024-10-17 14:01:00+00:00,2024-10-17,2024-10-17 20:00:00+00:00,282596,opening_range_breakout,-1,21.2550000000005,20247.0,20312.921875,20281.966875000002,20343.876875,20326.19782790195,20336.82532790195,20315.57032790195,False,False,False,-7685.701344042473
1,2024-10-17 14:04:00+00:00,2024-10-17,2024-10-17 20:00:00+00:00,282599,opening_range_breakout,-1,22.45142857142907,20254.870000000003,20307.701458333337,20262.653541666667,20352.749375,20318.88430984177,20330.110024127487,20307.658595556055,False,False,False,-6266.582680102032
1,2024-10-17 16:59:00+00:00,2024-10-17,2024-10-17 20:00:00+00:00,282774,value_area_bounce,1,8.862857142857267,20327.120000000003,20339.9275,20323.045833333337,20351.985833333332,20303.1083176575,20307.53974622893,20298.676889086073,False,False,False,549.5919883554881
1,2024-10-17 17:08:00+00:00,2024-10-17,2024-10-17 20:00:00+00:00,282783,value_area_bounce,-1,12.813571428572427,20338.0,20339.16729166667,20323.816875,20345.746041666665,20304.008784819944,20310.41557053423,20297.601999105656,False,False,False,-927.1829117293421
1,2024-10-17 17:10:00+00:00,2024-10-17,2024-10-17 20:00:00+00:00,282785,value_area_bounce,-1,12.975000000000623,20337.870000000003,20341.360208333335,20323.816875,20345.746041666665,20304.1911240797,20310.6786240797,20297.703624079702,False,False,False,-1558.3610683798415
1,2024-10-17 18:37:00+00:00,2024-10-17,2024-10-17 20:00:00+00:00,282872,value_area_bounce,1,10.473571428571242,20247.25,20251.003750000003,20234.081250000003,20284.84875,20302.763939358392,20308.000725072678,20297.527153644107,False,False,False,928.9697593040746
1,2024-10-17 19:44:00+00:00,2024-10-17,2024-10-17 20:00:00+00:00,282939,value_area_bounce,1,10.80428571428534,20243.75,20273.661666666667,20239.495000000003,20283.911666666667,20298.51095140681,20303.913094263953,20293.108808549667,False,False,False,1259.3937805683097
1,2024-10-18 13:40:00+00:00,2024-10-18,2024-10-18 20:00:00+00:00,283955,value_area_bounce,1,23.302142857143085,20323.03,20315.821666666667,20303.408333333333,20325.131666666668,20312.53347193703,20324.1845433656,20300.882400508457,False,False,False,5042.746893202028
1,2024-10-18 13:47:00+00:00,2024-10-18,2024-10-18 20:00:00+00:00,283962,value_area_bounce,-1,20.062142857143044,20342.03,20316.571875,20297.259375,20342.321875,20324.56670016947,20334.59777159804,20314.5356287409,False,False,False,-4032.8377487972616
1,2024-10-18 13:48:00+00:00,2024-10-18,2024-10-18 20:00:00+00:00,283963,value_area_bounce,-1,19.589285714285715,20335.9,20316.571875,20297.259375,20345.540625,20325.047189637145,20334.841832494287,20315.252546780004,False,False,False,-5259.048011093391
1,2024-10-18 13:57:00+00:00,2024-10-18,2024-10-18 20:00:00+00:00,283972,value_area_bounce,-1,17.948571428570308,20338.78,20316.571875,20297.259375,20342.321875,20326.586102778798,20335.560388493082,20317.611817064513,False,False,False,-423.8242584166733
1,2024-10-18 15:34:00+00:00,2024-10-18,2024-10-18 20:00:00+00:00,284069,value_area_bounce,-1,9.375714285713912,20365.9,20361.352916666663,20335.519583333335,20367.81125,20342.25985878902,20346.947715931878,20337.572001646164,False,False,False,-2114.7258492923484
1,2024-10-18 16:15:00+00:00,2024-10-18,2024-10-18 20:00:00+00:00,284110,value_area_bounce,1,7.755000000000239,20313.9,20344.8475,20309.8975,20358.8275,20341.626523489453,20345.50402348945,20337.749023489454,False,False,False,138.98538251329546
1,2024-10-18 17:02:00+00:00,2024-10-18,2024-10-18 20:00:00+00:00,284157,value_area_bounce,-1,8.714285714285714,20351.9,20322.884166666663,20322.884166666663,20362.384166666663,20341.89377224941,20346.25091510655,20337.536629392267,False,False,False,-2004.5854319553073
1,2024-10-18 17:12:00+00:00,2024-10-18,2024-10-18 20:00:00+00:00,284167,value_area_bounce,-1,8.631428571428062,20375.9,20362.697500000002,20340.737500000003,20381.9125,20342.57603278909,20346.891747074802,20338.260318503377,False,False,False,-881.107654223618
1,2024-10-18 17:20:00+00:00,2024-10-18,2024-10-18 20:00:00+00:00,284175,value_area_bounce,-1,7.524285714285205,20376.15,20363.671458333334,20353.149791666667,20379.45395833333,20343.11761176157,20346.879754618712,20339.355468904425,False,False,False,-293.91080291804656
1,2024-10-18 18:59:00+00:00,2024-10-18,2024-10-18 20:00:00+00:00,284274,value_area_bounce,1,5.348571428571241,20354.9,20357.62375,20351.21875,20361.893750000003,20345.131709498186,20347.80599521247,20342.4574237839,False,False,False,653.4989809010394
1,2024-10-18 19:01:00+00:00,2024-10-18,2024-10-18 20:00:00+00:00,284276,value_area_bounce,1,5.758571428571615,20351.9,20357.62375,20350.15125,20361.893750000003,20345.154371292512,20348.0336570068,20342.275085578225,False,False,False,233.0673601240395
1,2024-10-18 19:22:00+00:00,2024-10-18,2024-10-18 20:00:00+00:00,284297,value_area_bounce,1,5.642857142857143,20346.03,20354.035208333335,20344.722708333335,20358.691458333335,20345.119721827832,20347.94115039926,20342.298293256405,False,False,False,1056.2252813226323
1,2024-10-18 19:33:00+00:00,2024-10-18,2024-10-18 20:00:00+00:00,284308,value_area_bounce,1,5.356428571428945,20346.28,20343.99875,20341.37375,20351.87375,20345.165438265718,20347.843652551433,20342.487223980002,False,False,False,284.39013419610114
1,2024-10-18 19:40:00+00:00,2024-10-18,2024-10-18 20:00:00+00:00,284315,value_area_bounce,1,5.721428571429507,20342.65,20345.462291666663,20341.003958333335,20349.920625,20345.161087962497,20348.02180224821,20342.300373676782,False,False,False,418.5611508322923
1,2024-10-18 19:54:00+00:00,2024-10-18,2024-10-18 20:00:00+00:00,284329,value_area_bounce,1,7.990714285714473,20341.28,20344.644583333335,20338.227916666663,20354.269583333335,20344.819081299796,20348.814438442652,20340.82372415694,False,False,False,2268.4139437391527
1,2024-10-21 14:25:00+00:00,2024-10-21,2024-10-21 20:00:00+00:00,285365,value_area_bounce,-1,12.51714285714323,20382.56,20344.825625,20311.21104166667,20392.846458333333,20358.6333439594,20364.89191538797,20352.374772530828,False,False,False,-4319.6466422172725
1,2024-10-21 14:57:00+00:00,2024-10-21,2024-10-21 20:00:00+00:00,285397,value_area_bounce,1,17.767857142857142,20301.44,20399.158958333333,20299.55479166667,20406.27354166667,20345.047848706203,20353.93177727763,20336.163920134775,False,False,False,4491.685531766201
1,2024-10-21 16:28:00+00:00,2024-10-21,2024-10-21 20:00:00+00:00,285488,value_area_bounce,1,8.750714285713912,20311.06,20320.950625,20304.825625,20329.013125,20315.973056271992,20320.34841341485,20311.597699129135,False,False,False,121.3121792047906
1,2024-10-21 16:52:00+00:00,2024-10-21,2024-10-21 20:00:00+00:00,285512,value_area_bounce,-1,6.832142857141922,20325.44,20320.92,20311.2,20327.4,20315.820577657563,20319.236649086135,20312.40450622899,False,False,False,-661.2085311269784
1,2024-10-21 17:19:00+00:00,2024-10-21,2024-10-21 20:00:00+00:00,285539,value_area_bounce,-1,7.880000000000239,20337.31,20343.752708333333,20310.877708333333,20346.49229166667,20317.39973710457,20321.33973710457,20313.45973710457,False,False,False,-34.41837735631441
1,2024-10-21 18:26:00+00:00,2024-10-21,2024-10-21 20:00:00+00:00,285606,value_area_bounce,1,7.962142857142161,20348.81,20359.018125,20348.455625,20362.53895833333,20320.87672937328,20324.857800801852,20316.89565794471,False,False,False,2662.8705202945234
1,2024-10-21 18:46:00+00:00,2024-10-21,2024-10-21 20:00:00+00:00,285626,value_area_bounce,1,6.723571428571241,20330.81,20346.924375,20322.143125,20352.643125,20321.342213086995,20324.70399880128,20317.98042737271,False,False,False,1014.4269251930368
1,2024-10-21 19:09:00+00:00,2024-10-21,2024-10-21 20:00:00+00:00,285649,value_area_bounce,1,7.392857142857143,20333.56,20335.924583333333,20327.07041666667,20343.00791666667,20321.62084804277,20325.317276614198,20317.924419471343,False,False,False,771.088921241301
1,2024-10-21 19:30:00+00:00,2024-10-21,2024-10-21 20:00:00+00:00,285670,value_area_bounce,-1,7.017857142857143,20338.31,20326.61729166667,20316.565208333333,20348.731875,20322.619213000442,20326.12814157187,20319.110284429014,False,False,False,-590.4977918560219
1,2024-10-22 13:30:00+00:00,2024-10-22,2024-10-22 20:00:00+00:00,286690,value_area_bounce,-1,8.034285714286202,20257.45,20265.496458333335,20245.389375,20265.496458333335,20267.32666666666,20271.343809523805,20263.309523809516,False,False,False,-6328.82893079044
1,2024-10-22 14:52:00+00:00,2024-10-22,2024-10-22 20:00:00+00:00,286772,value_area_bounce,1,13.606428571428426,20354.08,20362.79375,20349.54375,20376.04375,20330.29444730702,20337.097661592736,20323.491233021305,False,False,False,3413.2632529427146
1,2024-10-22 18:10:00+00:00,2024-10-22,2024-10-22 20:00:00+00:00,286970,value_area_bounce,-1,9.987857142857267,20437.2,20375.020625,20370.640208333334,20440.726875,20347.061939362207,20352.055867933635,20342.06801079078,False,False,False,-2974.687110316666
1,2024-10-22 18:11:00+00:00,2024-10-22,2024-10-22 20:00:00+00:00,286971,value_area_bounce,-1,9.916428571428696,20436.7,20375.72375,20371.374583333334,20440.96125,20347.274101268453,20352.232315554167,20342.31588698274,False,False,False,-2847.227877162051
1,2024-10-22 19:37:00+00:00,2024-10-22,2024-10-22 20:00:00+00:00,287057,value_area_bounce,-1,5.9028571428573615,20422.45,20413.678958333338,20399.751875,20425.616458333338,20356.185190098255,20359.136618669683,20353.233761526826,False,False,False,-434.1800357577618
1,2024-10-22 19:51:00+00:00,2024-10-22,2024-10-22 20:00:00+00:00,287071,value_area_bounce,-1,7.117142857143075,20421.7,20413.381875,20411.293125000004,20425.914375,20357.75270431819,20361.31127574676,20354.19413288962,False,False,False,-1274.7521077052256
1,2024-10-22 19:58:00+00:00,2024-10-22,2024-10-22 20:00:00+00:00,287078,value_area_bounce,-1,9.072857142857433,20420.7,20424.0075,20412.537500000002,20429.7425,20359.016202068626,20363.552630640053,20354.479773497198,False,False,False,-358.0519126244826
1,2024-10-23 13:38:00+00:00,2024-10-23,2024-10-23 20:00:00+00:00,288078,value_area_bounce,1,17.68928571428582,20310.710000000003,20304.309375,20302.023125,20322.599375,20305.828398726557,20314.6730415837,20296.983755869413,False,False,False,2573.351679695021
1,2024-10-23 13:42:00+00:00,2024-10-23,2024-10-23 20:00:00+00:00,288082,value_area_bounce,1,20.358571428571718,20315.210000000003,20304.309375,20302.023125,20322.599375,20307.822844554412,20318.0021302687,20297.643558840125,False,False,False,5383.640082898578
1,2024-10-23 13:49:00+00:00,2024-10-23,2024-10-23 20:00:00+00:00,288089,value_area_bounce,1,15.633571428571615,20314.710000000003,20304.309375,20304.309375,20320.313125,20307.602597109024,20315.41938282331,20299.785811394737,False,False,False,3619.0956467835167
1,2024-10-23 13:53:00+00:00,2024-10-23,2024-10-23 20:00:00+00:00,288093,value_area_bounce,1,15.08142857142801,20304.460000000003,20304.309375,20302.023125,20320.313125,20306.788529741745,20314.32924402746,20299.24781545603,False,False,False,3173.6759102390506
1,2024-10-23 13:55:00+00:00,2024-10-23,2024-10-23 20:00:00+00:00,288095,value_area_bounce,1,14.509999999999438,20308.460000000003,20304.309375,20302.023125,20315.740625000002,20306.832599922276,20314.087599922277,20299.577599922275,False,False,False,5031.1703069511195
1,2024-10-23 13:57:00+00:00,2024-10-23,2024-10-23 20:00:00+00:00,288097,value_area_bounce,1,14.438571428570867,20316.460000000003,20304.309375,20302.023125,20315.740625000002,20307.12897179506,20314.348257509344,20299.909686080777,False,False,False,4894.60412433825
1,2024-10-23 14:00:00+00:00,2024-10-23,2024-10-23 20:00:00+00:00,288100,value_area_bounce,-1,14.313571428570867,20293.460000000003,20304.309375,20302.023125,20315.740625000002,20307.181562609185,20314.338348323472,20300.024776894898,False,False,False,-657.687807066528
1,2024-10-23 14:02:00+00:00,2024-10-23,2024-10-23 20:00:00+00:00,288102,opening_range_breakout,-1,15.589999999999625,20278.210000000003,20304.84541666667,20299.627083333333,20315.282083333335,20305.653272774634,20313.448272774633,20297.858272774636,False,False,False,-4495.949705509642
1,2024-10-23 14:27:00+00:00,2024-10-23,2024-10-23 20:00:00+00:00,288127,value_area_bounce,1,14.955714285714098,20276.710000000003,20306.30875,20262.350416666668,20319.49625,20285.470155620824,20292.94801276368,20277.992298477966,False,False,False,2068.1890754902574
1,2024-10-23 14:52:00+00:00,2024-10-23,2024-10-23 20:00:00+00:00,288152,value_area_bounce,-1,10.846428571429508,20290.710000000003,20260.210625,20241.565625000003,20297.500625,20289.3594468848,20294.782661170513,20283.936232599084,False,False,False,-6133.76995972733
1,2024-10-23 14:53:00+00:00,2024-10-23,2024-10-23 20:00:00+00:00,288153,value_area_bounce,-1,10.971428571429508,20283.210000000003,20260.210625,20222.920625,20292.839375000003,20289.32323154852,20294.808945834233,20283.837517262804,False,False,False,-7396.944031430757
1,2024-10-23 16:08:00+00:00,2024-10-23,2024-10-23 20:00:00+00:00,288228,value_area_bounce,1,14.338571428571802,20169.84,20183.955625000002,20161.681041666667,20212.594375,20263.93081629483,20271.100102009113,20256.761530580545,False,False,False,318.08223456934866
1,2024-10-23 16:25:00+00:00,2024-10-23,2024-10-23 20:00:00+00:00,288245,value_area_bounce,1,11.21285714285789,20150.460000000003,20178.99166666667,20143.321666666667,20206.735,20257.886730912265,20263.493159483693,20252.280302340838,False,False,False,1093.6087037848517
1,2024-10-23 18:23:00+00:00,2024-10-23,2024-10-23 20:00:00+00:00,288363,value_area_bounce,1,10.634285714285527,19991.710000000003,20029.455833333333,19981.84416666667,20046.769166666665,20195.12395982831,20200.441102685454,20189.806816971166,False,False,False,4149.481289246289
1,2024-10-23 18:57:00+00:00,2024-10-23,2024-10-23 20:00:00+00:00,288397,value_area_bounce,-1,10.647857142857642,20030.59,19978.975625000003,19956.006875000003,20034.100625000003,20182.225490773155,20187.549419344585,20176.901562201725,False,False,False,-1950.2334246426185
1,2024-10-23 19:30:00+00:00,2024-10-23,2024-10-23 20:00:00+00:00,288430,value_area_bounce,-1,9.925714285714223,20055.710000000003,20049.903749999998,20042.816250000003,20059.353750000002,20174.369631239388,20179.332488382246,20169.40677409653,False,False,False,-852.8985925763039
1,2024-10-23 19:54:00+00:00,2024-10-23,2024-10-23 20:00:00+00:00,288454,value_area_bounce,-1,11.850714285714535,20073.84,20051.339166666665,20033.7975,20079.405833333338,20170.087276273844,20176.0126334167,20164.161919130987,False,False,False,-1488.933003054603
1,2024-10-23 19:57:00+00:00,2024-10-23,2024-10-23 20:00:00+00:00,288457,value_area_bounce,-1,12.743571428571679,20087.960000000003,20079.405833333338,20051.339166666665,20093.43916666667,20169.39842273219,20175.770208446476,20163.0266370179,False,False,False,-1765.442195871416
1,2024-10-23 19:58:00+00:00,2024-10-23,2024-10-23 20:00:00+00:00,288458,value_area_bounce,-1,13.035000000000375,20088.460000000003,20079.405833333338,20051.339166666665,20093.43916666667,20169.195940804755,20175.713440804757,20162.678440804753,False,False,False,-1760.774775652219
1,2024-10-24 13:40:00+00:00,2024-10-24,2024-10-24 20:00:00+00:00,289460,value_area_bounce,-1,21.10785714285677,20215.390000000003,20221.061875,20201.613958333335,20232.730625000004,20217.93811359333,20228.49204216476,20207.3841850219,False,False,False,-921.2717128835757
1,2024-10-24 13:43:00+00:00,2024-10-24,2024-10-24 20:00:00+00:00,289463,value_area_bounce,1,22.072142857142484,20218.390000000003,20224.951458333337,20201.613958333335,20232.730625000004,20217.7082843621,20228.74435579067,20206.67221293353,False,False,False,169.8781341638446
1,2024-10-24 13:47:00+00:00,2024-10-24,2024-10-24 20:00:00+00:00,289467,value_area_bounce,1,20.111428571427886,20215.390000000003,20217.17229166667,20201.613958333335,20228.841041666667,20216.350999514245,20226.40671379996,20206.29528522853,False,False,False,173.23250483237643
1,2024-10-24 13:51:00+00:00,2024-10-24,2024-10-24 20:00:00+00:00,289471,value_area_bounce,1,20.12999999999894,20201.52,20223.871250000004,20201.142083333336,20232.96291666667,20212.46474234722,20222.52974234722,20202.39974234722,False,False,False,1335.8872163260985
1,2024-10-24 13:54:00+00:00,2024-10-24,2024-10-24 20:00:00+00:00,289474,value_area_bounce,1,19.263571428570554,20213.27,20205.68791666667,20201.142083333336,20232.96291666667,20212.10616437128,20221.737950085564,20202.474378656992,False,False,False,943.0140359850903
1,2024-10-24 13:57:00+00:00,2024-10-24,2024-10-24 20:00:00+00:00,289477,value_area_bounce,1,18.9064285714277,20209.52,20210.23375,20201.142083333336,20228.417083333334,20212.13652873967,20221.589743025383,20202.683314453956,False,False,False,2229.2090709677095
1,2024-10-24 14:05:00+00:00,2024-10-24,2024-10-24 20:00:00+00:00,289485,value_area_bounce,-1,18.67285714285702,20222.02,20205.48479166667,20205.48479166667,20232.57229166667,20215.231975998504,20224.56840456993,20205.895547427077,False,False,False,-468.5068710398873
1,2024-10-24 15:57:00+00:00,2024-10-24,2024-10-24 20:00:00+00:00,289597,value_area_bounce,1,14.713571428571802,20202.140000000003,20219.608750000003,20198.046250000003,20245.483750000003,20214.47800732755,20221.834793041835,20207.121221613266,False,False,False,4612.624665334815
1,2024-10-24 18:03:00+00:00,2024-10-24,2024-10-24 20:00:00+00:00,289723,value_area_bounce,1,9.205000000000187,20231.27,20235.957708333335,20228.473958333336,20248.430625,20215.06536954456,20219.667869544563,20210.46286954456,False,False,False,1984.5656335637236
1,2024-10-24 18:04:00+00:00,2024-10-24,2024-10-24 20:00:00+00:00,289724,value_area_bounce,1,8.927857142857517,20234.390000000003,20236.49916666667,20231.822500000002,20252.867500000004,20215.105998178264,20219.569926749693,20210.642069606834,False,False,False,2701.6098440900396
1,2024-10-24 18:26:00+00:00,2024-10-24,2024-10-24 20:00:00+00:00,289746,value_area_bounce,1,7.558571428571928,20244.890000000003,20236.49916666667,20231.822500000002,20255.205833333337,20216.264839578023,20220.04412529231,20212.48555386374,False,False,False,309.68212709475074
1,2024-10-24 18:40:00+00:00,2024-10-24,2024-10-24 20:00:00+00:00,289760,value_area_bounce,1,6.9185714285719895,20232.640000000003,20236.306458333333,20227.01479166667,20247.92104166667,20216.773841938957,20220.233127653242,20213.314556224672,False,False,False,823.5634431260801
1,2024-10-24 19:00:00+00:00,2024-10-24,2024-10-24 20:00:00+00:00,289780,value_area_bounce,-1,6.6349999999994385,20239.890000000003,20241.46791666667,20234.57125,20248.364583333336,20217.472065967024,20220.789565967025,20214.154565967023,False,False,False,-334.7098424241986
1,2024-10-24 19:35:00+00:00,2024-10-24,2024-10-24 20:00:00+00:00,289815,value_area_bounce,-1,7.747142857142795,20273.140000000003,20268.323125000003,20238.701041666667,20273.708958333336,20219.65257102621,20223.526142454783,20215.778999597638,False,False,False,-305.1198786986339
1,2024-10-24 19:50:00+00:00,2024-10-24,2024-10-24 20:00:00+00:00,289830,value_area_bounce,-1,7.158571428570992,20267.890000000003,20268.323125000003,20257.551458333335,20279.094791666666,20220.807126006537,20224.38641172082,20217.227840292253,False,False,False,-385.07724628337314
1,2024-10-25 13:37:00+00:00,2024-10-25,2024-10-25 20:00:00+00:00,290837,value_area_bounce,-1,14.637857142857683,20430.050000000003,20435.963750000003,20386.61375,20435.963750000003,20417.613604976545,20424.932533547973,20410.294676405116,False,False,False,-3833.0870630573136
1,2024-10-25 13:40:00+00:00,2024-10-25,2024-10-25 20:00:00+00:00,290840,value_area_bounce,-1,16.388571428572373,20430.300000000003,20437.06625,20394.52375,20437.06625,20421.215724414014,20429.4100101283,20413.02143869973,False,False,False,-2911.6987826154154
1,2024-10-25 14:00:00+00:00,2024-10-25,2024-10-25 20:00:00+00:00,290860,opening_range_breakout,1,12.510000000000998,20547.17,20437.980416666665,20375.017916666668,20472.959583333333,20458.49381660208,20464.74881660208,20452.23881660208,False,False,False,3544.535362998091
1,2024-10-25 15:27:00+00:00,2024-10-25,2024-10-25 20:00:00+00:00,290947,value_area_bounce,1,9.446428571428571,20535.42,20534.498125,20531.466875,20552.685625,20519.18376369433,20523.906977980045,20514.460549408617,False,False,False,1326.4393305842086
1,2024-10-25 15:47:00+00:00,2024-10-25,2024-10-25 20:00:00+00:00,290967,value_area_bounce,1,13.034999999999334,20531.92,20543.64895833334,20520.49270833334,20553.940625000003,20518.67674547035,20525.19424547035,20512.159245470353,False,False,False,1221.0084676511476
1,2024-10-25 16:52:00+00:00,2024-10-25,2024-10-25 20:00:00+00:00,291032,value_area_bounce,-1,8.25,20531.42,20528.815833333334,20516.565833333334,20534.940833333334,20518.630452327565,20522.755452327565,20514.505452327565,False,False,False,-221.07689235943462
1,2024-10-25 17:02:00+00:00,2024-10-25,2024-10-25 20:00:00+00:00,291042,value_area_bounce,1,7.0,20518.67,20517.7325,20516.274166666662,20533.774166666662,20518.738357224098,20522.238357224098,20515.238357224098,False,False,False,508.91639354103467
1,2024-10-25 17:41:00+00:00,2024-10-25,2024-10-25 20:00:00+00:00,291081,value_area_bounce,1,15.35357142857122,20404.42,20449.617916666662,20403.784583333334,20495.45125,20509.908839959797,20517.58562567408,20502.232054245513,False,False,False,814.8555594314266
1,2024-10-25 18:03:00+00:00,2024-10-25,2024-10-25 20:00:00+00:00,291103,value_area_bounce,1,16.09785714285681,20389.550000000003,20399.909583333334,20387.367916666662,20450.07625,20497.438475085342,20505.48740365677,20489.389546513914,False,False,False,1870.8551013276397
1,2024-10-25 18:07:00+00:00,2024-10-25,2024-10-25 20:00:00+00:00,291107,value_area_bounce,1,17.704285714284715,20385.17,20403.71229166667,20370.24479166667,20437.17979166667,20495.25286010196,20504.105002959102,20486.400717244815,False,False,False,4072.6924097936226
1,2024-10-25 19:50:00+00:00,2024-10-25,2024-10-25 20:00:00+00:00,291210,value_area_bounce,-1,8.901428571428239,20392.42,20396.065208333333,20383.657708333332,20404.336875,20472.78258203647,20477.233296322185,20468.331867750756,False,False,False,-714.7381852227784
1,2024-10-28 13:39:00+00:00,2024-10-28,2024-10-28 20:00:00+00:00,292204,value_area_bounce,1,19.67928571428586,20479.88,20476.654375,20464.095625,20485.026875,20475.198894637226,20485.03853749437,20465.359251780083,False,False,False,1729.3247002073667
1,2024-10-28 13:46:00+00:00,2024-10-28,2024-10-28 20:00:00+00:00,292211,value_area_bounce,1,17.87571428571443,20468.0,20474.9125,20456.8125,20479.4375,20471.196618065052,20480.13447520791,20462.258760922196,False,False,False,2608.0068543286734
1,2024-10-28 13:49:00+00:00,2024-10-28,2024-10-28 20:00:00+00:00,292214,value_area_bounce,1,17.867142857143076,20456.13,20474.183333333334,20455.916666666664,20478.75,20469.75528901366,20478.68886044223,20460.82171758509,False,False,False,7146.493700915905
1,2024-10-28 14:00:00+00:00,2024-10-28,2024-10-28 20:00:00+00:00,292225,value_area_bounce,1,16.991428571428646,20457.63,20462.201875000002,20441.226875,20477.933125000003,20462.195245156396,20470.69095944211,20453.699530870683,False,False,False,2564.4034957543054
1,2024-10-28 15:33:00+00:00,2024-10-28,2024-10-28 20:00:00+00:00,292318,value_area_bounce,1,11.257857142856924,20442.0,20447.301875,20433.34354166667,20457.770625,20463.104213683873,20468.733142255303,20457.475285112443,False,False,False,2445.6685183235622
1,2024-10-28 15:37:00+00:00,2024-10-28,2024-10-28 20:00:00+00:00,292322,value_area_bounce,1,12.257142857142494,20446.25,20447.089166666665,20428.059166666666,20450.260833333334,20462.235675081956,20468.364246510526,20456.107103653387,False,False,False,4268.024499144026
1,2024-10-28 18:00:00+00:00,2024-10-28,2024-10-28 20:00:00+00:00,292465,value_area_bounce,-1,7.19571428571414,20436.25,20437.06229166667,20428.103958333333,20443.78104166667,20450.875055957404,20454.47291310026,20447.277198814547,False,False,False,-0.6760130041917591
1,2024-10-28 18:10:00+00:00,2024-10-28,2024-10-28 20:00:00+00:00,292475,value_area_bounce,-1,7.2849999999998545,20438.0,20436.739583333336,20433.442083333335,20445.532916666667,20450.601982729564,20454.244482729562,20446.959482729566,False,False,False,-738.2321914820942
1,2024-10-28 18:26:00+00:00,2024-10-28,2024-10-28 20:00:00+00:00,292491,value_area_bounce,1,7.50571428571415,20436.25,20434.5575,20430.322500000002,20445.850833333334,20449.996840412667,20453.749697555522,20446.24398326981,False,False,False,1253.2900832846585
1,2024-10-28 18:38:00+00:00,2024-10-28,2024-10-28 20:00:00+00:00,292503,value_area_bounce,1,8.197142857143003,20419.0,20431.551875,20416.270625,20438.34354166667,20449.371880782437,20453.470452211008,20445.273309353866,False,False,False,1434.4036155886367
1,2024-10-28 18:50:00+00:00,2024-10-28,2024-10-28 20:00:00+00:00,292515,value_area_bounce,1,8.284999999999854,20420.38,20422.53625,20413.28625,20436.41125,20448.487935594458,20452.63043559446,20444.345435594456,False,False,False,1857.9606523032185
1,2024-10-28 19:00:00+00:00,2024-10-28,2024-10-28 20:00:00+00:00,292525,value_area_bounce,1,9.412142857143149,20424.38,20422.525625000002,20416.104375000003,20431.087291666667,20447.966617880535,20452.672689309107,20443.260546451962,False,False,False,1769.7091317465915
1,2024-10-28 19:38:00+00:00,2024-10-28,2024-10-28 20:00:00+00:00,292563,value_area_bounce,-1,7.151428571428498,20411.5,20416.68729166667,20395.752291666668,20420.176458333335,20446.05695914192,20449.632673427634,20442.481244856204,False,False,False,-785.7564846332067
1,2024-10-28 19:42:00+00:00,2024-10-28,2024-10-28 20:00:00+00:00,292567,value_area_bounce,-1,7.598571428571502,20408.75,20416.68729166667,20397.496875,20416.68729166667,20445.85669407483,20449.655979789117,20442.057408360546,False,False,False,-389.5417206638083
1,2024-10-28 19:50:00+00:00,2024-10-28,2024-10-28 20:00:00+00:00,292575,value_area_bounce,1,6.839285714285714,20408.75,20409.370000000003,20407.989999999998,20416.27,20445.43032015131,20448.84996300845,20442.01067729417,False,False,False,1169.3852913698427
1,2024-10-28 19:54:00+00:00,2024-10-28,2024-10-28 20:00:00+00:00,292579,value_area_bounce,1,7.936428571428353,20405.75,20409.84354166667,20405.172291666666,20416.071875,20445.03133826907,20448.999552554782,20441.063123983356,False,False,False,1763.0409841171818
1,2024-10-29 13:30:00+00:00,2024-10-29,2024-10-29 20:00:00+00:00,293575,value_area_bounce,-1,6.886428571429341,20385.67,20383.13479166667,20379.72854166667,20387.676458333335,20395.54333333333,20398.986547619046,20392.100119047616,False,False,False,-3760.35606715594
1,2024-10-29 15:09:00+00:00,2024-10-29,2024-10-29 20:00:00+00:00,293674,value_area_bounce,1,11.099285714285154,20471.92,20472.42,20461.92,20493.42,20422.215610398238,20427.76525325538,20416.665967541096,False,False,False,453.2291618325082
1,2024-10-29 15:10:00+00:00,2024-10-29,2024-10-29 20:00:00+00:00,293675,value_area_bounce,1,11.52785714285658,20474.54,20472.42,20465.42,20493.42,20422.663806372384,20428.427734943813,20416.899877800955,False,False,False,1532.5852908647662
1,2024-10-29 15:37:00+00:00,2024-10-29,2024-10-29 20:00:00+00:00,293702,value_area_bounce,1,9.66857142857199,20492.04,20488.754374999997,20479.221875,20495.109375,20430.698988384953,20435.533274099238,20425.864702670668,False,False,False,905.7837907177974
1,2024-10-29 16:28:00+00:00,2024-10-29,2024-10-29 20:00:00+00:00,293753,value_area_bounce,-1,9.169285714285902,20506.29,20500.330833333333,20493.345833333333,20516.629166666666,20443.11982422755,20447.70446708469,20438.535181370407,False,False,False,-3509.8600066698086
1,2024-10-29 16:38:00+00:00,2024-10-29,2024-10-29 20:00:00+00:00,293763,value_area_bounce,1,9.11428571428665,20502.54,20512.915416666667,20493.122083333335,20522.81208333333,20445.113792446762,20449.670935303904,20440.55664958962,False,False,False,1815.7211558132472
1,2024-10-29 17:21:00+00:00,2024-10-29,2024-10-29 20:00:00+00:00,293806,value_area_bounce,-1,7.801428571427875,20556.04,20568.755416666667,20521.83125,20573.021249999998,20458.025128452795,20461.92584273851,20454.12441416708,False,False,False,-381.4177152172149
1,2024-10-29 19:37:00+00:00,2024-10-29,2024-10-29 20:00:00+00:00,293942,value_area_bounce,-1,6.764285714285767,20619.29,20589.230625,20584.678125,20625.650625,20483.89267788544,20487.274820742583,20480.510535028297,False,False,False,-1447.6472902540036
1,2024-10-29 19:39:00+00:00,2024-10-29,2024-10-29 20:00:00+00:00,293944,value_area_bounce,-1,6.362857142857008,20619.67,20589.230625,20584.678125,20625.650625,20484.291573083137,20487.473001654565,20481.11014451171,False,False,False,-2597.4106700314105
1,2024-10-30 13:45:00+00:00,2024-10-30,2024-10-30 20:00:00+00:00,294970,value_area_bounce,1,22.08642857142851,20451.38,20521.44125,20439.53041666667,20546.644583333335,20508.943747407284,20519.986961692997,20497.90053312157,False,False,False,1416.5235235969176
1,2024-10-30 16:33:00+00:00,2024-10-30,2024-10-30 20:00:00+00:00,295138,value_area_bounce,1,8.723571428571502,20545.75,20567.828125,20545.484375,20571.890625,20537.190725713874,20541.55251142816,20532.82893999959,False,False,False,787.8661024171022
1,2024-10-30 16:56:00+00:00,2024-10-30,2024-10-30 20:00:00+00:00,295161,value_area_bounce,-1,6.964285714285714,20541.75,20550.322500000002,20538.8525,20552.23416666667,20537.73797361373,20541.22011647087,20534.25583075659,False,False,False,-698.1775077670111
1,2024-10-30 16:57:00+00:00,2024-10-30,2024-10-30 20:00:00+00:00,295162,value_area_bounce,1,7.205714285714358,20543.13,20549.958125,20537.961875,20549.958125,20537.74811454507,20541.350971687927,20534.14525740221,False,False,False,573.2382905525525
1,2024-10-30 17:01:00+00:00,2024-10-30,2024-10-30 20:00:00+00:00,295166,value_area_bounce,1,8.117142857143076,20537.75,20541.540833333333,20537.555833333332,20549.510833333334,20537.767947902074,20541.826519330643,20533.709376473504,False,False,False,369.0387921655007
1,2024-10-30 17:20:00+00:00,2024-10-30,2024-10-30 20:00:00+00:00,295185,value_area_bounce,1,7.263571428571075,20537.5,20541.619583333333,20535.05625,20553.105416666665,20537.6170353376,20541.248821051886,20533.985249623314,False,False,False,335.6859119318024
1,2024-10-30 17:22:00+00:00,2024-10-30,2024-10-30 20:00:00+00:00,295187,value_area_bounce,1,7.6478571428568625,20535.5,20541.619583333333,20535.05625,20553.105416666665,20537.588282939225,20541.412211510655,20533.764354367795,False,False,False,599.7118219943767
1,2024-10-30 17:47:00+00:00,2024-10-30,2024-10-30 20:00:00+00:00,295212,value_area_bounce,1,12.65214285714293,20493.38,20531.636875,20486.431458333333,20548.075208333335,20533.61648394261,20539.94255537118,20527.290412514038,False,False,False,1319.3034750718834
1,2024-10-30 19:12:00+00:00,2024-10-30,2024-10-30 20:00:00+00:00,295297,value_area_bounce,1,11.562142857142785,20489.88,20504.168125,20483.791458333333,20511.809375,20526.605159601193,20532.386231029763,20520.824088172623,False,False,False,1011.8526696987624
1,2024-10-30 19:38:00+00:00,2024-10-30,2024-10-30 20:00:00+00:00,295323,value_area_bounce,1,10.339285714285714,20463.75,20466.06229166667,20462.864375,20491.645625,20523.592268487395,20528.761911344536,20518.422625630254,False,False,False,1928.3599696208507
1,2024-10-30 19:39:00+00:00,2024-10-30,2024-10-30 20:00:00+00:00,295324,value_area_bounce,1,10.08071428571436,20464.5,20466.06229166667,20459.666458333333,20488.447708333333,20523.451114179185,20528.491471322042,20518.410757036327,False,False,False,2926.400515282295
1,2024-10-30 19:47:00+00:00,2024-10-30,2024-10-30 20:00:00+00:00,295332,value_area_bounce,1,10.29428571428564,20458.63,20467.698125,20456.719791666666,20478.676458333335,20522.4778686636,20527.62501152074,20517.330725806456,False,False,False,305.90095392267835
1,2024-10-31 15:18:00+00:00,2024-10-31,2024-10-31 20:00:00+00:00,296443,value_area_bounce,1,17.48499999999954,19987.51,20026.735,19978.665,20044.215000000004,20067.353177444995,20076.095677444995,20058.610677444995,False,False,False,371.2566901104042
1,2024-10-31 16:05:00+00:00,2024-10-31,2024-10-31 20:00:00+00:00,296490,value_area_bounce,-1,13.854285714286172,19967.01,19956.857291666667,19926.080625000002,19976.092708333337,20048.020659469148,20054.947802326293,20041.093516612003,False,False,False,-3843.496192666533
1,2024-10-31 16:25:00+00:00,2024-10-31,2024-10-31 20:00:00+00:00,296510,value_area_bounce,-1,13.009285714286047,19967.76,19962.99229166667,19942.504791666666,19980.065208333333,20043.2792343414,20049.783877198544,20036.774591484256,False,False,False,-285.795739597143
1,2024-10-31 16:28:00+00:00,2024-10-31,2024-10-31 20:00:00+00:00,296513,value_area_bounce,-1,13.928571428571429,19969.01,19962.99229166667,19942.504791666666,19980.065208333333,20042.274023186394,20049.23830890068,20035.309737472107,False,False,False,-2640.0581027941416
1,2024-10-31 17:10:00+00:00,2024-10-31,2024-10-31 20:00:00+00:00,296555,value_area_bounce,-1,9.08285714285947,19997.76,19986.436875000003,19975.863958333335,20005.468125000003,20036.92623799102,20041.46766656245,20032.384809419593,False,False,False,-1831.6845305188049
1,2024-10-31 18:35:00+00:00,2024-10-31,2024-10-31 20:00:00+00:00,296640,value_area_bounce,-1,12.324285714285256,19920.26,19920.41604166667,19920.41604166667,19934.35354166667,20020.677900343755,20026.840043200897,20014.515757486613,False,False,False,-2911.0872451936048
1,2024-10-31 18:38:00+00:00,2024-10-31,2024-10-31 20:00:00+00:00,296643,value_area_bounce,1,13.132857142856144,19927.26,19919.352291666666,19919.352291666666,19936.015208333334,20019.809634087993,20026.37606265942,20013.243205516566,False,False,False,2524.6645384504623
1,2024-10-31 18:40:00+00:00,2024-10-31,2024-10-31 20:00:00+00:00,296645,value_area_bounce,1,13.04357142857043,19927.51,19919.352291666666,19919.352291666666,19933.634791666667,20019.36521827915,20025.887003993434,20012.843432564863,False,False,False,2688.3585856234704
1,2024-10-31 18:44:00+00:00,2024-10-31,2024-10-31 20:00:00+00:00,296649,value_area_bounce,1,13.79357142857043,19933.01,19920.244375,19918.379791666666,19931.431875,20018.599582506806,20025.49636822109,20011.70279679252,False,False,False,1296.5169900970295
1,2024-10-31 18:52:00+00:00,2024-10-31,2024-10-31 20:00:00+00:00,296657,value_area_bounce,-1,10.829999999999668,19926.140000000003,19920.244375,19918.379791666666,19929.567291666666,20017.103752881838,20022.51875288184,20011.688752881837,False,False,False,-1372.3509680868149
1,2024-10-31 19:30:00+00:00,2024-10-31,2024-10-31 20:00:00+00:00,296695,value_area_bounce,-1,10.49928571428505,19968.01,19926.332916666666,19915.770416666666,19972.10375,20013.257937016235,20018.507579873378,20008.00829415909,False,False,False,-1612.560061800451
1,2024-10-31 19:52:00+00:00,2024-10-31,2024-10-31 20:00:00+00:00,296717,value_area_bounce,-1,14.25071428571495,19981.76,19964.338125,19964.338125,19992.088125,20011.99734740257,20019.122704545425,20004.87199025971,False,False,False,-1984.382880338622
1,2024-10-31 19:57:00+00:00,2024-10-31,2024-10-31 20:00:00+00:00,296722,value_area_bounce,1,18.595714285715076,19971.76,19971.597500000003,19963.747499999998,19991.222499999996,20010.725536429523,20020.02339357238,20001.427679286666,False,False,False,70.94913765997035
1,2024-11-01 13:30:00+00:00,2024-11-01,2024-11-01 20:00:00+00:00,297715,value_area_bounce,1,8.865714285714473,19981.29,20000.926458333335,19979.526875,20022.326041666667,19974.373333333333,19978.80619047619,19969.940476190477,False,False,False,5430.48868577917
1,2024-11-01 13:32:00+00:00,2024-11-01,2024-11-01 20:00:00+00:00,297717,value_area_bounce,1,11.427857142857517,19995.67,19994.08375,19980.73375,20027.45875,19985.65108606281,19991.36501463424,19979.937157491382,False,False,False,10457.881884585544
1,2024-11-01 13:34:00+00:00,2024-11-01,2024-11-01 20:00:00+00:00,297719,value_area_bounce,1,13.552857142857517,20013.67,19996.165833333333,19989.709166666667,20025.220833333333,19991.222906174906,19997.999334746335,19984.446477603477,False,False,False,13111.592102847608
1,2024-11-01 13:36:00+00:00,2024-11-01,2024-11-01 20:00:00+00:00,297721,value_area_bounce,1,15.927857142857517,19999.54,20000.440000000002,19982.04,20009.640000000003,19992.533320104198,20000.497248675627,19984.56939153277,False,False,False,4826.846549156412
1,2024-11-01 13:38:00+00:00,2024-11-01,2024-11-01 20:00:00+00:00,297723,value_area_bounce,1,17.713571428571804,20000.17,19991.24,19988.173333333336,20006.573333333334,19992.99354180532,20001.850327519605,19984.136756091037,False,False,False,756.7018576324517
1,2024-11-01 14:40:00+00:00,2024-11-01,2024-11-01 20:00:00+00:00,297785,value_area_bounce,-1,15.209285714286514,20123.79,20066.877083333333,20036.79791666667,20145.082916666666,20070.939368237527,20078.54401109467,20063.334725380384,False,False,False,-5248.958496079575
1,2024-11-01 14:48:00+00:00,2024-11-01,2024-11-01 20:00:00+00:00,297793,value_area_bounce,1,19.371428571428623,20087.54,20145.082916666666,20078.908750000002,20169.146249999998,20073.660815186657,20083.346529472372,20063.97510090094,False,False,False,2248.935436374457
1,2024-11-01 14:52:00+00:00,2024-11-01,2024-11-01 20:00:00+00:00,297797,value_area_bounce,1,21.16285714285706,20086.29,20145.082916666666,20084.924583333333,20169.146249999998,20074.468452509605,20085.049881081035,20063.887023938176,False,False,False,2331.21862151032
1,2024-11-01 14:53:00+00:00,2024-11-01,2024-11-01 20:00:00+00:00,297798,value_area_bounce,1,21.43928571428582,20086.54,20145.082916666666,20084.924583333333,20169.146249999998,20074.582422240765,20085.30206509791,20063.86277938362,False,False,False,2460.075932073669
1,2024-11-01 17:31:00+00:00,2024-11-01,2024-11-01 20:00:00+00:00,297956,value_area_bounce,-1,10.375,20116.29,20106.961875,20100.024375,20131.243125,20104.28870817145,20109.47620817145,20099.10120817145,False,False,False,-1905.8731550087452
1,2024-11-01 19:25:00+00:00,2024-11-01,2024-11-01 20:00:00+00:00,298070,value_area_bounce,-1,8.617142857142296,20080.17,20064.929375,20051.646875,20087.066874999997,20096.12000624948,20100.42857767805,20091.81143482091,False,False,False,-1560.2911851820063
1,2024-11-01 19:27:00+00:00,2024-11-01,2024-11-01 20:00:00+00:00,298072,value_area_bounce,-1,8.813571428570867,20079.04,20062.715625,20051.646875,20087.066874999997,20096.06624972303,20100.473035437317,20091.659464008742,False,False,False,-1658.7916232225102
1,2024-11-01 19:44:00+00:00,2024-11-01,2024-11-01 20:00:00+00:00,298089,value_area_bounce,-1,11.723571428571242,20070.67,20063.486458333333,20052.62604166667,20083.035208333335,20094.924908814002,20100.786694528288,20089.063123099717,False,False,False,-763.4193667105101
1,2024-11-04 14:50:00+00:00,2024-11-04,2024-11-04 21:00:00+00:00,299100,value_area_bounce,-1,20.963571428571804,20013.92,20030.62625,19969.16375,20047.38875,19990.26905028827,20000.750836002553,19979.787264573984,False,False,False,-2364.9282909525705
1,2024-11-04 15:01:00+00:00,2024-11-04,2024-11-04 21:00:00+00:00,299111,opening_range_breakout,1,18.947857142857433,20053.79,20018.918958333335,19985.576458333333,20041.147291666668,19998.59236159718,20008.06629016861,19989.118433025753,False,False,False,4026.965909969031
1,2024-11-04 15:02:00+00:00,2024-11-04,2024-11-04 21:00:00+00:00,299112,value_area_bounce,-1,19.08142857142905,20039.92,20018.918958333335,19985.576458333333,20046.704375,19999.795110130686,20009.3358244164,19990.25439584497,False,False,False,-1094.1461639406598
1,2024-11-04 16:03:00+00:00,2024-11-04,2024-11-04 21:00:00+00:00,299173,value_area_bounce,-1,11.499285714286088,20103.79,20086.206458333334,20074.925208333334,20105.008541666662,20040.03198716407,20045.781630021214,20034.28234430693,False,False,False,-2680.5358788843923
1,2024-11-04 18:12:00+00:00,2024-11-04,2024-11-04 21:00:00+00:00,299302,value_area_bounce,1,14.281428571428998,20042.79,20018.711666666662,20015.795,20042.045,20034.831144210177,20041.97185849589,20027.690429924463,False,False,False,3737.119406148826
1,2024-11-04 18:20:00+00:00,2024-11-04,2024-11-04 21:00:00+00:00,299310,value_area_bounce,-1,13.73285714285677,20046.79,20042.947291666664,20019.903958333332,20048.708124999997,20035.27860552506,20042.14503409649,20028.412176953632,False,False,False,-1738.9235746008674
1,2024-11-04 18:28:00+00:00,2024-11-04,2024-11-04 21:00:00+00:00,299318,value_area_bounce,-1,10.577142857142722,20043.79,20049.004374999997,20021.627708333333,20055.848541666666,20035.847615191367,20041.13618661994,20030.559043762794,False,False,False,-3661.016604408216
1,2024-11-04 19:32:00+00:00,2024-11-04,2024-11-04 21:00:00+00:00,299382,value_area_bounce,1,8.496428571428623,20058.04,20060.841875,20056.446041666662,20071.831458333334,20038.540264544383,20042.788478830098,20034.292050258668,False,False,False,1253.0148843205634
1,2024-11-04 20:43:00+00:00,2024-11-04,2024-11-04 21:00:00+00:00,299453,value_area_bounce,1,10.839285714285714,20015.42,20038.061875,20010.851875,20051.666875,20037.650089384515,20043.069732241656,20032.230446527374,False,False,False,1495.6008841518224
1,2024-11-05 15:11:00+00:00,2024-11-05,2024-11-05 21:00:00+00:00,300501,value_area_bounce,-1,17.122142857143313,20176.230000000003,20120.15520833333,20052.223958333336,20180.53854166667,20151.77059228569,20160.331663714263,20143.20952085712,False,False,False,-4548.6765213821545
1,2024-11-05 15:56:00+00:00,2024-11-05,2024-11-05 21:00:00+00:00,300546,value_area_bounce,1,13.491428571428903,20163.85,20192.917500000003,20156.62583333334,20198.50083333334,20168.328289823945,20175.074004109658,20161.582575538232,False,False,False,68.00260245910613
1,2024-11-05 18:03:00+00:00,2024-11-05,2024-11-05 21:00:00+00:00,300673,value_area_bounce,1,8.391428571427241,20270.1,20274.40708333334,20266.386250000003,20279.21958333334,20192.16568833091,20196.361402616625,20187.969974045198,False,False,False,1751.0162600500348
1,2024-11-05 18:42:00+00:00,2024-11-05,2024-11-05 21:00:00+00:00,300712,value_area_bounce,1,10.688571428572427,20231.230000000003,20258.985416666663,20227.672916666663,20272.902083333334,20197.073234837007,20202.417520551295,20191.72894912272,False,False,False,3301.3905608467007
1,2024-11-05 18:45:00+00:00,2024-11-05,2024-11-05 21:00:00+00:00,300715,value_area_bounce,1,10.626428571429901,20227.6,20234.303125,20227.407291666663,20268.782291666663,20197.31607152984,20202.629285815554,20192.002857244126,False,False,False,2424.1400415100998
1,2024-11-05 19:25:00+00:00,2024-11-05,2024-11-05 21:00:00+00:00,300755,value_area_bounce,1,8.134285714286047,20226.6,20222.709375,20217.240625,20230.001041666663,20199.58989063914,20203.657033496285,20195.522747781997,False,False,False,1904.5235034196362
1,2024-11-05 20:00:00+00:00,2024-11-05,2024-11-05 21:00:00+00:00,300790,value_area_bounce,1,10.489999999999002,20204.6,20217.537291666667,20192.727708333332,20233.325208333335,20201.21452853688,20206.459528536878,20195.96952853688,False,False,False,1598.8655808214626
1,2024-11-05 20:42:00+00:00,2024-11-05,2024-11-05 21:00:00+00:00,300832,value_area_bounce,-1,9.375,20226.35,20201.681458333333,20193.040208333332,20236.246458333335,20203.63769532419,20208.32519532419,20198.95019532419,False,False,False,-1619.274337133909
1,2024-11-05 20:52:00+00:00,2024-11-05,2024-11-05 21:00:00+00:00,300842,value_area_bounce,1,9.606428571427907,20229.85,20235.642083333332,20222.43791666667,20240.92375,20204.189246448677,20208.992460734393,20199.38603216296,False,False,False,138.68253870170156
1,2024-11-05 20:54:00+00:00,2024-11-05,2024-11-05 21:00:00+00:00,300844,value_area_bounce,-1,10.427857142856478,20233.1,20236.730625000004,20224.099374999998,20239.256875,20204.411255377694,20209.625183949123,20199.197326806265,False,False,False,-1293.3867259629735
1,2024-11-05 20:55:00+00:00,2024-11-05,2024-11-05 21:00:00+00:00,300845,value_area_bounce,-1,10.900714285713288,20235.85,20235.735625,20223.833541666667,20240.496458333335,20204.545105158133,20209.99546230099,20199.094748015275,False,False,False,-1178.1270380492929
1,2024-11-06 14:30:00+00:00,2024-11-06,2024-11-06 21:00:00+00:00,301840,value_area_bounce,-1,14.56000000000053,20591.5,20580.69375,20573.38125,20597.75625,20595.97666666667,20603.256666666668,20588.69666666667,False,False,False,-1594.1501539341514
1,2024-11-06 18:20:00+00:00,2024-11-06,2024-11-06 21:00:00+00:00,302070,value_area_bounce,-1,8.508571428571356,20757.0,20758.833333333336,20721.5,20758.833333333336,20662.90678587127,20667.161071585557,20658.652500156983,False,False,False,-138.2165588116099
1,2024-11-06 18:21:00+00:00,2024-11-06,2024-11-06 21:00:00+00:00,302071,value_area_bounce,-1,8.535714285714286,20750.0,20758.833333333336,20721.5,20758.833333333336,20663.09541819397,20667.36327533683,20658.827561051112,False,False,False,-255.10941595446707
1,2024-11-06 18:53:00+00:00,2024-11-06,2024-11-06 21:00:00+00:00,302103,value_area_bounce,-1,8.803571428571429,20761.5,20755.921875,20735.390625,20771.890625,20668.76231416479,20673.164099879075,20664.360528450503,False,False,False,-1772.8147950611533
1,2024-11-06 19:08:00+00:00,2024-11-06,2024-11-06 21:00:00+00:00,302118,value_area_bounce,1,9.625,20781.25,20774.171875,20768.240625,20784.057291666664,20671.49895720781,20676.31145720781,20666.68645720781,False,False,False,1075.417819063723
1,2024-11-06 19:12:00+00:00,2024-11-06,2024-11-06 21:00:00+00:00,302122,value_area_bounce,1,9.036428571428717,20780.38,20774.171875,20768.240625,20782.080208333333,20672.213809568635,20676.73202385435,20667.69559528292,False,False,False,750.0880578518518
1,2024-11-06 19:46:00+00:00,2024-11-06,2024-11-06 21:00:00+00:00,302156,value_area_bounce,-1,7.25571428571415,20794.5,20789.09375,20775.53125,20798.78125,20677.37769886518,20681.005556008036,20673.749841722325,False,False,False,-397.9126415391031
1,2024-11-06 19:50:00+00:00,2024-11-06,2024-11-06 21:00:00+00:00,302160,value_area_bounce,-1,6.88071428571415,20793.75,20794.90625,20777.46875,20798.78125,20677.948608302744,20681.3889654456,20674.50825115989,False,False,False,-796.3086721379966
1,2024-11-06 20:23:00+00:00,2024-11-06,2024-11-06 21:00:00+00:00,302193,value_area_bounce,-1,8.499285714285568,20804.88,20794.231250000004,20778.89541666667,20813.948750000003,20683.730797332653,20687.980440189796,20679.48115447551,False,False,False,-202.33159374876607
1,2024-11-06 20:50:00+00:00,2024-11-06,2024-11-06 21:00:00+00:00,302220,value_area_bounce,-1,10.357857142857288,20821.75,20814.056666666667,20806.243333333332,20825.776666666665,20689.886296308843,20695.065224880273,20684.707367737414,False,False,False,-551.4328903961696
1,2024-11-06 20:57:00+00:00,2024-11-06,2024-11-06 21:00:00+00:00,302227,value_area_bounce,1,13.27714285714293,20812.75,20815.34875,20804.43625,20828.44375,20692.847185599076,20699.485757027647,20686.208614170504,False,False,False,4011.3968914402412
1,2024-11-07 14:49:00+00:00,2024-11-07,2024-11-07 21:00:00+00:00,303239,value_area_bounce,-1,13.714285714285714,20968.7,20978.028749999998,20922.018750000003,20978.028749999998,20963.944771929826,20970.801914786967,20957.087629072685,False,False,False,-1440.6662163442613
1,2024-11-07 14:51:00+00:00,2024-11-07,2024-11-07 21:00:00+00:00,303241,value_area_bounce,-1,13.04428571428564,20972.58,20932.884375,20896.334375000002,20974.003125000003,20964.657257740462,20971.179400597604,20958.13511488332,False,False,False,-1412.4459122411058
1,2024-11-07 16:05:00+00:00,2024-11-07,2024-11-07 21:00:00+00:00,303315,value_area_bounce,-1,11.54428571428564,21047.2,21021.418541666666,21000.106041666666,21053.387291666666,21005.98298079322,21011.75512365036,21000.210837936076,False,False,False,-3270.644507934714
1,2024-11-07 17:03:00+00:00,2024-11-07,2024-11-07 21:00:00+00:00,303373,value_area_bounce,-1,6.987142857142836,21077.45,21060.3025,21049.989166666666,21083.5075,21022.019893598354,21025.513465026925,21018.526322169782,False,False,False,-2500.8893954819114
1,2024-11-07 18:42:00+00:00,2024-11-07,2024-11-07 21:00:00+00:00,303472,value_area_bounce,1,8.004285714285547,21071.2,21085.7625,21069.9675,21087.5175,21036.583725266846,21040.585868123988,21032.581582409704,False,False,False,395.4926119409066
1,2024-11-07 18:50:00+00:00,2024-11-07,2024-11-07 21:00:00+00:00,303480,value_area_bounce,1,8.219285714285693,21089.7,21086.319583333334,21073.30541666667,21093.75625,21037.20404882969,21041.313691686835,21033.094405972548,False,False,False,908.7006704150219
1,2024-11-07 19:14:00+00:00,2024-11-07,2024-11-07 21:00:00+00:00,303504,value_area_bounce,-1,11.716428571428748,21098.33,21088.653125,21079.758125,21104.219375,21041.426933230017,21047.285147515733,21035.5687189443,False,False,False,-1299.1623042569065
1,2024-11-07 19:40:00+00:00,2024-11-07,2024-11-07 21:00:00+00:00,303530,value_area_bounce,-1,9.165714285714264,21097.58,21098.689583333333,21089.40625,21103.331250000003,21045.77496910311,21050.357826245967,21041.192111960252,False,False,False,-4101.348867703915
1,2024-11-07 20:12:00+00:00,2024-11-07,2024-11-07 21:00:00+00:00,303562,value_area_bounce,-1,10.526428571428498,21132.7,21139.10625,21102.66875,21145.73125,21055.227576438992,21060.490790724707,21049.964362153278,False,False,False,-513.8373495641599
1,2024-11-07 20:50:00+00:00,2024-11-07,2024-11-07 21:00:00+00:00,303600,value_area_bounce,-1,9.133571428571356,21130.58,21134.960208333338,21133.345625,21149.491458333338,21063.70330618502,21068.270091899307,21059.136520470733,False,False,False,-1002.4237052186086
1,2024-11-08 14:42:00+00:00,2024-11-08,2024-11-08 21:00:00+00:00,304612,value_area_bounce,-1,16.349285714285674,21120.08,21114.15625,21066.643750000003,21126.826250000002,21124.53653861106,21132.711181468203,21116.36189575392,False,False,False,-285.840553833837
1,2024-11-08 15:00:00+00:00,2024-11-08,2024-11-08 21:00:00+00:00,304630,value_area_bounce,1,12.372142857143055,21126.33,21124.418333333335,21114.165,21132.108333333337,21119.558412640185,21125.744484068757,21113.372341211612,False,False,False,329.6377738198826
1,2024-11-08 15:10:00+00:00,2024-11-08,2024-11-08 21:00:00+00:00,304640,opening_range_breakout,-1,15.209999999999907,21077.960000000003,21124.662083333336,21109.507083333338,21134.76541666667,21114.791453124355,21122.396453124355,21107.186453124355,False,False,False,-5125.4455711785795
1,2024-11-08 18:23:00+00:00,2024-11-08,2024-11-08 21:00:00+00:00,304833,value_area_bounce,-1,5.321428571428571,21130.460000000003,21132.215208333335,21125.372708333336,21136.776875000003,21112.163234783402,21114.823949069116,21109.50252049769,False,False,False,-998.2606277260311
1,2024-11-08 18:50:00+00:00,2024-11-08,2024-11-08 21:00:00+00:00,304860,value_area_bounce,-1,6.411428571428717,21154.33,21138.995625000003,21124.374375,21159.883125,21114.876365034568,21118.082079320284,21111.670650748852,False,False,False,-1469.9351211598473
1,2024-11-08 19:40:00+00:00,2024-11-08,2024-11-08 21:00:00+00:00,304910,value_area_bounce,-1,5.318571428571626,21166.83,21159.574791666666,21154.866458333338,21167.814375,21118.57153632751,21121.230822041794,21115.912250613223,False,False,False,-713.2481823389929
1,2024-11-08 19:43:00+00:00,2024-11-08,2024-11-08 21:00:00+00:00,304913,value_area_bounce,-1,5.792142857143127,21168.08,21159.61125,21155.54875,21170.444583333338,21118.843589065884,21121.739660494455,21115.947517637313,False,False,False,-832.9985583765199
1,2024-11-08 19:45:00+00:00,2024-11-08,2024-11-08 21:00:00+00:00,304915,value_area_bounce,-1,5.7150000000001455,21163.58,21159.61125,21156.902916666666,21170.444583333338,21119.0122622056,21121.8697622056,21116.154762205602,False,False,False,-638.4708299258988
1,2024-11-08 20:50:00+00:00,2024-11-08,2024-11-08 21:00:00+00:00,304980,value_area_bounce,1,7.714999999999885,21133.460000000003,21136.100833333338,21130.059166666666,21140.934166666666,21121.338798881494,21125.196298881492,21117.481298881496,False,False,False,493.04065832195965
1,2024-11-08 20:53:00+00:00,2024-11-08,2024-11-08 21:00:00+00:00,304983,value_area_bounce,1,8.45642857142853,21133.58,21128.542500000003,21127.3675,21136.7675,21121.436053769416,21125.66426805513,21117.2078394837,False,False,False,2664.3407044055157
1,2024-11-08 20:57:00+00:00,2024-11-08,2024-11-08 21:00:00+00:00,304987,value_area_bounce,1,9.48357142857146,21139.83,21128.542500000003,21127.3675,21136.7675,21121.608699934477,21126.350485648763,21116.86691422019,False,False,False,738.0603814840296
1,2024-11-11 15:01:00+00:00,2024-11-11,2024-11-11 21:00:00+00:00,305996,opening_range_breakout,-1,15.659999999999854,21078.63,21193.512499999997,21116.1625,21210.087499999998,21144.708807090887,21152.53880709089,21136.878807090885,False,False,False,-7272.38741622748
1,2024-11-11 16:15:00+00:00,2024-11-11,2024-11-11 21:00:00+00:00,306070,value_area_bounce,1,10.532142857142649,21134.5,21136.755208333336,21126.546875,21154.619791666664,21131.01992338025,21136.28599480882,21125.75385195168,False,False,False,395.84127838256677
1,2024-11-11 16:30:00+00:00,2024-11-11,2024-11-11 21:00:00+00:00,306085,value_area_bounce,1,9.061428571428353,21130.25,21125.088541666664,21125.088541666664,21143.557291666664,21131.279007054807,21135.80972134052,21126.748292769094,False,False,False,1619.8003541214603
1,2024-11-11 16:32:00+00:00,2024-11-11,2024-11-11 21:00:00+00:00,306087,value_area_bounce,1,9.427857142856997,21126.0,21125.15,21119.79,21139.443333333333,21131.211768930047,21135.925697501476,21126.497840358617,False,False,False,201.76186317490465
1,2024-11-11 16:35:00+00:00,2024-11-11,2024-11-11 21:00:00+00:00,306090,value_area_bounce,1,9.911428571428717,21123.25,21125.15,21119.79,21139.443333333333,21131.0113762347,21135.967090520415,21126.055661948983,False,False,False,695.5289793922504
1,2024-11-11 17:01:00+00:00,2024-11-11,2024-11-11 21:00:00+00:00,306116,value_area_bounce,1,9.991428571428644,21125.75,21122.447916666664,21112.072916666664,21131.09375,21129.904262530923,21134.899976816636,21124.90854824521,False,False,False,1074.920521235355
1,2024-11-11 18:23:00+00:00,2024-11-11,2024-11-11 21:00:00+00:00,306198,value_area_bounce,1,10.77714285714293,21035.0,21039.660208333335,21017.127708333333,21080.969791666666,21116.45497698321,21121.84354841178,21111.066405554637,False,False,False,422.18354380688174
1,2024-11-11 19:48:00+00:00,2024-11-11,2024-11-11 21:00:00+00:00,306283,value_area_bounce,1,5.617142857143075,21090.0,21084.900625000002,21081.571875,21091.558125000003,21111.009525070425,21113.818096498995,21108.200953641855,False,False,False,277.41076352096434
1,2024-11-11 20:30:00+00:00,2024-11-11,2024-11-11 21:00:00+00:00,306325,value_area_bounce,-1,5.599285714285933,21106.0,21089.670625,21080.513124999998,21107.985625,21110.393438988325,21113.193081845468,21107.593796131183,False,False,False,-32.461324967800806
1,2024-11-12 14:30:00+00:00,2024-11-12,2024-11-12 21:00:00+00:00,307345,value_area_bounce,-1,6.999285714285828,21124.01,21131.599375,21116.495208333334,21137.64104166667,21128.053333333333,21131.552976190476,21124.55369047619,False,False,False,-1912.7928624915817
1,2024-11-12 14:31:00+00:00,2024-11-12,2024-11-12 21:00:00+00:00,307346,value_area_bounce,-1,8.356428571428946,21114.51,21128.57854166667,21119.51604166667,21133.10979166667,21125.054059794493,21129.23227408021,21120.875845508777,False,False,False,-6187.771650348164
1,2024-11-12 14:44:00+00:00,2024-11-12,2024-11-12 21:00:00+00:00,307359,value_area_bounce,1,16.759285714286047,21133.26,21154.799583333333,21124.989583333336,21154.799583333333,21135.082892540297,21143.46253539744,21126.703249683153,False,False,False,651.6374330729259
1,2024-11-12 14:58:00+00:00,2024-11-12,2024-11-12 21:00:00+00:00,307373,value_area_bounce,-1,12.908571428572552,21144.26,21128.999375000003,21117.374375000003,21149.343125000003,21138.059107704892,21144.51339341918,21131.604821990604,False,False,False,-1075.336312894689
1,2024-11-12 15:02:00+00:00,2024-11-12,2024-11-12 21:00:00+00:00,307377,value_area_bounce,-1,13.814285714287378,21140.26,21128.999375000003,21117.374375000003,21152.249375000003,21139.462098116637,21146.36924097378,21132.554955259493,False,False,False,-778.1135596994382
1,2024-11-12 16:19:00+00:00,2024-11-12,2024-11-12 21:00:00+00:00,307454,value_area_bounce,1,10.133571428571097,21117.26,21110.274791666667,21110.274791666667,21145.58979166667,21131.22604818017,21136.29283389446,21126.159262465884,False,False,False,2399.67911667079
1,2024-11-12 17:04:00+00:00,2024-11-12,2024-11-12 21:00:00+00:00,307499,value_area_bounce,1,11.259285714286047,21087.51,21100.495000000003,21076.795,21105.235,21122.554558701875,21128.18420155902,21116.92491584473,False,False,False,2148.781213598955
1,2024-11-12 17:26:00+00:00,2024-11-12,2024-11-12 21:00:00+00:00,307521,value_area_bounce,1,8.927857142856478,21075.51,21078.952500000003,21065.827500000003,21084.202500000003,21117.957384644425,21122.421313215855,21113.493456072996,False,False,False,672.1745255746557
1,2024-11-12 18:20:00+00:00,2024-11-12,2024-11-12 21:00:00+00:00,307575,value_area_bounce,-1,10.17928571428638,21037.76,20991.428333333337,20977.038333333338,21048.988333333335,21101.60053425313,21106.690177110275,21096.51089139599,False,False,False,-1734.503380288084
1,2024-11-12 19:26:00+00:00,2024-11-12,2024-11-12 21:00:00+00:00,307641,value_area_bounce,-1,7.590000000000665,21110.76,21101.848958333336,21083.581875,21114.896875000002,21098.778021663296,21102.5730216633,21094.983021663294,False,False,False,-844.0862186131267
1,2024-11-12 19:52:00+00:00,2024-11-12,2024-11-12 21:00:00+00:00,307667,value_area_bounce,-1,5.867142857143855,21113.390000000003,21103.801666666666,21096.71833333333,21117.96833333333,21099.567994439836,21102.50156586841,21096.634423011263,False,False,False,-941.0697692184604
1,2024-11-12 20:24:00+00:00,2024-11-12,2024-11-12 21:00:00+00:00,307699,value_area_bounce,1,7.54285714285548,21109.01,21108.91625,21100.47875,21117.35375,21099.924483237603,21103.69591180903,21096.153054666174,False,False,False,1087.2102891852207
1,2024-11-12 20:26:00+00:00,2024-11-12,2024-11-12 21:00:00+00:00,307701,value_area_bounce,1,7.731428571427906,21102.51,21108.91625,21100.47875,21117.35375,21099.940047604923,21103.80576189064,21096.074333319208,False,False,False,338.53274492529357
1,2024-11-12 20:32:00+00:00,2024-11-12,2024-11-12 21:00:00+00:00,307707,value_area_bounce,1,7.0971428571418596,21103.51,21102.16625,21098.79125,21113.97875,21099.9620464832,21103.510617911772,21096.41347505463,False,False,False,247.57450354771447
1,2024-11-12 20:36:00+00:00,2024-11-12,2024-11-12 21:00:00+00:00,307711,value_area_bounce,1,7.382857142856145,21105.51,21102.623958333334,21099.863125,21109.526041666668,21099.982117675216,21103.673546246642,21096.29068910379,False,False,False,691.2862748133007
1,2024-11-12 20:50:00+00:00,2024-11-12,2024-11-12 21:00:00+00:00,307725,value_area_bounce,-1,7.760000000000998,21107.01,21102.394583333335,21099.362916666665,21111.489583333336,21100.356052253028,21104.23605225303,21096.476052253027,False,False,False,-753.8201155067492
1,2024-11-12 20:52:00+00:00,2024-11-12,2024-11-12 21:00:00+00:00,307727,value_area_bounce,-1,7.973571428571761,21100.01,21102.394583333335,21099.362916666665,21111.489583333336,21100.375762717274,21104.36254843156,21096.38897700299,False,False,False,-2547.137997972519
1,2024-11-12 20:57:00+00:00,2024-11-12,2024-11-12 21:00:00+00:00,307732,value_area_bounce,1,9.258571428571097,21104.01,21100.702500000003,21099.077500000003,21108.827500000003,21100.37933778689,21105.008623501177,21095.750052072603,False,False,False,2060.973174180947
1,2024-11-12 20:58:00+00:00,2024-11-12,2024-11-12 21:00:00+00:00,307733,value_area_bounce,1,9.384285714286047,21108.01,21100.702500000003,21099.077500000003,21108.827500000003,21100.39692030058,21105.089063157724,21095.704777443436,False,False,False,4981.390148348571
1,2024-11-12 20:59:00+00:00,2024-11-12,2024-11-12 21:00:00+00:00,307734,value_area_bounce,-1,10.02714285714319,21105.26,21100.702500000003,21099.077500000003,21108.827500000003,21100.487673853044,21105.501245281615,21095.474102424472,False,False,False,-1837.4201861879615
1,2024-11-13 14:30:00+00:00,2024-11-13,2024-11-13 21:00:00+00:00,308725,value_area_bounce,1,8.850000000001662,21099.54,21094.39375,21079.830416666664,21119.879583333335,21092.12,21096.545,21087.695,False,False,False,3641.868756847084
1,2024-11-13 14:32:00+00:00,2024-11-13,2024-11-13 21:00:00+00:00,308727,value_area_bounce,1,10.805714285716022,21092.29,21092.078125,21088.318541666667,21110.87604166667,21088.86720404112,21094.270061183975,21083.46434689826,False,False,False,4851.331644555557
1,2024-11-13 14:33:00+00:00,2024-11-13,2024-11-13 21:00:00+00:00,308728,value_area_bounce,1,11.751428571429901,21095.16,21085.97666666667,21085.97666666667,21108.376666666663,21089.53615909091,21095.411873376623,21083.660444805195,False,False,False,8365.251126611398
1,2024-11-13 14:36:00+00:00,2024-11-13,2024-11-13 21:00:00+00:00,308731,value_area_bounce,1,14.126428571429642,21099.91,21091.26625,21087.92875,21101.278749999998,21090.89274360091,21097.955957886625,21083.829529315197,False,False,False,5491.8358456795195
1,2024-11-13 14:37:00+00:00,2024-11-13,2024-11-13 21:00:00+00:00,308732,value_area_bounce,-1,16.162142857143927,21070.66,21092.675416666665,21086.59375,21101.79791666667,21089.592005702852,21097.673077131425,21081.51093427428,False,False,False,-1677.437273965796
1,2024-11-13 15:00:00+00:00,2024-11-13,2024-11-13 21:00:00+00:00,308755,opening_range_breakout,-1,18.964285714285715,21033.66,21093.269375,21073.625625,21110.106874999998,21078.016913401112,21087.499056258253,21068.53477054397,False,False,False,-1947.6838725607336
1,2024-11-13 16:40:00+00:00,2024-11-13,2024-11-13 21:00:00+00:00,308855,value_area_bounce,-1,11.892857142857142,21044.41,21030.899583333332,21021.087083333332,21057.06625,21049.049862379812,21054.99629095124,21043.103433808385,False,False,False,-2268.8234470122825
1,2024-11-13 16:45:00+00:00,2024-11-13,2024-11-13 21:00:00+00:00,308860,value_area_bounce,1,13.66928571428564,21054.16,21034.170416666668,21030.899583333332,21060.337083333332,21048.742348584063,21055.576991441205,21041.90770572692,False,False,False,4049.8399398703373
1,2024-11-13 19:03:00+00:00,2024-11-13,2024-11-13 21:00:00+00:00,308998,value_area_bounce,-1,7.481428571428426,21163.16,21154.914583333335,21132.647083333333,21172.23375,21070.965874537636,21074.706588823352,21067.22516025192,False,False,False,-637.5287194133596
1,2024-11-13 19:50:00+00:00,2024-11-13,2024-11-13 21:00:00+00:00,309045,value_area_bounce,1,11.639999999999938,21119.41,21152.535,21118.785,21178.785,21077.131187398234,21082.951187398234,21071.311187398234,False,False,False,1327.122925638869
1,2024-11-13 20:09:00+00:00,2024-11-13,2024-11-13 21:00:00+00:00,309064,value_area_bounce,1,10.023571428571293,21101.41,21103.101875,21096.174375000002,21134.275625000002,21077.98697791074,21082.998763625026,21072.975192196453,False,False,False,2057.804392902461
1,2024-11-13 20:32:00+00:00,2024-11-13,2024-11-13 21:00:00+00:00,309087,value_area_bounce,1,9.037142857143149,21099.91,21100.613125,21095.925625,21117.019375,21079.316390687614,21083.834962116187,21074.79781925904,False,False,False,956.6738904492128
1,2024-11-13 20:33:00+00:00,2024-11-13,2024-11-13 21:00:00+00:00,309088,value_area_bounce,1,10.662142857143149,21118.29,21100.613125,21095.925625,21117.019375,21079.433919499206,21084.76499092778,21074.102848070634,False,False,False,1453.2448421114386
1,2024-11-14 14:31:00+00:00,2024-11-14,2024-11-14 21:00:00+00:00,310106,value_area_bounce,-1,9.599285714285672,21071.18,21082.164166666666,21057.175833333335,21082.164166666666,21079.936744105406,21084.736386962548,21075.137101248263,False,False,False,-1264.8457114699377
1,2024-11-14 14:32:00+00:00,2024-11-14,2024-11-14 21:00:00+00:00,310107,value_area_bounce,-1,10.545714285714244,21069.43,21077.620833333334,21052.6325,21077.620833333334,21077.147163275193,21082.42002041805,21071.874306132337,False,False,False,-2903.530977089717
1,2024-11-14 14:33:00+00:00,2024-11-14,2024-11-14 21:00:00+00:00,310108,value_area_bounce,-1,11.295714285714244,21067.18,21077.620833333334,21054.904166666667,21077.620833333334,21075.614118373982,21081.261975516838,21069.966261231126,False,False,False,-4825.809918889261
1,2024-11-14 14:38:00+00:00,2024-11-14,2024-11-14 21:00:00+00:00,310113,value_area_bounce,-1,15.171428571428676,21074.93,21081.700625,21053.125625,21081.700625,21080.720199723997,21088.30591400971,21073.134485438284,False,False,False,-2666.771484797873
1,2024-11-14 14:39:00+00:00,2024-11-14,2024-11-14 21:00:00+00:00,310114,value_area_bounce,-1,15.70714285714296,21068.31,21081.700625,21053.125625,21081.700625,21080.06038949547,21087.91396092404,21072.206818066898,False,False,False,-7825.642626255847
1,2024-11-14 16:46:00+00:00,2024-11-14,2024-11-14 21:00:00+00:00,310241,value_area_bounce,-1,10.947142857143003,21034.43,21023.355833333335,21020.944166666668,21035.41416666667,21029.561763910053,21035.035335338624,21024.088192481482,False,False,False,-2059.6603060985653
1,2024-11-14 17:37:00+00:00,2024-11-14,2024-11-14 21:00:00+00:00,310292,value_area_bounce,1,12.648571428571293,20993.93,21026.096666666665,20987.096666666665,21034.763333333336,21024.674700454558,21030.998986168845,21018.35041474027,False,False,False,5604.941499532433
1,2024-11-14 18:00:00+00:00,2024-11-14,2024-11-14 21:00:00+00:00,310315,value_area_bounce,-1,16.757857142856924,20993.31,20999.27375,20967.77375,21003.21125,21020.799982837918,21029.178911409348,21012.421054266488,False,False,False,-641.3008938899036
1,2024-11-14 19:03:00+00:00,2024-11-14,2024-11-14 21:00:00+00:00,310378,value_area_bounce,1,13.329999999999927,21005.56,21014.533125,20989.815625,21039.250625,21018.7368002848,21025.401800284802,21012.0718002848,False,False,False,4097.977824433365
1,2024-11-14 20:50:00+00:00,2024-11-14,2024-11-14 21:00:00+00:00,310485,value_area_bounce,1,13.552857142856997,20923.18,20951.643125000002,20922.951875,20951.643125000002,21002.109615927508,21008.886044498937,20995.33318735608,False,False,False,1330.5496209452297
1,2024-11-14 20:53:00+00:00,2024-11-14,2024-11-14 21:00:00+00:00,310488,value_area_bounce,1,14.695714285714141,20926.93,20937.513125,20922.252708333333,20952.77354166667,21001.361252147257,21008.709109290114,20994.0133950044,False,False,False,2547.376263236152
1,2024-11-15 15:01:00+00:00,2024-11-15,2024-11-15 21:00:00+00:00,311516,opening_range_breakout,-1,18.72285714285707,20599.2,20627.63375,20612.011250000003,20664.08625,20642.764630416757,20652.126058988186,20633.40320184533,False,False,False,-6623.420352275457
1,2024-11-15 15:06:00+00:00,2024-11-15,2024-11-15 21:00:00+00:00,311521,value_area_bounce,1,16.034999999999854,20610.2,20632.29875,20604.98625,20665.073750000003,20638.04297330279,20646.060473302787,20630.02547330279,False,False,False,2675.3702101815506
1,2024-11-15 15:50:00+00:00,2024-11-15,2024-11-15 21:00:00+00:00,311565,value_area_bounce,1,17.665714285714266,20518.33,20516.0475,20487.322500000002,20562.0075,20584.102121093732,20592.93497823659,20575.269263950875,False,False,False,2129.3942132133507
1,2024-11-15 16:46:00+00:00,2024-11-15,2024-11-15 21:00:00+00:00,311621,value_area_bounce,1,12.732142857142858,20474.45,20478.1375,20472.127500000002,20502.177499999998,20555.531622373685,20561.897693802257,20549.165550945112,False,False,False,3537.140554301405
1,2024-11-15 17:47:00+00:00,2024-11-15,2024-11-15 21:00:00+00:00,311682,value_area_bounce,-1,10.892857142857142,20417.95,20413.73125,20410.60625,20423.10625,20528.138075828498,20533.584504399925,20522.69164725707,False,False,False,-212.51383944337636
1,2024-11-15 17:50:00+00:00,2024-11-15,2024-11-15 21:00:00+00:00,311685,value_area_bounce,-1,11.54428571428564,20392.45,20413.73125,20409.04375,20419.98125,20526.9113887289,20532.68353158604,20521.139245871756,False,False,False,-5759.8989362151615
1,2024-11-15 18:06:00+00:00,2024-11-15,2024-11-15 21:00:00+00:00,311701,value_area_bounce,1,10.845000000000125,20401.2,20414.5325,20400.7575,20428.307500000003,20519.611662956264,20525.034162956264,20514.189162956263,False,False,False,1675.2281247281337
1,2024-11-15 18:16:00+00:00,2024-11-15,2024-11-15 21:00:00+00:00,311711,value_area_bounce,1,10.202857142857413,20399.7,20398.002500000002,20389.737500000003,20417.2875,20515.645240649676,20520.746669221106,20510.543812078246,False,False,False,1326.5959286909538
1,2024-11-15 19:09:00+00:00,2024-11-15,2024-11-15 21:00:00+00:00,311764,value_area_bounce,-1,11.348571428571502,20369.45,20347.6375,20332.0125,20382.0125,20497.626004115325,20503.30028982961,20491.95171840104,False,False,False,-123.55511996725613
1,2024-11-15 19:53:00+00:00,2024-11-15,2024-11-15 21:00:00+00:00,311808,value_area_bounce,-1,12.264285714285766,20385.33,20361.465625,20345.996875,20389.309375,20487.83988470926,20493.972027566404,20481.70774185212,False,False,False,-3885.993199754379
1,2024-11-15 19:54:00+00:00,2024-11-15,2024-11-15 21:00:00+00:00,311809,value_area_bounce,-1,13.16285714285732,20368.95,20361.465625,20345.996875,20389.309375,20487.542961710238,20494.124390281668,20480.96153313881,False,False,False,-4014.5654361323395
1,2024-11-15 20:05:00+00:00,2024-11-15,2024-11-15 21:00:00+00:00,311820,value_area_bounce,-1,10.7385714285717,20400.45,20404.778125,20361.465625,20404.778125,20485.412162433986,20490.78144814827,20480.0428767197,False,False,False,-392.7699049822402
1,2024-11-15 20:06:00+00:00,2024-11-15,2024-11-15 21:00:00+00:00,311821,value_area_bounce,-1,11.417142857143128,20397.2,20404.778125,20361.465625,20404.778125,20485.233873313722,20490.942444742293,20479.52530188515,False,False,False,-1001.5648760834906
1,2024-11-15 20:23:00+00:00,2024-11-15,2024-11-15 21:00:00+00:00,311838,value_area_bounce,-1,9.383571428571356,20401.2,20388.94479166667,20385.705208333333,20411.621875,20482.65276934166,20487.344555055948,20477.960983627374,False,False,False,-2725.4543091098776
1,2024-11-18 14:43:00+00:00,2024-11-18,2024-11-18 21:00:00+00:00,312863,value_area_bounce,-1,16.517857142857142,20480.06,20463.979166666668,20455.794166666667,20483.0775,20473.30761409671,20481.566542668137,20465.048685525282,False,False,False,-5134.37402460942
1,2024-11-18 14:44:00+00:00,2024-11-18,2024-11-18 21:00:00+00:00,312864,value_area_bounce,-1,15.795000000000073,20471.06,20463.979166666668,20455.794166666667,20483.0775,20473.399018908876,20481.296518908875,20465.501518908877,False,False,False,-10547.832357942752
1,2024-11-18 14:52:00+00:00,2024-11-18,2024-11-18 21:00:00+00:00,312872,value_area_bounce,1,16.579285714285497,20449.68,20464.064375,20440.372291666667,20477.602708333332,20467.62609972778,20475.915742584923,20459.336456870635,False,False,False,2321.1974125074116
1,2024-11-18 16:29:00+00:00,2024-11-18,2024-11-18 21:00:00+00:00,312969,value_area_bounce,-1,7.88071428571415,20628.93,20613.3375,20613.3375,20631.3825,20527.16706255063,20531.107419693486,20523.226705407775,False,False,False,-131.9225008115718
1,2024-11-18 17:03:00+00:00,2024-11-18,2024-11-18 21:00:00+00:00,313003,value_area_bounce,1,11.490714285714214,20600.68,20637.915625,20595.600625,20655.546875,20540.565491548576,20546.31084869143,20534.82013440572,False,False,False,1708.6206186092156
1,2024-11-18 17:56:00+00:00,2024-11-18,2024-11-18 21:00:00+00:00,313056,value_area_bounce,1,9.85857142857172,20579.06,20582.75375,20576.83125,20594.59875,20547.356116853236,20552.285402567522,20542.42683113895,False,False,False,1609.8508552102257
1,2024-11-18 17:57:00+00:00,2024-11-18,2024-11-18 21:00:00+00:00,313057,value_area_bounce,1,10.35928571428615,20587.18,20582.75375,20576.83125,20594.59875,20547.493884699696,20552.67352755684,20542.314241842552,False,False,False,2284.3660273059577
1,2024-11-18 18:55:00+00:00,2024-11-18,2024-11-18 21:00:00+00:00,313115,value_area_bounce,1,10.267142857142712,20568.43,20588.145,20557.778333333335,20597.255,20551.241546716956,20556.375118145526,20546.107975288385,False,False,False,908.0469913418698
1,2024-11-18 20:23:00+00:00,2024-11-18,2024-11-18 21:00:00+00:00,313203,value_area_bounce,-1,6.937142857142784,20574.93,20571.644791666666,20564.191041666665,20581.583125,20552.836536225688,20556.305107654258,20549.36796479712,False,False,False,-577.3404086192156
1,2024-11-18 20:30:00+00:00,2024-11-18,2024-11-18 21:00:00+00:00,313210,value_area_bounce,-1,5.9650000000001455,20578.56,20575.938958333332,20570.080208333333,20581.79770833333,20553.15166848823,20556.134168488228,20550.16916848823,False,False,False,-542.7697388473719
1,2024-11-18 20:31:00+00:00,2024-11-18,2024-11-18 21:00:00+00:00,313211,value_area_bounce,-1,5.607857142857289,20574.18,20576.195625,20570.476875,20580.008125,20553.19725827198,20556.00118684341,20550.39332970055,False,False,False,-1125.4933752111476
1,2024-11-18 20:35:00+00:00,2024-11-18,2024-11-18 21:00:00+00:00,313215,value_area_bounce,1,6.385714285714649,20574.18,20575.789375,20571.945625,20580.914375,20553.330796342318,20556.523653485176,20550.13793919946,False,False,False,62.437316678514094
1,2024-11-18 20:45:00+00:00,2024-11-18,2024-11-18 21:00:00+00:00,313225,value_area_bounce,1,6.446428571428571,20570.43,20575.361875000002,20564.582708333335,20576.439791666668,20553.593032065808,20556.816246351522,20550.369817780094,False,False,False,1132.7061596439014
1,2024-11-18 20:47:00+00:00,2024-11-18,2024-11-18 21:00:00+00:00,313227,value_area_bounce,1,6.231428571428426,20570.43,20575.361875000002,20564.582708333335,20576.439791666668,20553.652067350387,20556.767781636103,20550.536353064672,False,False,False,1270.833690190483
1,2024-11-18 20:59:00+00:00,2024-11-18,2024-11-18 21:00:00+00:00,313239,value_area_bounce,1,9.712142857142421,20564.43,20568.143125000002,20562.846875000003,20580.501041666666,20553.973062000427,20558.829133428997,20549.116990571856,False,False,False,2598.9961373985952
1,2024-11-19 14:45:00+00:00,2024-11-19,2024-11-19 21:00:00+00:00,314245,value_area_bounce,-1,20.132857142856924,20507.7,20483.041875,20414.991875,20508.560625,20482.608278785898,20492.674707357328,20472.541850214468,False,False,False,-3602.786128399221
1,2024-11-19 14:46:00+00:00,2024-11-19,2024-11-19 21:00:00+00:00,314246,value_area_bounce,-1,19.09714285714264,20495.07,20483.041875,20423.498125,20508.560625,20483.314789430733,20492.863360859305,20473.76621800216,False,False,False,-4702.140760124901
1,2024-11-19 14:47:00+00:00,2024-11-19,2024-11-19 21:00:00+00:00,314247,value_area_bounce,-1,19.981428571428427,20483.32,20483.041875,20432.004374999997,20508.560625,20483.64425438361,20493.634968669325,20473.653540097894,False,False,False,-4181.4727601249015
1,2024-11-19 14:49:00+00:00,2024-11-19,2024-11-19 21:00:00+00:00,314249,value_area_bounce,-1,19.04357142857121,20495.2,20483.041875,20440.510625,20508.560625,20484.516459807324,20494.03824552161,20474.99467409304,False,False,False,-3579.4841160670594
1,2024-11-19 15:01:00+00:00,2024-11-19,2024-11-19 21:00:00+00:00,314261,value_area_bounce,1,23.697142857143003,20486.82,20462.253125000003,20462.253125000003,20503.343125,20483.64921041699,20495.49778184556,20471.800638988418,False,False,False,1969.3221193876861
1,2024-11-19 15:29:00+00:00,2024-11-19,2024-11-19 21:00:00+00:00,314289,opening_range_breakout,1,15.340000000000146,20537.57,20488.835625,20488.835625,20510.491875,20487.703362176006,20495.373362176004,20480.033362176007,False,False,False,3752.8467075159183
1,2024-11-20 14:51:00+00:00,2024-11-20,2024-11-20 21:00:00+00:00,315605,value_area_bounce,1,18.149285714285206,20593.38,20595.252083333333,20576.504583333335,20676.49125,20622.322666060678,20631.39730891782,20613.248023203534,False,False,False,456.74421419575947
1,2024-11-20 15:00:00+00:00,2024-11-20,2024-11-20 21:00:00+00:00,315614,value_area_bounce,1,16.42500000000005,20571.63,20595.840416666666,20553.535416666666,20659.29791666667,20612.38633964711,20620.59883964711,20604.17383964711,False,False,False,1048.514370977216
1,2024-11-20 17:26:00+00:00,2024-11-20,2024-11-20 21:00:00+00:00,315760,value_area_bounce,1,13.05928571428558,20552.63,20629.66833333333,20551.228333333333,20636.204999999998,20547.756145723895,20554.285788581037,20541.226502866753,False,False,False,3326.801648912853
1,2024-11-20 18:00:00+00:00,2024-11-20,2024-11-20 21:00:00+00:00,315794,value_area_bounce,1,14.768571428571054,20557.01,20571.030208333334,20553.765625,20591.747708333336,20549.73090082959,20557.115186543873,20542.346615115304,False,False,False,425.00269529791035
1,2024-11-20 19:01:00+00:00,2024-11-20,2024-11-20 21:00:00+00:00,315855,value_area_bounce,1,9.660714285714286,20523.88,20554.6975,20520.3225,20564.0725,20547.960313732357,20552.790670875216,20543.1299565895,False,False,False,417.20160431100305
1,2024-11-20 20:43:00+00:00,2024-11-20,2024-11-20 21:00:00+00:00,315957,value_area_bounce,-1,15.835714285714337,20641.63,20546.91833333333,20534.991666666665,20642.331666666665,20550.43976821876,20558.357625361616,20542.521911075903,False,False,False,-2928.3416401922586
1,2024-11-21 14:31:00+00:00,2024-11-21,2024-11-21 21:00:00+00:00,316965,value_area_bounce,1,12.67857142857117,20838.77,20796.750208333335,20790.181458333333,20816.456458333334,20810.191397165938,20816.530682880224,20803.85211145165,False,False,False,7115.995294018064
1,2024-11-21 15:01:00+00:00,2024-11-21,2024-11-21 21:00:00+00:00,316995,opening_range_breakout,-1,33.933571428571405,20554.4,20604.95229166667,20570.29604166667,20708.92104166667,20663.58507295448,20680.551858668765,20646.618287240195,False,False,False,-12913.701663087082
1,2024-11-21 16:36:00+00:00,2024-11-21,2024-11-21 21:00:00+00:00,317090,value_area_bounce,-1,17.143571428571573,20665.02,20637.4625,20569.129166666666,20688.7125,20613.944503366092,20622.516289080377,20605.372717651808,False,False,False,-5112.581847528974
1,2024-11-21 18:15:00+00:00,2024-11-21,2024-11-21 21:00:00+00:00,317189,value_area_bounce,-1,12.322142857143003,20761.15,20747.123958333334,20743.04604166667,20779.747291666667,20636.26959247966,20642.43066390823,20630.10852105109,False,False,False,-4085.8337313008883
1,2024-11-21 18:38:00+00:00,2024-11-21,2024-11-21 21:00:00+00:00,317212,value_area_bounce,-1,10.805000000000291,20765.9,20758.738749999997,20753.76375,20781.12625,20642.033308181482,20647.435808181483,20636.630808181482,False,False,False,-2666.039121194303
1,2024-11-21 19:00:00+00:00,2024-11-21,2024-11-21 21:00:00+00:00,317234,value_area_bounce,-1,11.552857142856997,20791.77,20771.61375,20771.61375,20794.322083333333,20647.32736467414,20653.10379324557,20641.55093610271,False,False,False,-912.0355264796815
1,2024-11-21 19:02:00+00:00,2024-11-21,2024-11-21 21:00:00+00:00,317236,value_area_bounce,-1,12.007857142856924,20786.52,20772.655,20770.285000000003,20796.355000000003,20647.82173405212,20653.82566262355,20641.81780548069,False,False,False,-3086.4656382841777
1,2024-11-21 19:23:00+00:00,2024-11-21,2024-11-21 21:00:00+00:00,317257,value_area_bounce,1,11.935714285713923,20764.27,20790.353125,20758.582291666666,20796.707291666666,20652.766403635494,20658.73426077835,20646.79854649264,False,False,False,4396.693954385916
1,2024-11-21 20:58:00+00:00,2024-11-21,2024-11-21 21:00:00+00:00,317352,value_area_bounce,1,10.036428571428717,20774.02,20800.941875,20773.785625,20810.816875,20669.05919461911,20674.077408904825,20664.040980333393,False,False,False,3819.643295003157
1,2024-11-22 14:30:00+00:00,2024-11-22,2024-11-22 21:00:00+00:00,318344,value_area_bounce,-1,12.017857142857142,20728.25,20726.13625,20717.72375,20729.50125,20735.54,20741.54892857143,20729.531071428573,False,False,False,-3406.750835284121
1,2024-11-22 14:31:00+00:00,2024-11-22,2024-11-22 21:00:00+00:00,318345,value_area_bounce,-1,13.553571428571429,20720.120000000003,20736.398125,20721.916875000003,20736.398125,20730.00128915576,20736.778074870046,20723.224503441474,False,False,False,-6117.9652059840955
1,2024-11-22 14:50:00+00:00,2024-11-22,2024-11-22 21:00:00+00:00,318364,value_area_bounce,-1,23.552857142857516,20745.25,20736.271041666667,20714.885625000003,20766.210625,20760.349936652794,20772.126365224223,20748.573508081365,False,False,False,-10108.827459398646
1,2024-11-22 14:51:00+00:00,2024-11-22,2024-11-22 21:00:00+00:00,318365,value_area_bounce,-1,23.927857142857516,20738.5,20736.271041666667,20714.885625000003,20766.210625,20759.38378931816,20771.34771788959,20747.41986074673,False,False,False,-12490.07681598242
1,2024-11-22 14:55:00+00:00,2024-11-22,2024-11-22 21:00:00+00:00,318369,value_area_bounce,-1,23.785714285714285,20751.25,20736.271041666667,20714.885625000003,20761.93354166667,20757.108440716474,20769.001297859333,20745.215583573616,False,False,False,-5605.301133573804
1,2024-11-22 15:03:00+00:00,2024-11-22,2024-11-22 21:00:00+00:00,318377,value_area_bounce,-1,23.20142857142907,20761.870000000003,20736.271041666667,20719.162708333337,20766.210625,20760.147627366012,20771.748341651728,20748.546913080296,False,False,False,-3413.9765528997586
1,2024-11-22 15:11:00+00:00,2024-11-22,2024-11-22 21:00:00+00:00,318385,opening_range_breakout,-1,22.067857142857456,20701.0,20752.06270833334,20726.385625000003,20767.46895833334,20754.56002848538,20765.593957056808,20743.52609991395,False,False,False,-11379.445949483203
1,2024-11-22 15:13:00+00:00,2024-11-22,2024-11-22 21:00:00+00:00,318387,value_area_bounce,1,23.710714285714598,20726.75,20752.06270833334,20710.979375000003,20767.46895833334,20752.47976694492,20764.33512408778,20740.624409802065,False,False,False,487.1103886215669
1,2024-11-22 15:17:00+00:00,2024-11-22,2024-11-22 21:00:00+00:00,318391,value_area_bounce,1,21.794999999999813,20720.5,20752.06270833334,20710.979375000003,20767.46895833334,20748.875335395718,20759.772835395717,20737.97783539572,False,False,False,8266.190126972335
1,2024-11-22 18:30:00+00:00,2024-11-22,2024-11-22 21:00:00+00:00,318584,value_area_bounce,1,8.883571428571615,20798.870000000003,20800.660208333335,20787.598541666666,20810.456458333334,20745.212490307815,20749.654276022102,20740.770704593528,False,False,False,1132.8782527580372
1,2024-11-22 18:57:00+00:00,2024-11-22,2024-11-22 21:00:00+00:00,318611,value_area_bounce,1,8.491428571428385,20788.620000000003,20803.759375,20780.896875,20812.904375000002,20747.056961020186,20751.3026753059,20742.811246734473,False,False,False,1799.9764490302346
1,2024-11-22 19:26:00+00:00,2024-11-22,2024-11-22 21:00:00+00:00,318640,value_area_bounce,1,10.26642857142932,20770.120000000003,20772.900416666667,20762.797083333335,20788.05541666667,20747.86532391047,20752.998538196185,20742.732109624758,False,False,False,2136.07003008171
1,2024-11-22 20:05:00+00:00,2024-11-22,2024-11-22 21:00:00+00:00,318679,value_area_bounce,1,8.749285714286088,20763.620000000003,20769.09375,20756.90625,20788.59375,20749.126697083855,20753.501339940998,20744.752054226712,False,False,False,1203.0516665555874
1,2024-11-22 20:18:00+00:00,2024-11-22,2024-11-22 21:00:00+00:00,318692,value_area_bounce,1,9.009999999999438,20760.0,20769.390625,20756.328125,20780.276041666664,20749.250185899924,20753.755185899925,20744.745185899923,False,False,False,950.7490629495121
1,2024-11-22 20:29:00+00:00,2024-11-22,2024-11-22 21:00:00+00:00,318703,value_area_bounce,1,7.832857142857392,20761.870000000003,20760.682291666664,20741.088541666664,20769.390625,20749.439256213802,20753.35568478523,20745.522827642373,False,False,False,1057.4922850640219
1,2024-11-25 14:35:00+00:00,2024-11-25,2024-11-25 21:00:00+00:00,319714,value_area_bounce,-1,17.481428571428946,20943.17,20944.556458333333,20929.768125000002,20970.436041666668,20935.727840381554,20944.46855466727,20926.98712609584,False,False,False,-839.4239229032491
1,2024-11-25 14:47:00+00:00,2024-11-25,2024-11-25 21:00:00+00:00,319726,value_area_bounce,-1,24.339999999999627,20993.79,20946.268333333333,20930.658333333333,20998.301666666666,20968.31000275734,20980.480002757336,20956.14000275734,False,False,False,-611.5243236022782
1,2024-11-25 14:48:00+00:00,2024-11-25,2024-11-25 21:00:00+00:00,319727,value_area_bounce,-1,24.34857142857124,20976.54,20946.268333333333,20930.658333333333,20998.301666666666,20969.03205213414,20981.206337848424,20956.857766419853,False,False,False,-2902.110634783571
1,2024-11-25 15:01:00+00:00,2024-11-25,2024-11-25 21:00:00+00:00,319740,value_area_bounce,1,28.98928571428665,20864.79,20889.501875,20861.31354166667,20974.066874999997,20938.30328872715,20952.797931584293,20923.80864587001,False,False,False,1736.3047659856245
1,2024-11-25 15:10:00+00:00,2024-11-25,2024-11-25 21:00:00+00:00,319749,value_area_bounce,1,21.455714285714098,20859.17,20894.66375,20849.31875,20962.68125,20926.345271430208,20937.073128573065,20915.61741428735,False,False,False,1462.3112086790275
1,2024-11-25 15:12:00+00:00,2024-11-25,2024-11-25 21:00:00+00:00,319751,value_area_bounce,1,22.938571428570867,20834.17,20875.158333333333,20834.14166666667,20957.191666666666,20921.744864528697,20933.21415024298,20910.275578814413,False,False,False,305.7083801296317
1,2024-11-25 16:34:00+00:00,2024-11-25,2024-11-25 21:00:00+00:00,319833,value_area_bounce,-1,11.841428571428489,20871.17,20859.216875,20834.466875,20877.779375,20889.61432676005,20895.535041045765,20883.693612474333,False,False,False,-2346.9847585502102
1,2024-11-25 17:48:00+00:00,2024-11-25,2024-11-25 21:00:00+00:00,319907,value_area_bounce,1,12.955714285714098,20753.29,20773.394166666665,20751.2275,20801.1025,20870.44527537923,20876.923132522086,20863.96741823637,False,False,False,829.6959022608646
1,2024-11-25 17:50:00+00:00,2024-11-25,2024-11-25 21:00:00+00:00,319909,value_area_bounce,1,13.857142857142858,20781.67,20788.404375,20750.595625,20804.608125,20869.520431522556,20876.44900295113,20862.591860093984,False,False,False,3280.0763484447048
1,2024-11-25 20:45:00+00:00,2024-11-25,2024-11-25 21:00:00+00:00,320084,value_area_bounce,-1,6.527857142856582,20803.04,20797.66,20782.19333333333,20805.393333333333,20853.25002848885,20856.513957060277,20849.98609991742,False,False,False,-1306.0700192185059
1,2024-11-25 20:46:00+00:00,2024-11-25,2024-11-25 21:00:00+00:00,320085,value_area_bounce,-1,6.67928571428534,20802.04,20805.393333333333,20793.019999999997,20810.033333333333,20853.18213298401,20856.521775841153,20849.842490126866,False,False,False,-3005.175133205279
1,2024-11-26 14:30:00+00:00,2024-11-26,2024-11-26 21:00:00+00:00,321089,value_area_bounce,-1,8.895000000000177,20894.06,20896.420000000002,20873.553333333333,20905.566666666666,20896.76,20901.207499999997,20892.3125,False,False,False,-999.6551686379485
1,2024-11-26 14:41:00+00:00,2024-11-26,2024-11-26 21:00:00+00:00,321100,value_area_bounce,-1,19.350000000000364,20910.69,20926.138125,20887.063125,20929.394375,20924.137950158234,20933.812950158233,20914.462950158235,False,False,False,-1960.0389189351242
1,2024-11-26 14:43:00+00:00,2024-11-26,2024-11-26 21:00:00+00:00,321102,value_area_bounce,-1,21.108571428571718,20922.94,20926.138125,20893.575625,20929.394375,20924.462103156715,20935.016388871,20913.90781744243,False,False,False,-2363.585805813749
1,2024-11-26 14:53:00+00:00,2024-11-26,2024-11-26 21:00:00+00:00,321112,value_area_bounce,-1,17.758571428571617,20932.31,20929.025625000002,20874.506875,20937.413125,20932.144698079403,20941.02398379369,20923.265412365115,False,False,False,-2921.5229626828004
1,2024-11-26 14:54:00+00:00,2024-11-26,2024-11-26 21:00:00+00:00,321113,value_area_bounce,-1,18.303571428571427,20918.19,20929.025625000002,20874.506875,20937.413125,20931.889661969468,20941.041447683754,20922.73787625518,False,False,False,-9347.472905145401
1,2024-11-26 15:28:00+00:00,2024-11-26,2024-11-26 21:00:00+00:00,321147,value_area_bounce,1,16.768571428571054,20897.31,20926.960625,20878.666041666664,20926.960625,20917.441859472492,20925.826145186777,20909.057573758208,False,False,False,105.85396924662791
1,2024-11-26 16:21:00+00:00,2024-11-26,2024-11-26 21:00:00+00:00,321200,value_area_bounce,1,10.768571428571054,20912.44,20912.450416666667,20902.05375,20925.44625,20915.78265939269,20921.166945106976,20910.398373678407,False,False,False,3288.7516042781544
1,2024-11-26 16:40:00+00:00,2024-11-26,2024-11-26 21:00:00+00:00,321219,value_area_bounce,1,9.901428571428758,20909.06,20908.34125,20898.02875,20914.52875,20914.9041933976,20919.854907683315,20909.953479111886,False,False,False,1478.5572845245558
1,2024-11-26 19:06:00+00:00,2024-11-26,2024-11-26 21:00:00+00:00,321365,value_area_bounce,-1,7.19571428571466,20908.06,20918.05375,20905.51375,20921.18875,20912.279734237985,20915.877591380842,20908.68187709513,False,False,False,-366.03989322566224
1,2024-11-26 19:12:00+00:00,2024-11-26,2024-11-26 21:00:00+00:00,321371,value_area_bounce,-1,8.482142857142858,20907.06,20908.669375,20899.700625,20917.638125,20912.232513734416,20916.47358516299,20907.991442305844,False,False,False,-212.54774285095323
1,2024-11-26 19:32:00+00:00,2024-11-26,2024-11-26 21:00:00+00:00,321391,value_area_bounce,1,11.697857142856394,20872.81,20915.25625,20869.977916666667,20924.95875,20910.008721927185,20915.857650498612,20904.159793355757,False,False,False,1420.7858652006294
1,2024-11-26 19:33:00+00:00,2024-11-26,2024-11-26 21:00:00+00:00,321392,value_area_bounce,1,11.563571428570867,20882.81,20915.25625,20869.977916666667,20924.95875,20909.916306363175,20915.69809207746,20904.13452064889,False,False,False,2405.9721071652393
1,2024-11-26 19:36:00+00:00,2024-11-26,2024-11-26 21:00:00+00:00,321395,value_area_bounce,1,10.27714285714267,20875.56,20915.25625,20869.977916666667,20924.95875,20909.69618161376,20914.83475304233,20904.557610185188,False,False,False,2411.3577189760144
1,2024-11-26 20:20:00+00:00,2024-11-26,2024-11-26 21:00:00+00:00,321439,value_area_bounce,-1,6.839999999999626,20884.94,20875.533958333333,20870.252708333333,20889.61729166667,20908.075704817264,20911.495704817262,20904.655704817265,False,False,False,-779.1866522492139
1,2024-11-26 20:34:00+00:00,2024-11-26,2024-11-26 21:00:00+00:00,321453,value_area_bounce,-1,6.2064285714280105,20898.44,20896.74229166667,20878.61729166667,20899.763125,20907.85544172442,20910.958656010134,20904.752227438705,False,False,False,-265.549075840259
1,2024-11-27 14:35:00+00:00,2024-11-27,2024-11-27 21:00:00+00:00,322474,value_area_bounce,1,14.572857142857433,20834.710000000003,20835.09875,20819.748750000002,20892.66125,20838.25987366949,20845.546302240917,20830.97344509806,False,False,False,8263.93803763268
1,2024-11-27 15:01:00+00:00,2024-11-27,2024-11-27 21:00:00+00:00,322500,opening_range_breakout,-1,14.964285714285714,20778.08,20834.218333333338,20810.135000000002,20839.035000000003,20824.51043976769,20831.992582624833,20817.02829691055,False,False,False,-3119.4994073701932
1,2024-11-27 17:10:00+00:00,2024-11-27,2024-11-27 21:00:00+00:00,322629,value_area_bounce,1,11.509285714285786,20648.33,20665.777916666666,20644.152916666666,20683.79875,20737.212771958028,20742.96741481517,20731.458129100884,False,False,False,1948.5904415826412
1,2024-11-27 18:27:00+00:00,2024-11-27,2024-11-27 21:00:00+00:00,322706,value_area_bounce,-1,8.135000000000218,20712.83,20682.590208333335,20670.04854166667,20713.944375000003,20728.427018266986,20732.494518266987,20724.359518266985,False,False,False,-1540.4437567037544
1,2024-11-27 19:18:00+00:00,2024-11-27,2024-11-27 21:00:00+00:00,322757,value_area_bounce,-1,6.499285714285569,20758.33,20757.960000000003,20742.960000000003,20762.960000000003,20730.394942419764,20733.644585276907,20727.14529956262,False,False,False,-681.1709662866069
1,2024-11-27 20:44:00+00:00,2024-11-27,2024-11-27 21:00:00+00:00,322843,value_area_bounce,1,7.939285714286078,20743.08,20739.918541666666,20737.408125,20765.022708333338,20733.61992508259,20737.589567939733,20729.650282225444,False,False,False,1006.8724076058785
1,2024-11-29 14:33:00+00:00,2024-11-29,2024-11-29 18:00:00+00:00,325002,value_area_bounce,-1,13.734999999999284,20780.11,20776.288958333334,20762.153541666667,20790.424375000002,20780.238883670278,20787.106383670278,20773.371383670277,False,False,False,-5647.848478148437
1,2024-11-29 14:35:00+00:00,2024-11-29,2024-11-29 18:00:00+00:00,325004,value_area_bounce,1,15.804999999999511,20784.49,20776.288958333334,20773.461875,20784.770208333335,20779.795471390982,20787.697971390982,20771.892971390982,False,False,False,1734.0195658605007
1,2024-11-29 14:49:00+00:00,2024-11-29,2024-11-29 18:00:00+00:00,325018,value_area_bounce,-1,15.607142857142858,20809.99,20778.757083333334,20775.48125,20814.791250000002,20799.778419786435,20807.581991215007,20791.974848357862,False,False,False,-2273.2898504559807
1,2024-11-29 17:00:00+00:00,2024-11-29,2024-11-29 18:00:00+00:00,325149,value_area_bounce,-1,6.263571428571335,20943.99,20942.323541666665,20928.906875,20949.031875,20879.147340787673,20882.27912650196,20876.015555073387,False,False,False,-184.14064198742585
1,2024-11-29 17:46:00+00:00,2024-11-29,2024-11-29 18:00:00+00:00,325195,value_area_bounce,1,5.857142857142857,20948.24,20946.214583333334,20946.214583333334,20957.322083333333,20889.40610388438,20892.33467531295,20886.477532455807,False,False,False,47.79143563114758
1,2024-11-29 17:56:00+00:00,2024-11-29,2024-11-29 18:00:00+00:00,325205,value_area_bounce,1,10.004285714285547,20954.61,20949.73479166667,20945.07854166667,20959.04729166667,20892.436362034707,20897.43850489185,20887.434219177565,False,False,False,492.60118978935986
1,2024-12-02 15:00:00+00:00,2024-12-02,2024-12-02 21:00:00+00:00,326184,opening_range_breakout,1,15.633571428572136,21138.08,21092.2125,21067.832500000004,21122.6875,21083.643607856022,21091.46039357031,21075.826822141735,False,False,False,3677.974515877916
1,2024-12-02 15:03:00+00:00,2024-12-02,2024-12-02 21:00:00+00:00,326187,opening_range_breakout,1,15.302142857143346,21134.2,21078.760833333334,21072.332500000004,21130.1875,21087.071115288447,21094.72218671702,21079.420043859875,False,False,False,4248.109577961539
1,2024-12-02 15:50:00+00:00,2024-12-02,2024-12-02 21:00:00+00:00,326234,value_area_bounce,-1,10.987857142857267,21121.33,21129.872916666667,21127.59375,21145.827083333334,21112.246785592364,21117.740714163792,21106.752857020936,False,False,False,-662.2201308994252
1,2024-12-02 16:25:00+00:00,2024-12-02,2024-12-02 21:00:00+00:00,326269,value_area_bounce,1,8.885000000000218,21138.95,21148.340625,21127.590625,21158.715625,21117.028771199813,21121.471271199815,21112.586271199812,False,False,False,1058.9727730940176
1,2024-12-02 18:38:00+00:00,2024-12-02,2024-12-02 21:00:00+00:00,326402,value_area_bounce,1,8.241428571428644,21175.7,21183.91354166667,21166.496875,21196.97604166667,21140.437416866596,21144.55813115231,21136.316702580883,False,False,False,1450.4659902708515
1,2024-12-02 19:04:00+00:00,2024-12-02,2024-12-02 21:00:00+00:00,326428,value_area_bounce,-1,5.598571428571502,21172.45,21175.090416666666,21160.697916666668,21178.28875,21142.31912132752,21145.118407041806,21139.519835613235,False,False,False,-522.2807158076544
1,2024-12-02 20:38:00+00:00,2024-12-02,2024-12-02 21:00:00+00:00,326522,value_area_bounce,-1,4.784285714285423,21196.7,21198.590625,21174.996875,21198.590625,21146.841078363148,21149.23322122029,21144.448935506007,False,False,False,-184.44379439885847
1,2024-12-02 20:43:00+00:00,2024-12-02,2024-12-02 21:00:00+00:00,326527,value_area_bounce,-1,5.615714285714213,21185.2,21198.246875,21177.690625000003,21198.246875,21147.314874909902,21150.122732052758,21144.507017767046,False,False,False,-83.14091529175164
1,2024-12-02 20:48:00+00:00,2024-12-02,2024-12-02 21:00:00+00:00,326532,value_area_bounce,1,6.559285714285839,21189.58,21188.759375,21180.853125,21198.246875,21147.724721771625,21151.004364628767,21144.445078914483,False,False,False,1031.1889299912432
1,2024-12-03 14:33:00+00:00,2024-12-03,2024-12-03 21:00:00+00:00,327537,value_area_bounce,1,13.90285714285658,21124.7,21110.792500000003,21110.792500000003,21129.667500000003,21114.934386682246,21121.885815253674,21107.982958110817,False,False,False,1152.0326120403683
1,2024-12-03 14:43:00+00:00,2024-12-03,2024-12-03 21:00:00+00:00,327547,value_area_bounce,-1,17.90214285714293,21143.95,21123.195625,21099.287708333337,21147.10354166667,21134.067585555287,21143.01865698386,21125.116514126716,False,False,False,-5166.873805978621
1,2024-12-03 15:36:00+00:00,2024-12-03,2024-12-03 21:00:00+00:00,327600,value_area_bounce,-1,11.929285714285859,21170.2,21160.773125,21134.160625000004,21171.418125000004,21153.048376155963,21159.013019013106,21147.08373329882,False,False,False,-778.0354315814186
1,2024-12-03 16:45:00+00:00,2024-12-03,2024-12-03 21:00:00+00:00,327669,value_area_bounce,1,10.072857142857433,21174.45,21189.528125,21166.840625,21193.309375,21162.21194589054,21167.248374461968,21157.175517319112,False,False,False,496.95892393231
1,2024-12-03 17:32:00+00:00,2024-12-03,2024-12-03 21:00:00+00:00,327716,value_area_bounce,1,6.4721428571426385,21168.45,21170.517708333333,21165.309375,21177.028125,21163.976025693708,21167.21209712228,21160.739954265136,False,False,False,87.50722047661384
1,2024-12-03 20:26:00+00:00,2024-12-03,2024-12-03 21:00:00+00:00,327890,value_area_bounce,-1,4.739285714285351,21219.45,21218.309375,21212.215625,21221.965625,21174.13493047547,21176.50457333261,21171.765287618327,False,False,False,-262.7432656904594
1,2024-12-03 20:46:00+00:00,2024-12-03,2024-12-03 21:00:00+00:00,327910,value_area_bounce,1,5.705714285714358,21217.33,21218.46479166667,21214.236458333333,21221.63604166667,21175.421022853374,21178.27387999623,21172.568165710516,False,False,False,1835.4949596794884
1,2024-12-03 20:48:00+00:00,2024-12-03,2024-12-03 21:00:00+00:00,327912,value_area_bounce,1,5.562857142857216,21216.45,21218.46479166667,21214.236458333333,21221.63604166667,21175.581614836454,21178.363043407884,21172.800186265024,False,False,False,1587.8607126276113
1,2024-12-04 14:30:00+00:00,2024-12-04,2024-12-04 21:00:00+00:00,328914,value_area_bounce,1,8.714285714285714,21391.47,21405.194375,21381.061875,21410.365625,21387.47,21391.827142857142,21383.11285714286,False,False,False,1702.5024967525299
1,2024-12-04 14:32:00+00:00,2024-12-04,2024-12-04 21:00:00+00:00,328916,value_area_bounce,1,11.410714285714286,21380.97,21387.072083333333,21365.659583333334,21406.105416666665,21379.85326447695,21385.55862161981,21374.147907334092,False,False,False,2736.25676275399
1,2024-12-04 14:45:00+00:00,2024-12-04,2024-12-04 21:00:00+00:00,328929,value_area_bounce,-1,17.312857142856956,21373.72,21377.911666666667,21355.378333333334,21386.361666666668,21376.796709177604,21385.453137749035,21368.140280606174,False,False,False,-4213.780159424154
1,2024-12-04 15:02:00+00:00,2024-12-04,2024-12-04 21:00:00+00:00,328946,value_area_bounce,1,12.830714285714098,21376.72,21377.911666666667,21375.095,21400.445,21379.969808503523,21386.38516564638,21373.554451360666,False,False,False,262.5126817052876
1,2024-12-04 15:15:00+00:00,2024-12-04,2024-12-04 21:00:00+00:00,328959,value_area_bounce,-1,13.849285714285154,21388.72,21386.235625,21370.871041666665,21395.454375,21384.965587760995,21391.890230618137,21378.040944903853,False,False,False,-3870.4122891870875
1,2024-12-04 17:21:00+00:00,2024-12-04,2024-12-04 21:00:00+00:00,329085,value_area_bounce,-1,5.563571428570867,21432.47,21439.519166666665,21425.735833333332,21443.654166666667,21413.11085730213,21415.892643016414,21410.329071587847,False,False,False,-392.4501565075334
1,2024-12-04 18:00:00+00:00,2024-12-04,2024-12-04 21:00:00+00:00,329124,value_area_bounce,-1,4.813571428570867,21442.97,21434.47,21422.47,21444.97,21415.918224252324,21418.32500996661,21413.511438538037,False,False,False,-611.9167238215355
1,2024-12-04 18:40:00+00:00,2024-12-04,2024-12-04 21:00:00+00:00,329164,value_area_bounce,1,7.811428571429133,21426.97,21451.029375,21426.464375,21451.029375,21417.848384193265,21421.75409847898,21413.94266990755,False,False,False,1609.2158749604414
1,2024-12-04 18:59:00+00:00,2024-12-04,2024-12-04 21:00:00+00:00,329183,value_area_bounce,-1,6.577857142856634,21440.22,21421.963750000003,21406.10291666667,21444.622083333332,21418.814376644208,21422.103305215638,21415.525448072778,False,False,False,-48.690405727648795
1,2024-12-04 19:35:00+00:00,2024-12-04,2024-12-04 21:00:00+00:00,329219,value_area_bounce,-1,5.686428571429133,21474.97,21471.67104166667,21448.355625,21475.910208333335,21422.174064218416,21425.01727850413,21419.330849932703,False,False,False,-581.4693722505184
1,2024-12-05 14:30:00+00:00,2024-12-05,2024-12-05 21:00:00+00:00,330294,value_area_bounce,-1,4.955714285714878,21491.57,21494.0075,21487.7325,21497.7725,21496.280000000002,21498.75785714286,21493.802142857145,False,False,False,-4169.318896334363
1,2024-12-05 14:32:00+00:00,2024-12-05,2024-12-05 21:00:00+00:00,330296,value_area_bounce,-1,8.455714285714619,21502.82,21496.555208333335,21490.973958333336,21503.996875000004,21501.688756411862,21505.91661355472,21497.460899269005,False,False,False,-3618.960330267143
1,2024-12-05 15:01:00+00:00,2024-12-05,2024-12-05 21:00:00+00:00,330325,value_area_bounce,1,10.367142857143076,21489.95,21504.46041666667,21482.16875,21506.689583333333,21494.868622115664,21500.052193544234,21489.685050687094,False,False,False,3556.570298644796
1,2024-12-05 15:39:00+00:00,2024-12-05,2024-12-05 21:00:00+00:00,330363,value_area_bounce,-1,7.142857142857143,21482.7,21480.78854166667,21480.78854166667,21493.705208333333,21491.808560360532,21495.37998893196,21488.237131789105,False,False,False,-1134.2826397222047
1,2024-12-05 17:54:00+00:00,2024-12-05,2024-12-05 21:00:00+00:00,330498,value_area_bounce,-1,4.35857142857172,21528.32,21521.023125,21519.429375,21528.991875,21493.58838358348,21495.767669297766,21491.409097869193,False,False,False,-491.8899609128732
1,2024-12-05 20:01:00+00:00,2024-12-05,2024-12-05 21:00:00+00:00,330625,value_area_bounce,1,6.134285714285787,21456.57,21459.563541666666,21453.87520833333,21469.518125000002,21487.403002461473,21490.470145318617,21484.33585960433,False,False,False,690.9665027111914
1,2024-12-05 20:11:00+00:00,2024-12-05,2024-12-05 21:00:00+00:00,330635,value_area_bounce,-1,6.384285714285787,21466.57,21459.563541666666,21453.87520833333,21468.096041666668,21487.01099072297,21490.203133580115,21483.818847865827,False,False,False,-1044.7415310483188
1,2024-12-05 20:12:00+00:00,2024-12-05,2024-12-05 21:00:00+00:00,330636,value_area_bounce,-1,6.079999999999927,21464.57,21459.563541666666,21453.87520833333,21468.096041666668,21486.964006505343,21490.004006505344,21483.924006505342,False,False,False,-1366.4127284600906
1,2024-12-05 20:22:00+00:00,2024-12-05,2024-12-05 21:00:00+00:00,330646,value_area_bounce,1,5.823571428571865,21459.07,21455.594375,21452.078125,21466.143125000002,21486.312143072326,21489.22392878661,21483.40035735804,False,False,False,693.0285419080203
1,2024-12-05 20:34:00+00:00,2024-12-05,2024-12-05 21:00:00+00:00,330658,value_area_bounce,1,7.452142857142722,21447.95,21456.408333333333,21444.908333333333,21469.825,21484.851301905084,21488.577373333657,21481.12523047651,False,False,False,329.25120671302113
1,2024-12-05 20:35:00+00:00,2024-12-05,2024-12-05 21:00:00+00:00,330659,value_area_bounce,1,7.65714285714265,21449.95,21456.408333333333,21442.99166666667,21469.825,21484.743466249438,21488.57203767801,21480.914894820868,False,False,False,2505.5619524503527
1,2024-12-05 20:59:00+00:00,2024-12-05,2024-12-05 21:00:00+00:00,330683,value_area_bounce,1,9.319285714285277,21442.300000000003,21451.75729166667,21438.94479166667,21460.298958333333,21482.137640061905,21486.797282919048,21477.47799720476,False,False,False,1021.1807540290235
1,2024-12-06 14:30:00+00:00,2024-12-06,2024-12-06 21:00:00+00:00,331674,value_area_bounce,-1,9.61428571428535,21460.120000000003,21469.043541666666,21462.065208333333,21476.021875000002,21462.326666666668,21467.13380952381,21457.519523809526,False,False,False,-3108.2254423079426
1,2024-12-06 16:16:00+00:00,2024-12-06,2024-12-06 21:00:00+00:00,331780,value_area_bounce,1,12.25,21578.74,21587.756666666668,21573.823333333334,21601.690000000002,21557.549466086628,21563.674466086628,21551.424466086628,False,False,False,544.2318810609747
1,2024-12-06 18:30:00+00:00,2024-12-06,2024-12-06 21:00:00+00:00,331914,value_area_bounce,-1,4.625,21620.99,21586.370208333334,21573.29729166667,21625.588958333334,21571.696692951467,21574.009192951467,21569.384192951467,False,False,False,-1618.988547918865
1,2024-12-06 18:50:00+00:00,2024-12-06,2024-12-06 21:00:00+00:00,331934,value_area_bounce,-1,5.973571428571502,21615.99,21613.713333333337,21582.72666666667,21624.780000000002,21573.87590264544,21576.862688359724,21570.889116931154,False,False,False,-279.616984839624
1,2024-12-06 19:59:00+00:00,2024-12-06,2024-12-06 21:00:00+00:00,332003,value_area_bounce,-1,5.395000000000437,21601.620000000003,21591.089583333334,21584.98625,21601.77041666667,21577.483658864916,21580.181158864914,21574.786158864918,False,False,False,-1395.9003405100075
1,2024-12-06 20:00:00+00:00,2024-12-06,2024-12-06 21:00:00+00:00,332004,value_area_bounce,-1,5.635714285714649,21593.74,21591.089583333334,21583.46041666667,21600.244583333337,21577.54032282443,21580.358179967287,21574.72246568157,False,False,False,-1967.9182660750434
1,2024-12-06 20:03:00+00:00,2024-12-06,2024-12-06 21:00:00+00:00,332007,value_area_bounce,-1,5.457142857143221,21599.24,21592.615416666667,21583.46041666667,21600.244583333337,21577.684990179572,21580.413561608144,21574.956418751,False,False,False,-1538.1959526018882
1,2024-12-06 20:25:00+00:00,2024-12-06,2024-12-06 21:00:00+00:00,332029,value_area_bounce,-1,4.9021428571429295,21608.620000000003,21596.099375,21590.318125,21608.818125,21578.91105930087,21581.36213072944,21576.4599878723,False,False,False,-992.8511360911998
1,2024-12-06 20:27:00+00:00,2024-12-06,2024-12-06 21:00:00+00:00,332031,value_area_bounce,-1,4.742142857143075,21608.49,21596.099375,21590.318125,21609.974375,21579.033749730825,21581.404821159394,21576.662678302255,False,False,False,-698.9160036349399
1,2024-12-06 20:36:00+00:00,2024-12-06,2024-12-06 21:00:00+00:00,332040,value_area_bounce,-1,5.001428571428862,21610.620000000003,21609.245000000003,21604.245000000003,21614.245000000003,21579.65825699635,21582.158971282064,21577.157542710636,False,False,False,-2029.7146933803695
1,2024-12-06 20:51:00+00:00,2024-12-06,2024-12-06 21:00:00+00:00,332055,value_area_bounce,-1,5.505714285714411,21616.99,21614.277500000004,21608.0525,21618.012500000004,21580.708374199683,21583.46123134254,21577.955517056827,False,False,False,-1124.4848084694786
1,2024-12-09 14:33:00+00:00,2024-12-09,2024-12-09 21:00:00+00:00,333042,value_area_bounce,-1,13.402857142857101,21576.69,21590.887916666667,21585.92958333333,21605.762916666667,21586.914580028755,21593.616008600184,21580.213151457327,False,False,False,-4025.062560795458
1,2024-12-09 14:37:00+00:00,2024-12-09,2024-12-09 21:00:00+00:00,333046,value_area_bounce,-1,17.732857142857288,21578.07,21571.05458333333,21556.17958333333,21590.887916666667,21581.614344657857,21590.480773229287,21572.747916086428,False,False,False,-3121.9133349487806
1,2024-12-09 15:26:00+00:00,2024-12-09,2024-12-09 21:00:00+00:00,333095,opening_range_breakout,-1,10.820714285714141,21546.44,21594.16375,21563.41375,21594.16375,21588.368780898378,21593.779138041235,21582.95842375552,False,False,False,-7129.455342588433
1,2024-12-09 15:42:00+00:00,2024-12-09,2024-12-09 21:00:00+00:00,333111,value_area_bounce,1,16.54285714285678,21536.94,21592.72625,21535.85125,21609.78875,21573.82312603668,21582.09455460811,21565.551697465253,False,False,False,4630.707280017914
1,2024-12-09 16:50:00+00:00,2024-12-09,2024-12-09 21:00:00+00:00,333179,value_area_bounce,-1,10.5,21471.19,21471.361875,21452.309791666667,21486.603541666667,21533.860781391224,21539.110781391224,21528.610781391224,False,False,False,-2253.998307703587
1,2024-12-09 18:04:00+00:00,2024-12-09,2024-12-09 21:00:00+00:00,333253,value_area_bounce,1,8.45571428571436,21456.69,21463.966666666667,21447.59333333333,21478.293333333335,21521.58957866821,21525.817435811066,21517.36172152535,False,False,False,1584.2859307084736
1,2024-12-09 18:55:00+00:00,2024-12-09,2024-12-09 21:00:00+00:00,333304,value_area_bounce,-1,6.171428571428935,21501.57,21460.7525,21458.044166666667,21506.794166666667,21518.124794075396,21521.21050836111,21515.039079789683,False,False,False,-1126.134448702181
1,2024-12-09 20:30:00+00:00,2024-12-09,2024-12-09 21:00:00+00:00,333399,value_area_bounce,1,6.93500000000001,21422.82,21424.165,21420.905,21437.205,21505.807099894304,21509.274599894303,21502.339599894305,False,False,False,546.239816329853
1,2024-12-09 20:42:00+00:00,2024-12-09,2024-12-09 21:00:00+00:00,333411,value_area_bounce,-1,6.732857142857289,21428.32,21426.939791666664,21422.221041666664,21433.231458333335,21504.16280906578,21507.52923763721,21500.79638049435,False,False,False,-342.21556516174275
1,2024-12-10 14:30:00+00:00,2024-12-10,2024-12-10 21:00:00+00:00,334419,value_area_bounce,-1,5.276428571428759,21491.88,21500.385208333333,21480.195625,21507.726875,21497.05,21499.688214285714,21494.411785714285,False,False,False,-4888.659190685815
1,2024-12-10 14:51:00+00:00,2024-12-10,2024-12-10 21:00:00+00:00,334440,value_area_bounce,-1,13.693571428571106,21520.51,21501.078125,21468.468125,21521.459375,21516.295201427292,21523.14198714158,21509.448415713006,False,False,False,-5774.111647463586
1,2024-12-10 14:53:00+00:00,2024-12-10,2024-12-10 21:00:00+00:00,334442,value_area_bounce,-1,13.167142857142348,21509.76,21501.355833333335,21468.889166666668,21521.6475,21516.254149940996,21522.837721369568,21509.670578512425,False,False,False,-5284.255387518802
1,2024-12-10 15:34:00+00:00,2024-12-10,2024-12-10 21:00:00+00:00,334483,value_area_bounce,1,11.544285714285902,21548.13,21540.343125,21532.478958333333,21579.663958333334,21530.217049328134,21535.989192185276,21524.44490647099,False,False,False,654.8231409899449
1,2024-12-10 16:05:00+00:00,2024-12-10,2024-12-10 21:00:00+00:00,334514,value_area_bounce,1,12.23285714285677,21486.38,21539.572708333333,21485.145625,21554.416458333333,21523.928540111916,21530.044968683345,21517.812111540487,False,False,False,2772.20062825248
1,2024-12-10 17:37:00+00:00,2024-12-10,2024-12-10 21:00:00+00:00,334606,value_area_bounce,-1,7.678571428571429,21463.63,21456.99979166667,21442.43729166667,21466.708125,21495.183648100443,21499.02293381473,21491.344362386157,False,False,False,-917.8418734859941
1,2024-12-10 19:02:00+00:00,2024-12-10,2024-12-10 21:00:00+00:00,334691,value_area_bounce,1,5.714285714285714,21423.76,21428.681875,21422.306875,21447.806875,21485.58751768144,21488.444660538582,21482.7303748243,False,False,False,538.0724312293372
1,2024-12-10 20:12:00+00:00,2024-12-10,2024-12-10 21:00:00+00:00,334761,value_area_bounce,1,8.777857142857622,21359.63,21360.642291666663,21353.736458333333,21405.530208333334,21471.652309667123,21476.04123823855,21467.263381095694,False,False,False,705.5305312317232
1,2024-12-11 14:30:00+00:00,2024-12-11,2024-12-11 21:00:00+00:00,335799,value_area_bounce,-1,6.4378571428566955,21553.44,21555.342083333337,21506.279583333337,21558.612916666665,21557.399999999998,21560.618928571424,21554.18107142857,False,False,False,-1063.7171769562092
1,2024-12-11 15:00:00+00:00,2024-12-11,2024-12-11 21:00:00+00:00,335829,opening_range_breakout,1,12.282142857142649,21675.44,21590.707708333335,21547.491041666668,21650.130624999998,21616.224206471124,21622.365277899695,21610.083135042554,False,False,False,4668.154621210424
1,2024-12-11 18:42:00+00:00,2024-12-11,2024-12-11 21:00:00+00:00,336051,value_area_bounce,-1,5.025714285714067,21772.69,21762.158125,21749.286874999998,21773.190625,21691.884100767893,21694.39695791075,21689.371243625035,False,False,False,-2687.39708044059
1,2024-12-11 19:00:00+00:00,2024-12-11,2024-12-11 21:00:00+00:00,336069,value_area_bounce,1,5.507857142856925,21773.69,21780.388958333333,21768.715208333335,21784.280208333334,21695.084851329764,21697.838779901194,21692.330922758334,False,False,False,1474.7058272003
1,2024-12-12 14:30:00+00:00,2024-12-12,2024-12-12 21:00:00+00:00,337179,value_area_bounce,-1,9.455000000000187,21656.800000000003,21657.981249999997,21657.981249999997,21671.59375,21662.13666666667,21666.86416666667,21657.409166666668,False,False,False,-3551.511893115375
1,2024-12-12 14:36:00+00:00,2024-12-12,2024-12-12 21:00:00+00:00,337185,value_area_bounce,1,13.54357142857199,21661.300000000003,21661.636458333334,21656.342708333337,21673.988541666666,21653.369293657528,21660.141079371813,21646.597507943243,False,False,False,360.3032647496407
1,2024-12-12 14:38:00+00:00,2024-12-12,2024-12-12 21:00:00+00:00,337187,value_area_bounce,1,15.856428571428946,21668.050000000003,21661.636458333334,21652.81354166667,21673.988541666666,21653.747977431318,21661.676191717033,21645.819763145602,False,False,False,2240.4379871504493
1,2024-12-12 14:39:00+00:00,2024-12-12,2024-12-12 21:00:00+00:00,337188,value_area_bounce,-1,15.981428571428946,21662.800000000003,21661.636458333334,21652.81354166667,21673.988541666666,21654.50870222679,21662.499416512506,21646.517987941075,False,False,False,-1636.363467801205
1,2024-12-12 14:42:00+00:00,2024-12-12,2024-12-12 21:00:00+00:00,337191,value_area_bounce,-1,17.400714285714848,21654.800000000003,21661.636458333334,21652.81354166667,21673.988541666666,21655.229558181094,21663.92991532395,21646.529201038236,False,False,False,-145.45302530674303
1,2024-12-12 14:48:00+00:00,2024-12-12,2024-12-12 21:00:00+00:00,337197,value_area_bounce,1,17.544999999999813,21658.800000000003,21661.636458333334,21649.284375000003,21661.636458333334,21655.30333006381,21664.075830063808,21646.53083006381,False,False,False,773.50459593181
1,2024-12-12 14:49:00+00:00,2024-12-12,2024-12-12 21:00:00+00:00,337198,value_area_bounce,-1,16.794999999999813,21649.800000000003,21661.636458333334,21649.284375000003,21661.636458333334,21655.220937126665,21663.618437126665,21646.823437126666,False,False,False,-2571.5974448845163
1,2024-12-12 14:51:00+00:00,2024-12-12,2024-12-12 21:00:00+00:00,337200,value_area_bounce,1,16.27714285714267,21660.800000000003,21661.636458333334,21649.284375000003,21661.636458333334,21654.837187946367,21662.97575937494,21646.698616517795,False,False,False,252.89795236703776
1,2024-12-12 14:53:00+00:00,2024-12-12,2024-12-12 21:00:00+00:00,337202,value_area_bounce,-1,15.193571428571365,21653.300000000003,21659.871875000004,21649.284375000003,21661.636458333334,21654.9886640885,21662.585449802787,21647.391878374216,False,False,False,-2124.6291549092584
1,2024-12-12 15:00:00+00:00,2024-12-12,2024-12-12 21:00:00+00:00,337209,value_area_bounce,-1,12.057142857142546,21654.550000000003,21661.48541666667,21650.96041666667,21661.48541666667,21654.89312158648,21660.92169301505,21648.86455015791,False,False,False,-552.1700797730362
1,2024-12-12 15:03:00+00:00,2024-12-12,2024-12-12 21:00:00+00:00,337212,value_area_bounce,1,12.285714285714286,21652.300000000003,21655.3375,21649.862500000003,21660.8125,21654.363922772038,21660.506779914896,21648.22106562918,False,False,False,133.3455931537469
1,2024-12-12 15:09:00+00:00,2024-12-12,2024-12-12 21:00:00+00:00,337218,opening_range_breakout,-1,12.44000000000025,21629.93,21655.3375,21649.862500000003,21660.8125,21654.105952028996,21660.325952028998,21647.885952028995,False,False,False,-4619.934476615868
1,2024-12-12 17:02:00+00:00,2024-12-12,2024-12-12 21:00:00+00:00,337331,value_area_bounce,1,9.482142857142858,21671.550000000003,21699.612291666665,21669.476875,21707.831041666665,21668.25692036293,21672.9979917915,21663.515848934356,False,False,False,1672.2858231794735
1,2024-12-12 17:21:00+00:00,2024-12-12,2024-12-12 21:00:00+00:00,337350,value_area_bounce,-1,5.697142857142483,21689.300000000003,21659.6175,21650.1175,21690.4925,21670.004830179703,21672.853401608274,21667.156258751133,False,False,False,-2475.78535584637
1,2024-12-12 17:23:00+00:00,2024-12-12,2024-12-12 21:00:00+00:00,337352,value_area_bounce,-1,5.473571428571241,21687.050000000003,21659.6175,21650.1175,21690.4925,21670.146095928023,21672.88288164231,21667.409310213738,False,False,False,-1328.3841310877929
1,2024-12-12 18:08:00+00:00,2024-12-12,2024-12-12 21:00:00+00:00,337397,value_area_bounce,-1,8.25571428571441,21697.050000000003,21690.05041666667,21676.395416666666,21701.429583333334,21673.265231820234,21677.39308896309,21669.13737467738,False,False,False,-1039.5747814441265
1,2024-12-12 18:11:00+00:00,2024-12-12,2024-12-12 21:00:00+00:00,337400,value_area_bounce,-1,8.9242857142864,21697.800000000003,21690.05041666667,21676.395416666666,21701.429583333334,21673.58293063556,21678.045073492704,21669.120787778415,False,False,False,-891.8294551338897
1,2024-12-12 18:29:00+00:00,2024-12-12,2024-12-12 21:00:00+00:00,337418,value_area_bounce,-1,7.17928571428534,21708.300000000003,21710.696875,21697.789375,21719.301875,21675.304910301256,21678.8945531584,21671.715267444113,False,False,False,-935.6540625150244
1,2024-12-12 19:05:00+00:00,2024-12-12,2024-12-12 21:00:00+00:00,337454,value_area_bounce,1,7.232857142856768,21690.550000000003,21690.012916666667,21682.84041666667,21716.312083333334,21676.41411487598,21680.03054344741,21672.79768630455,False,False,False,1160.5766755438199
1,2024-12-12 20:31:00+00:00,2024-12-12,2024-12-12 21:00:00+00:00,337540,value_area_bounce,1,6.810714285715221,21648.050000000003,21658.804375,21643.514375,21672.183125000003,21673.272581410583,21676.67793855344,21669.867224267728,False,False,False,1413.2049638927706
1,2024-12-12 20:54:00+00:00,2024-12-12,2024-12-12 21:00:00+00:00,337563,value_area_bounce,-1,7.122142857142795,21645.300000000003,21645.857500000002,21631.5625,21649.034166666668,21672.241241871146,21675.80231329972,21668.680170442574,False,False,False,-541.8219725830247
1,2024-12-13 14:31:00+00:00,2024-12-13,2024-12-13 21:00:00+00:00,338560,value_area_bounce,1,10.409999999999854,21791.66,21784.239374999997,21779.416875,21813.174375000002,21786.105465704168,21791.31046570417,21780.900465704166,False,False,False,7363.572565845203
1,2024-12-13 14:33:00+00:00,2024-12-13,2024-12-13 21:00:00+00:00,338562,value_area_bounce,1,11.856428571428685,21795.28,21789.061875,21784.239374999997,21805.940625000003,21788.11508795155,21794.043302237267,21782.186873665836,False,False,False,8599.599341217072
1,2024-12-13 16:14:00+00:00,2024-12-13,2024-12-13 21:00:00+00:00,338663,value_area_bounce,1,16.389999999999937,21658.66,21666.001875,21651.464375000003,21745.958124999997,21779.76479762324,21787.95979762324,21771.56979762324,False,False,False,2286.3263863455613
1,2024-12-13 19:46:00+00:00,2024-12-13,2024-12-13 21:00:00+00:00,338875,value_area_bounce,-1,7.306428571428374,21783.28,21753.143125,21741.449374999997,21783.546875,21744.81447965252,21748.467693938233,21741.161265366805,False,False,False,-786.7833750693553
1,2024-12-13 20:06:00+00:00,2024-12-13,2024-12-13 21:00:00+00:00,338895,value_area_bounce,-1,5.947857142857434,21782.03,21782.951666666668,21779.785,21789.285,21745.914306965893,21748.88823553732,21742.940378394465,False,False,False,-633.1276352617576
1,2024-12-13 20:28:00+00:00,2024-12-13,2024-12-13 21:00:00+00:00,338917,value_area_bounce,1,7.375714285714431,21791.28,21784.108125,21781.045625,21788.701875,21746.90435665919,21750.592213802047,21743.216499516333,False,False,False,1961.2873243401366
1,2024-12-13 20:41:00+00:00,2024-12-13,2024-12-13 21:00:00+00:00,338930,value_area_bounce,-1,7.301428571428135,21787.53,21783.483125,21762.962291666663,21787.587291666663,21747.949836951022,21751.600551236737,21744.299122665307,False,False,False,-1276.7179335240708
1,2024-12-16 14:35:00+00:00,2024-12-16,2024-12-16 21:00:00+00:00,339929,value_area_bounce,-1,15.167142857143128,21902.83,21901.698333333334,21869.451666666668,21906.305,21904.952775201924,21912.536346630495,21897.369203773353,False,False,False,-7056.8700010922685
1,2024-12-16 14:36:00+00:00,2024-12-16,2024-12-16 21:00:00+00:00,339930,value_area_bounce,-1,16.13142857142884,21894.33,21906.305,21897.091666666667,21908.608333333337,21904.402600540387,21912.468314826103,21896.33688625467,False,False,False,-6511.44568880069
1,2024-12-16 14:37:00+00:00,2024-12-16,2024-12-16 21:00:00+00:00,339931,value_area_bounce,-1,16.783571428571772,21898.2,21906.305,21897.091666666667,21908.608333333337,21903.991974173412,21912.383759887696,21895.600188459128,False,False,False,-12798.345552547273
1,2024-12-16 15:00:00+00:00,2024-12-16,2024-12-16 21:00:00+00:00,339954,opening_range_breakout,1,16.345000000000123,21971.2,21900.80541666667,21900.80541666667,21931.39875,21918.871347688568,21927.04384768857,21910.698847688567,False,False,False,3405.8759536316184
1,2024-12-16 16:56:00+00:00,2024-12-16,2024-12-16 21:00:00+00:00,340070,value_area_bounce,-1,10.593571428571263,22023.83,22016.397500000003,22010.8825,22025.58916666667,21963.99440722321,21969.291192937497,21958.697621508923,False,False,False,-38.431501599995045
1,2024-12-16 17:05:00+00:00,2024-12-16,2024-12-16 21:00:00+00:00,340079,value_area_bounce,-1,9.241428571428644,22031.45,22024.55375,22009.89875,22031.88125,21966.103714476656,21970.72442876237,21961.483000190943,False,False,False,-985.4353964339213
1,2024-12-16 18:32:00+00:00,2024-12-16,2024-12-16 21:00:00+00:00,340166,value_area_bounce,-1,5.339285714285714,22103.45,22108.871875,22070.590625,22108.871875,21983.879647260103,21986.549290117244,21981.21000440296,False,False,False,-344.8662483624473
1,2024-12-16 18:50:00+00:00,2024-12-16,2024-12-16 21:00:00+00:00,340184,value_area_bounce,-1,7.095714285714556,22100.2,22108.43104166667,22089.835208333334,22110.290625,21987.875986531064,21991.42384367392,21984.328129388206,False,False,False,-1129.0192420158005
1,2024-12-16 19:05:00+00:00,2024-12-16,2024-12-16 21:00:00+00:00,340199,value_area_bounce,1,6.9099999999998545,22106.45,22108.11125,22101.48625,22110.319583333338,21990.88090006359,21994.33590006359,21987.425900063587,False,False,False,773.6378691291866
1,2024-12-16 19:07:00+00:00,2024-12-16,2024-12-16 21:00:00+00:00,340201,value_area_bounce,1,7.069999999999709,22105.33,22108.18041666667,22101.944583333334,22109.962083333336,21991.273543209107,21994.808543209107,21987.738543209107,False,False,False,688.7558425412072
1,2024-12-16 19:33:00+00:00,2024-12-16,2024-12-16 21:00:00+00:00,340227,value_area_bounce,-1,6.546428571428935,22110.7,22104.23625,22093.590416666666,22116.402916666666,21997.007447245785,22000.2806615315,21993.734232960072,False,False,False,-948.5280787555996
1,2024-12-16 20:23:00+00:00,2024-12-16,2024-12-16 21:00:00+00:00,340277,value_area_bounce,-1,6.115714285714213,22131.2,22134.88375,22120.959583333337,22137.41541666667,22006.280816983573,22009.33867412643,22003.222959840718,False,False,False,-822.2731844845229
1,2024-12-16 20:24:00+00:00,2024-12-16,2024-12-16 21:00:00+00:00,340278,value_area_bounce,-1,6.142857142857143,22125.7,22124.824791666666,22110.960208333338,22131.126875,22006.471506592123,22009.54293516355,22003.400078020695,False,False,False,-909.0398511511895
1,2024-12-16 20:29:00+00:00,2024-12-16,2024-12-16 21:00:00+00:00,340283,value_area_bounce,-1,5.954999999999927,22133.45,22132.961458333335,22123.584791666668,22137.64979166667,22007.467408586905,22010.444908586906,22004.489908586904,False,False,False,-325.0337405965113
1,2024-12-16 20:40:00+00:00,2024-12-16,2024-12-16 21:00:00+00:00,340294,value_area_bounce,1,6.339285714285714,22122.7,22134.13354166667,22122.412708333337,22137.64979166667,22009.78724440557,22012.95688726271,22006.617601548427,False,False,False,361.46460720379196
1,2024-12-17 14:35:00+00:00,2024-12-17,2024-12-17 21:00:00+00:00,341309,value_area_bounce,1,14.437857142857476,21992.69,22008.448333333334,21978.59833333333,22028.348333333335,21997.60496991467,22004.823898486102,21990.38604134324,False,False,False,1788.2503623330376
1,2024-12-17 14:38:00+00:00,2024-12-17,2024-12-17 21:00:00+00:00,341312,value_area_bounce,1,17.79428571428642,21985.19,21989.1075,21970.8825,22010.9775,21993.684699553836,22002.58184241098,21984.787556696694,False,False,False,856.8578386140898
1,2024-12-17 14:50:00+00:00,2024-12-17,2024-12-17 21:00:00+00:00,341324,value_area_bounce,-1,21.794999999999813,22017.94,21991.935833333333,21969.78583333333,22025.160833333335,22005.63811658847,22016.53561658847,21994.74061658847,False,False,False,-7318.62759525386
1,2024-12-17 14:53:00+00:00,2024-12-17,2024-12-17 21:00:00+00:00,341327,value_area_bounce,-1,20.48357142857068,22006.19,21991.935833333333,21969.78583333333,22025.160833333335,22007.339283990346,22017.581069704633,21997.09749827606,False,False,False,-7047.360628661574
1,2024-12-17 15:06:00+00:00,2024-12-17,2024-12-17 21:00:00+00:00,341340,value_area_bounce,1,21.492857142857247,21995.69,22025.888125,21992.138125,22042.763125,22004.0142462037,22014.760674775127,21993.267817632273,False,False,False,6357.692665210519
1,2024-12-17 15:08:00+00:00,2024-12-17,2024-12-17 21:00:00+00:00,341342,value_area_bounce,1,20.957142857142962,21995.06,21992.138125,21979.481875,22025.888125,22003.55316118133,22014.031732609903,21993.07458975276,False,False,False,7777.500172762177
1,2024-12-17 19:42:00+00:00,2024-12-17,2024-12-17 21:00:00+00:00,341616,value_area_bounce,1,6.367142857142296,21968.81,21987.57041666667,21968.63291666667,21991.77875,22001.20520541881,22004.38877684738,21998.02163399024,False,False,False,1548.9502602184086
1,2024-12-17 19:46:00+00:00,2024-12-17,2024-12-17 21:00:00+00:00,341620,value_area_bounce,1,7.419285714285901,21970.06,21971.981875,21966.013125,21987.89854166667,22001.008544162112,22004.718187019254,21997.29890130497,False,False,False,2113.5914995417875
1,2024-12-17 20:36:00+00:00,2024-12-17,2024-12-17 21:00:00+00:00,341670,value_area_bounce,1,7.554999999999252,21964.81,21975.401875000003,21959.190625,21975.401875000003,21998.52730328457,22002.30480328457,21994.74980328457,False,False,False,245.74183258047526
1,2024-12-18 14:39:00+00:00,2024-12-18,2024-12-18 21:00:00+00:00,342674,value_area_bounce,1,18.07071428571518,21946.69,21980.138124999998,21931.339375,21993.446875,21942.66104776821,21951.69640491107,21933.625690625355,False,False,False,5084.973377468621
1,2024-12-18 14:42:00+00:00,2024-12-18,2024-12-18 21:00:00+00:00,342677,value_area_bounce,1,20.51714285714323,21966.19,21980.138124999998,21940.211875,21993.446875,21944.15378870443,21954.412360133,21933.895217275858,False,False,False,4403.270881738279
1,2024-12-18 15:00:00+00:00,2024-12-18,2024-12-18 21:00:00+00:00,342695,value_area_bounce,-1,14.66857142857199,21982.56,21953.356666666667,21938.503333333334,21983.063333333335,21955.56144415106,21962.895729865344,21948.227158436774,False,False,False,-4311.260347070387
1,2024-12-18 15:02:00+00:00,2024-12-18,2024-12-18 21:00:00+00:00,342697,value_area_bounce,-1,14.51714285714323,21975.19,21953.815,21938.815,21983.815,21956.78247719382,21964.041048622392,21949.52390576525,False,False,False,-4085.604069992676
1,2024-12-18 16:28:00+00:00,2024-12-18,2024-12-18 21:00:00+00:00,342783,value_area_bounce,1,14.321428571428571,22002.19,22028.55625,21983.007083333334,22045.119583333333,21982.617418252354,21989.778132538067,21975.45670396664,False,False,False,5108.627211754234
1,2024-12-18 17:18:00+00:00,2024-12-18,2024-12-18 21:00:00+00:00,342833,value_area_bounce,1,9.025714285714846,22003.94,22005.7575,21999.07083333333,22014.115833333333,21986.8817191728,21991.39457631566,21982.368862029944,False,False,False,1819.0565006932397
1,2024-12-18 17:35:00+00:00,2024-12-18,2024-12-18 21:00:00+00:00,342850,value_area_bounce,1,7.3635714285709195,22003.44,22016.912291666667,22000.46104166667,22016.912291666667,21987.723147669687,21991.404933383972,21984.041361955402,False,False,False,1734.166077248881
1,2024-12-18 19:26:00+00:00,2024-12-18,2024-12-18 21:00:00+00:00,342961,value_area_bounce,-1,21.476428571427927,21844.69,21824.5025,21797.1275,21861.0025,21962.215366606128,21972.95358089184,21951.477152320414,False,False,False,-3012.740730445587
1,2024-12-19 14:35:00+00:00,2024-12-19,2024-12-19 21:00:00+00:00,344050,value_area_bounce,-1,19.080714285714098,21382.6,21386.144583333335,21333.830416666664,21390.168749999997,21394.364339422213,21403.90469656507,21384.823982279355,False,False,False,-5465.492931283641
1,2024-12-19 14:36:00+00:00,2024-12-19,2024-12-19 21:00:00+00:00,344051,value_area_bounce,-1,22.764999999999677,21338.85,21386.144583333335,21337.854583333334,21390.168749999997,21389.839069839156,21401.221569839156,21378.456569839156,False,False,False,-10155.33126718544
1,2024-12-19 14:41:00+00:00,2024-12-19,2024-12-19 21:00:00+00:00,344056,value_area_bounce,1,34.4542857142855,21360.77,21385.580416666664,21342.787083333333,21406.97708333333,21365.449723078018,21382.676865935162,21348.222580220874,False,False,False,6185.641246566158
1,2024-12-19 14:47:00+00:00,2024-12-19,2024-12-19 21:00:00+00:00,344062,value_area_bounce,1,40.045714285713984,21363.52,21385.580416666664,21342.787083333333,21406.97708333333,21360.344445694842,21380.367302837698,21340.321588551986,False,False,False,1861.724367806774
1,2024-12-19 16:15:00+00:00,2024-12-19,2024-12-19 21:00:00+00:00,344150,value_area_bounce,1,19.692857142857196,21235.02,21247.485625,21212.354375000003,21277.598125000004,21294.772781717966,21304.619210289395,21284.926353146537,False,False,False,2659.602494453924
1,2024-12-19 17:42:00+00:00,2024-12-19,2024-12-19 21:00:00+00:00,344237,value_area_bounce,1,18.002142857143294,21189.02,21181.009583333333,21168.21791666667,21270.55125,21286.497203840077,21295.49827526865,21277.496132411507,False,False,False,736.0084073429541
1,2024-12-19 18:33:00+00:00,2024-12-19,2024-12-19 21:00:00+00:00,344288,value_area_bounce,-1,16.13714285714273,21247.97,21231.74291666667,21201.497083333335,21257.667916666665,21275.262638147866,21283.331209576438,21267.194066719294,False,False,False,-1286.4202061473177
1,2024-12-19 19:06:00+00:00,2024-12-19,2024-12-19 21:00:00+00:00,344321,value_area_bounce,-1,16.57642857142829,21272.22,21271.54604166667,21230.729375000003,21276.648125,21275.53830618908,21283.82652047479,21267.250091903366,False,False,False,-1367.7222775418152
1,2024-12-19 19:09:00+00:00,2024-12-19,2024-12-19 21:00:00+00:00,344324,value_area_bounce,-1,16.415714285714007,21260.77,21271.54604166667,21230.729375000003,21276.648125,21275.495301821815,21283.703158964672,21267.287444678957,False,False,False,-1684.7524105179311
1,2024-12-19 19:23:00+00:00,2024-12-19,2024-12-19 21:00:00+00:00,344338,value_area_bounce,1,14.700000000000728,21246.22,21271.65229166667,21238.854375,21276.337708333333,21274.238163593393,21281.58816359339,21266.888163593394,False,False,False,1673.198152468495
1,2024-12-19 20:31:00+00:00,2024-12-19,2024-12-19 21:00:00+00:00,344406,value_area_bounce,-1,16.51214285714273,21216.52,21221.61,21190.25,21221.61,21267.508053204518,21275.76412463309,21259.251981775946,False,False,False,-1024.1818257899
1,2024-12-19 20:38:00+00:00,2024-12-19,2024-12-19 21:00:00+00:00,344413,value_area_bounce,1,22.957857142857392,21190.27,21222.26583333333,21188.495833333334,21227.894166666665,21265.75005482285,21277.228983394278,21254.27112625142,False,False,False,663.740932516016
1,2024-12-19 20:39:00+00:00,2024-12-19,2024-12-19 21:00:00+00:00,344414,value_area_bounce,1,22.78785714285758,21208.27,21222.26583333333,21182.8675,21227.894166666665,21265.586578921986,21276.980507493416,21254.192650350557,False,False,False,2427.1093030719026
1,2024-12-19 20:41:00+00:00,2024-12-19,2024-12-19 21:00:00+00:00,344416,value_area_bounce,1,23.062857142857474,21217.52,21222.26583333333,21188.495833333334,21233.5225,21265.33629988705,21276.86772845848,21253.80487131562,False,False,False,4709.336713809708
1,2024-12-20 14:30:00+00:00,2024-12-20,2024-12-20 21:00:00+00:00,345425,value_area_bounce,-1,16.83642857143007,20960.76,20968.787083333336,20951.807916666665,20975.57875,20963.506666666668,20971.92488095238,20955.088452380955,False,False,False,-5514.965622955441
1,2024-12-20 14:32:00+00:00,2024-12-20,2024-12-20 21:00:00+00:00,345427,value_area_bounce,1,19.440714285715462,20963.88,20965.39125,20951.807916666665,20972.182916666665,20963.188363955993,20972.90872109885,20953.468006813135,False,False,False,3666.0115792525103
1,2024-12-20 14:33:00+00:00,2024-12-20,2024-12-20 21:00:00+00:00,345428,value_area_bounce,-1,20.422857142858316,20945.88,20965.625625,20950.781875,20968.594375,20961.276340903874,20971.487769475305,20951.064912332444,False,False,False,-1674.4454916269733
1,2024-12-20 14:34:00+00:00,2024-12-20,2024-12-20 21:00:00+00:00,345429,value_area_bounce,1,21.46785714285813,20957.63,20966.445,20953.595,20969.015,20960.22926053146,20970.96318910289,20949.49533196003,False,False,False,1193.340294328022
1,2024-12-20 14:36:00+00:00,2024-12-20,2024-12-20 21:00:00+00:00,345431,value_area_bounce,-1,23.02142857142956,20949.26,20958.735,20953.595,20966.445,20959.58793871948,20971.098653005196,20948.077224433764,False,False,False,-4284.583271124986
1,2024-12-20 14:47:00+00:00,2024-12-20,2024-12-20 21:00:00+00:00,345442,value_area_bounce,-1,29.327857142856633,20992.63,20965.051874999997,20931.939375,20992.645624999997,20989.56025502769,21004.22418359912,20974.89632645626,False,False,False,-6596.123299017527
1,2024-12-20 14:48:00+00:00,2024-12-20,2024-12-20 21:00:00+00:00,345443,value_area_bounce,-1,31.04214285714235,20946.38,20965.051874999997,20931.939375,20998.164375,20988.077190965032,21003.598262393603,20972.55611953646,False,False,False,-7006.243337601169
1,2024-12-20 15:00:00+00:00,2024-12-20,2024-12-20 21:00:00+00:00,345455,value_area_bounce,-1,30.52714285714293,20997.38,20959.625625,20947.261458333334,21002.900208333333,20985.346998435594,21000.610569864166,20970.083427007023,False,False,False,-170.47053101375468
1,2024-12-20 15:05:00+00:00,2024-12-20,2024-12-20 21:00:00+00:00,345460,opening_range_breakout,1,27.79357142857121,21070.51,20965.807708333334,20947.261458333334,21009.082291666666,20991.691714798544,21005.58850051283,20977.79492908426,False,False,False,11664.160997225548
1,2024-12-20 17:31:00+00:00,2024-12-20,2024-12-20 21:00:00+00:00,345606,value_area_bounce,-1,14.410714285714286,21529.63,21504.0775,21495.0875,21531.0475,21236.353681976954,21243.559039119813,21229.148324834096,False,False,False,-551.5456834856968
1,2024-12-20 17:32:00+00:00,2024-12-20,2024-12-20 21:00:00+00:00,345607,value_area_bounce,-1,14.758571428571615,21520.13,21504.0775,21495.0875,21531.0475,21237.754318291925,21245.133604006212,21230.37503257764,False,False,False,-2316.1832345053217
1,2024-12-20 19:01:00+00:00,2024-12-20,2024-12-20 21:00:00+00:00,345696,value_area_bounce,1,17.170714285713725,21425.13,21438.599374999998,21417.006875,21452.994375000002,21292.839513354702,21301.424870497558,21284.254156211846,False,False,False,340.7363123636899
1,2024-12-20 19:03:00+00:00,2024-12-20,2024-12-20 21:00:00+00:00,345698,value_area_bounce,1,17.937857142856956,21422.26,21439.911041666666,21408.504791666666,21450.379791666666,21293.54159207954,21302.51052065097,21284.57266350811,False,False,False,1227.1824899283133
1,2024-12-20 19:08:00+00:00,2024-12-20,2024-12-20 21:00:00+00:00,345703,value_area_bounce,1,16.982142857142858,21411.63,21439.520624999997,21408.184374999997,21445.218125,21295.330656409045,21303.821727837618,21286.839584980473,False,False,False,611.6047888551882
1,2024-12-20 20:15:00+00:00,2024-12-20,2024-12-20 21:00:00+00:00,345770,value_area_bounce,1,11.969999999999866,21429.13,21454.318541666667,21427.835208333334,21480.801875,21314.860653810258,21320.84565381026,21308.875653810257,False,False,False,35.800123771090966
1,2024-12-20 20:45:00+00:00,2024-12-20,2024-12-20 21:00:00+00:00,345800,value_area_bounce,1,20.80928571428558,21377.26,21457.005,21369.505,21457.005,21319.47432726975,21329.87897012689,21309.069684412607,False,False,False,600.5720230456745
1,2024-12-20 20:59:00+00:00,2024-12-20,2024-12-20 21:00:00+00:00,345814,value_area_bounce,1,26.589285714285715,21320.01,21350.703125,21289.413125,21389.009375,21319.711031873972,21333.005674731114,21306.41638901683,False,False,False,228.7501321189684
1,2024-12-23 14:37:00+00:00,2024-12-23,2024-12-23 21:00:00+00:00,346797,value_area_bounce,-1,23.585000000000427,21400.17,21408.524375,21330.09104166667,21423.230625,21417.49661508268,21429.28911508268,21405.70411508268,False,False,False,-5323.951441480605
1,2024-12-23 14:40:00+00:00,2024-12-23,2024-12-23 21:00:00+00:00,346800,value_area_bounce,-1,28.032142857142908,21403.04,21408.877500000002,21389.4575,21433.152500000004,21417.640440502386,21431.656511930956,21403.624369073816,False,False,False,-3065.293139652468
1,2024-12-23 14:41:00+00:00,2024-12-23,2024-12-23 21:00:00+00:00,346801,value_area_bounce,1,29.80000000000005,21426.29,21408.877500000002,21408.877500000002,21433.152500000004,21417.644976573785,21432.544976573787,21402.744976573784,False,False,False,2854.397650569882
1,2024-12-23 14:43:00+00:00,2024-12-23,2024-12-23 21:00:00+00:00,346803,value_area_bounce,-1,31.818571428571108,21401.04,21408.877500000002,21408.877500000002,21428.2975,21417.35073982747,21433.260025541756,21401.441454113185,False,False,False,-1528.7009918115796
1,2024-12-23 14:55:00+00:00,2024-12-23,2024-12-23 21:00:00+00:00,346815,value_area_bounce,1,28.51071428571439,21372.79,21407.086875,21366.336875,21432.555625,21394.135005066142,21408.390362209,21379.879647923284,False,False,False,7072.128465214651
1,2024-12-23 14:56:00+00:00,2024-12-23,2024-12-23 21:00:00+00:00,346816,value_area_bounce,1,29.002142857142776,21394.54,21407.086875,21366.336875,21432.555625,21393.955613893617,21408.456685322188,21379.454542465046,False,False,False,6806.789023036343
1,2024-12-23 15:24:00+00:00,2024-12-23,2024-12-23 21:00:00+00:00,346844,opening_range_breakout,-1,29.620000000000022,21319.29,21342.034791666665,21333.774375,21424.638958333337,21371.361629032566,21386.171629032568,21356.551629032565,False,False,False,-3904.6568669348535
1,2024-12-23 15:58:00+00:00,2024-12-23,2024-12-23 21:00:00+00:00,346878,value_area_bounce,-1,18.876428571427823,21313.42,21318.482708333337,21303.701458333337,21328.336875,21356.601654071088,21366.039868356802,21347.163439785374,False,False,False,-235.92423913415405
1,2024-12-23 17:04:00+00:00,2024-12-23,2024-12-23 21:00:00+00:00,346944,value_area_bounce,-1,12.295714285713725,21464.29,21450.170833333334,21390.6425,21471.817499999997,21369.914455244587,21376.062312387443,21363.76659810173,False,False,False,-1763.159645164074
1,2024-12-23 17:17:00+00:00,2024-12-23,2024-12-23 21:00:00+00:00,346957,value_area_bounce,1,13.340714285713537,21435.17,21457.691875,21432.039791666666,21478.213541666664,21374.05565279237,21380.726009935224,21367.385295649514,False,False,False,1058.4912565529714
1,2024-12-23 17:19:00+00:00,2024-12-23,2024-12-23 21:00:00+00:00,346959,value_area_bounce,1,14.631428571428062,21438.67,21457.691875,21421.778958333332,21473.083124999997,21374.54376266141,21381.859476947124,21367.2280483757,False,False,False,3770.698757493954
1,2024-12-23 17:31:00+00:00,2024-12-23,2024-12-23 21:00:00+00:00,346971,value_area_bounce,1,13.773571428571293,21444.17,21445.685625,21434.466875,21460.643958333334,21377.15078353672,21384.037569251006,21370.263997822432,False,False,False,2000.450019244649
1,2024-12-23 18:17:00+00:00,2024-12-23,2024-12-23 21:00:00+00:00,347017,value_area_bounce,-1,12.361428571429185,21471.42,21472.253125,21447.463125,21484.648125,21387.683466808943,21393.864181094657,21381.50275252323,False,False,False,-103.80812634567428
1,2024-12-23 19:26:00+00:00,2024-12-23,2024-12-23 21:00:00+00:00,347086,value_area_bounce,-1,8.32642857142881,21522.42,21520.2275,21505.3525,21526.6025,21403.12857273772,21407.291787023438,21398.965358452006,False,False,True,-801.5868560102938
1,2024-12-23 19:27:00+00:00,2024-12-23,2024-12-23 21:00:00+00:00,347087,value_area_bounce,-1,8.397857142857381,21521.04,21519.930625,21506.003541666665,21525.899375,21403.361914523237,21407.560843094667,21399.162985951807,False,False,False,-1747.324658615599
1,2024-12-23 20:14:00+00:00,2024-12-23,2024-12-23 21:00:00+00:00,347134,value_area_bounce,1,13.187142857143044,21478.67,21507.44625,21472.94625,21537.63375,21410.876816351927,21417.4703877805,21404.283244923354,False,False,False,1567.6386369517952
1,2024-12-24 14:32:00+00:00,2024-12-24,2024-12-24 18:00:00+00:00,348172,value_area_bounce,1,11.60857142857068,21607.29,21590.95229166667,21590.95229166667,21608.85854166667,21595.274788826202,21601.07907454049,21589.470503111916,False,False,False,1392.192268022389
1,2024-12-24 14:33:00+00:00,2024-12-24,2024-12-24 18:00:00+00:00,348173,value_area_bounce,-1,13.16214285714211,21599.29,21591.331458333334,21579.523958333335,21605.106875,21597.50928208485,21604.090353513424,21590.92821065628,False,False,False,-2845.2533011343926
1,2024-12-24 14:34:00+00:00,2024-12-24,2024-12-24 18:00:00+00:00,348174,value_area_bounce,-1,13.76071428571335,21603.79,21591.331458333334,21579.523958333335,21607.074791666666,21598.67211007956,21605.552467222416,21591.7917529367,False,False,False,-4231.351690744243
1,2024-12-24 16:05:00+00:00,2024-12-24,2024-12-24 18:00:00+00:00,348265,value_area_bounce,-1,10.69571428571466,21734.54,21707.513333333332,21694.36666666667,21737.09333333333,21675.76773448339,21681.115591626247,21670.419877340533,False,False,False,-295.539964869753
1,2024-12-24 16:52:00+00:00,2024-12-24,2024-12-24 18:00:00+00:00,348312,value_area_bounce,-1,5.756428571428062,21756.79,21754.831875,21743.924375,21763.92145833333,21690.302834856117,21693.18104914183,21687.424620570404,False,False,False,-3051.6977921769444
1,2024-12-24 16:56:00+00:00,2024-12-24,2024-12-24 18:00:00+00:00,348316,value_area_bounce,-1,8.300000000000052,21758.54,21754.831875,21747.560208333332,21765.739374999997,21691.84624058702,21695.99624058702,21687.696240587018,False,False,False,-9.151095037824234
1,2024-12-24 17:37:00+00:00,2024-12-24,2024-12-24 18:00:00+00:00,348357,value_area_bounce,1,11.27214285714347,21751.54,21760.674375000002,21748.930625,21770.069375,21701.45010861869,21707.086180047263,21695.814037190117,False,False,False,459.6488306529527
1,2024-12-26 14:43:00+00:00,2024-12-26,2024-12-26 21:00:00+00:00,348930,value_area_bounce,-1,19.88428571428553,21757.92,21771.25041666667,21739.671250000003,21771.25041666667,21761.02724767321,21770.969390530354,21751.085104816066,False,False,False,-1839.9723674499107
1,2024-12-26 14:59:00+00:00,2024-12-26,2024-12-26 21:00:00+00:00,348946,value_area_bounce,1,23.942857142857196,21736.67,21755.529583333337,21726.88375,21778.44625,21737.811846549026,21749.783275120455,21725.840417977597,False,False,False,10046.220673451542
1,2024-12-26 15:00:00+00:00,2024-12-26,2024-12-26 21:00:00+00:00,348947,value_area_bounce,1,24.389285714285766,21745.04,21755.529583333337,21726.88375,21778.44625,21737.9506826305,21750.145325487643,21725.756039773358,False,False,False,8845.915512829888
1,2024-12-26 15:02:00+00:00,2024-12-26,2024-12-26 21:00:00+00:00,348949,value_area_bounce,1,23.70214285714272,21738.42,21755.529583333337,21726.88375,21772.717083333337,21737.954831292278,21749.80590272085,21726.103759863705,False,False,False,681.8573409287915
1,2024-12-26 15:41:00+00:00,2024-12-26,2024-12-26 21:00:00+00:00,348988,value_area_bounce,-1,12.61357142857092,21756.04,21716.805416666666,21710.95625,21763.598749999997,21740.291492284614,21746.5982779989,21733.98470657033,False,False,False,-1443.2836590111908
1,2024-12-26 16:24:00+00:00,2024-12-26,2024-12-26 21:00:00+00:00,349031,value_area_bounce,-1,8.295714285713725,21769.04,21761.137708333335,21748.355208333334,21784.572291666664,21748.099241922326,21752.247099065182,21743.95138477947,False,False,False,-1703.4475827763717
1,2024-12-26 17:21:00+00:00,2024-12-26,2024-12-26 21:00:00+00:00,349088,value_area_bounce,-1,7.719285714285953,21831.54,21807.785416666666,21795.848749999997,21834.642916666668,21758.643629742015,21762.50327259916,21754.78398688487,False,False,False,-2118.641953738964
1,2024-12-26 17:25:00+00:00,2024-12-26,2024-12-26 21:00:00+00:00,349092,value_area_bounce,-1,8.318571428571106,21823.04,21807.862916666665,21795.94625,21831.69625,21759.584966322986,21763.74425203727,21755.4256806087,False,False,False,-1500.2770917244025
1,2024-12-26 20:14:00+00:00,2024-12-26,2024-12-26 21:00:00+00:00,349261,value_area_bounce,-1,7.267857142857143,21809.04,21786.623333333337,21781.956666666665,21819.29,21774.785794796368,21778.419723367795,21771.15186622494,False,False,False,-2340.6395353327252
1,2024-12-26 20:40:00+00:00,2024-12-26,2024-12-26 21:00:00+00:00,349287,value_area_bounce,1,6.302142857143606,21827.04,21825.112916666665,21820.19625,21830.029583333337,21776.781064597762,21779.932136026335,21773.62999316919,False,False,False,562.44604823636
1,2024-12-27 15:00:00+00:00,2024-12-27,2024-12-27 21:00:00+00:00,350327,opening_range_breakout,-1,23.0,21444.29,21522.036874999998,21469.544374999998,21574.529375,21531.7528229453,21543.2528229453,21520.2528229453,False,False,False,-6328.94227697495
1,2024-12-27 16:43:00+00:00,2024-12-27,2024-12-27 21:00:00+00:00,350430,value_area_bounce,-1,15.05428571428534,21378.67,21353.123125,21329.529375,21395.591875,21411.540733498896,21419.06787635604,21404.013590641753,False,False,False,-8809.693494656003
1,2024-12-27 16:56:00+00:00,2024-12-27,2024-12-27 21:00:00+00:00,350443,value_area_bounce,1,18.117857142857247,21349.29,21353.705625,21316.917708333334,21390.493541666667,21407.950496627192,21417.009425198623,21398.891568055762,False,False,False,1951.8086616308356
1,2024-12-27 17:22:00+00:00,2024-12-27,2024-12-27 21:00:00+00:00,350469,value_area_bounce,1,15.031428571428998,21309.04,21323.060625,21291.341875,21380.154375,21399.67075905673,21407.186473342445,21392.155044771018,False,False,False,36.15135697812411
1,2024-12-27 17:47:00+00:00,2024-12-27,2024-12-27 21:00:00+00:00,350494,value_area_bounce,-1,14.83785714285789,21319.54,21321.20125,21292.88875,21333.784583333334,21393.752313661505,21401.171242232933,21386.333385090078,False,False,False,-1878.9588850756013
1,2024-12-27 18:07:00+00:00,2024-12-27,2024-12-27 21:00:00+00:00,350514,value_area_bounce,-1,13.273571428571293,21347.54,21334.873125,21308.185625,21361.560625,21391.949586430073,21398.58637214436,21385.312800715787,False,False,False,-3861.485239855869
1,2024-12-27 18:09:00+00:00,2024-12-27,2024-12-27 21:00:00+00:00,350516,value_area_bounce,-1,13.567142857143283,21358.04,21334.873125,21308.185625,21361.560625,21391.726761758073,21398.510333186645,21384.9431903295,False,False,False,-4700.718040088581
1,2024-12-27 20:02:00+00:00,2024-12-27,2024-12-27 21:00:00+00:00,350629,value_area_bounce,-1,9.844999999999866,21471.17,21433.636875,21426.959375,21473.701875,21399.94979749867,21404.87229749867,21395.02729749867,False,False,False,-1988.8401881693178
1,2024-12-27 20:03:00+00:00,2024-12-27,2024-12-27 21:00:00+00:00,350630,value_area_bounce,-1,10.154285714285445,21466.79,21433.636875,21426.959375,21473.701875,21400.104051204435,21405.181194061577,21395.026908347292,False,False,False,-2422.658165606805
1,2024-12-27 20:10:00+00:00,2024-12-27,2024-12-27 21:00:00+00:00,350637,value_area_bounce,-1,12.708571428570783,21456.54,21433.636875,21426.959375,21473.701875,21401.054481255076,21407.40876696936,21394.70019554079,False,False,False,-566.109795661938
1,2024-12-27 20:28:00+00:00,2024-12-27,2024-12-27 21:00:00+00:00,350655,value_area_bounce,1,12.92928571428534,21439.92,21473.633541666662,21436.237708333334,21499.810625,21402.174376032362,21408.639018889506,21395.70973317522,False,False,False,634.2444519388546
1,2024-12-27 20:36:00+00:00,2024-12-27,2024-12-27 21:00:00+00:00,350663,value_area_bounce,1,11.207142857141921,21427.29,21432.498125,21417.539791666662,21473.633541666662,21402.596448552955,21408.200019981527,21396.992877124383,False,False,False,2905.1473361194458
1,2024-12-30 14:31:00+00:00,2024-12-30,2024-12-30 21:00:00+00:00,351663,value_area_bounce,1,14.58642857142773,21196.92,21203.395625,21189.514375000002,21217.276875000003,21198.490984705633,21205.784198991347,21191.19777041992,False,False,False,3454.737186399302
1,2024-12-30 14:32:00+00:00,2024-12-30,2024-12-30 21:00:00+00:00,351664,value_area_bounce,-1,15.835714285713818,21192.17,21203.395625,21189.514375000002,21211.724375,21197.34566778798,21205.263524930837,21189.427810645124,False,False,False,-315.7920737442764
1,2024-12-30 14:37:00+00:00,2024-12-30,2024-12-30 21:00:00+00:00,351669,value_area_bounce,1,24.247142857142016,21169.04,21204.249375,21168.913125,21223.880624999998,21175.61163016542,21187.73520159399,21163.488058736846,False,False,False,388.10134684185596
1,2024-12-30 14:50:00+00:00,2024-12-30,2024-12-30 21:00:00+00:00,351682,value_area_bounce,1,26.23285714285677,21166.17,21195.008541666666,21157.573125,21221.748125,21159.194481528488,21172.310910099917,21146.07805295706,False,False,False,7809.0090889565545
1,2024-12-30 15:05:00+00:00,2024-12-30,2024-12-30 21:00:00+00:00,351697,value_area_bounce,1,27.979285714285393,21116.04,21156.820625,21102.530625,21177.179375,21143.598201681,21157.587844538142,21129.60855882386,False,False,False,2443.0885906685317
1,2024-12-30 15:10:00+00:00,2024-12-30,2024-12-30 21:00:00+00:00,351702,value_area_bounce,1,28.92428571428614,21111.79,21156.820625,21109.316874999997,21177.179375,21140.504256713757,21154.9663995709,21126.042113856613,False,False,False,3829.4954513063476
1,2024-12-30 15:11:00+00:00,2024-12-30,2024-12-30 21:00:00+00:00,351703,value_area_bounce,1,27.722142857143417,21131.29,21156.820625,21109.316874999997,21177.179375,21140.102940216966,21153.964011645538,21126.241868788395,False,False,False,6014.682795544186
1,2024-12-30 17:06:00+00:00,2024-12-30,2024-12-30 21:00:00+00:00,351818,value_area_bounce,-1,14.452142857142722,21256.54,21247.050416666665,21196.00875,21262.362916666665,21152.89197455555,21160.118045984123,21145.665903126977,False,False,False,-1344.8910629246338
1,2024-12-30 17:36:00+00:00,2024-12-30,2024-12-30 21:00:00+00:00,351848,value_area_bounce,-1,12.089999999999625,21312.92,21288.753333333334,21264.586666666662,21327.42,21163.76157949313,21169.806579493128,21157.71657949313,False,False,False,-1183.1730281457208
1,2024-12-30 17:56:00+00:00,2024-12-30,2024-12-30 21:00:00+00:00,351868,value_area_bounce,-1,14.240000000000562,21312.54,21329.555625,21274.899375,21329.555625,21173.09470238015,21180.214702380148,21165.97470238015,False,False,False,-2365.5709427749457
1,2024-12-30 18:03:00+00:00,2024-12-30,2024-12-30 21:00:00+00:00,351875,value_area_bounce,-1,20.460000000000427,21326.42,21325.909791666665,21278.034791666665,21337.878541666665,21177.539794378696,21187.769794378695,21167.309794378696,False,False,False,-2033.0884514082345
1,2024-12-30 18:17:00+00:00,2024-12-30,2024-12-30 21:00:00+00:00,351889,value_area_bounce,-1,14.388571428571854,21349.54,21326.893958333334,21317.112708333334,21349.716875,21184.072859854372,21191.267145568658,21176.878574140086,False,False,False,-423.17658527725007
1,2024-12-30 18:28:00+00:00,2024-12-30,2024-12-30 21:00:00+00:00,351900,value_area_bounce,1,16.68000000000029,21333.42,21335.055625,21318.049375000002,21352.061875,21188.828122810584,21197.168122810584,21180.488122810584,False,False,False,3177.325969744553
1,2024-12-30 18:36:00+00:00,2024-12-30,2024-12-30 21:00:00+00:00,351908,value_area_bounce,-1,17.844999999999864,21326.42,21335.055625,21318.049375000002,21352.061875,21192.196676977062,21201.119176977063,21183.274176977062,False,False,False,-1841.0477701812283
1,2024-12-30 18:37:00+00:00,2024-12-30,2024-12-30 21:00:00+00:00,351909,value_area_bounce,1,17.13428571428553,21331.92,21335.055625,21318.049375000002,21352.061875,21192.627583601297,21201.19472645844,21184.060440744153,False,False,False,715.4881557136994
1,2024-12-30 19:27:00+00:00,2024-12-30,2024-12-30 21:00:00+00:00,351959,value_area_bounce,1,13.460000000000425,21316.42,21346.063958333332,21316.247291666667,21364.699375,21206.183280770038,21212.913280770037,21199.453280770038,False,False,False,1230.522549236759
1,2024-12-30 20:03:00+00:00,2024-12-30,2024-12-30 21:00:00+00:00,351995,value_area_bounce,-1,10.77785714285658,21324.42,21334.221250000002,21309.583749999998,21334.221250000002,21213.33500323953,21218.723931810957,21207.9460746681,False,False,False,-802.7605908439897
1,2024-12-30 20:06:00+00:00,2024-12-30,2024-12-30 21:00:00+00:00,351998,value_area_bounce,1,11.30428571428534,21317.42,21334.221250000002,21315.058750000004,21334.221250000002,21214.04577135888,21219.697914216023,21208.393628501737,False,False,False,438.2571294775231
1,2024-12-30 20:12:00+00:00,2024-12-30,2024-12-30 21:00:00+00:00,352004,value_area_bounce,1,13.144285714284965,21326.17,21320.533750000002,21315.058750000004,21334.221250000002,21215.179182731103,21221.751325588244,21208.60703987396,False,False,False,1269.6960294726337
1,2025-01-02 14:30:00+00:00,2025-01-02,2025-01-02 21:00:00+00:00,353941,value_area_bounce,1,12.46214285714372,21172.25,21194.207916666666,21166.837083333332,21227.052916666667,21167.393333333333,21173.624404761904,21161.162261904763,False,False,False,2561.1735431966863
1,2025-01-02 14:31:00+00:00,2025-01-02,2025-01-02 21:00:00+00:00,353942,value_area_bounce,1,14.007142857143792,21185.5,21201.71791666667,21165.42291666667,21213.816250000003,21172.67368110728,21179.677252535854,21165.670109678707,False,False,False,7311.443090416378
1,2025-01-02 15:02:00+00:00,2025-01-02,2025-01-02 21:00:00+00:00,353973,value_area_bounce,-1,29.77714285714293,21210.75,21220.432291666664,21064.026041666664,21220.432291666664,21118.684607204927,21133.573178633498,21103.796035776355,False,False,False,-1642.296896569108
1,2025-01-02 15:03:00+00:00,2025-01-02,2025-01-02 21:00:00+00:00,353974,value_area_bounce,-1,27.77714285714293,21206.0,21220.432291666664,21064.026041666664,21220.432291666664,21121.172518370004,21135.061089798575,21107.283946941432,False,False,False,-4189.153887970456
1,2025-01-02 15:49:00+00:00,2025-01-02,2025-01-02 21:00:00+00:00,354020,value_area_bounce,1,29.990714285714212,21123.63,21249.112500000003,21102.7875,21258.8675,21133.147285308864,21148.14264245172,21118.151928166008,False,False,False,9170.123780878537
1,2025-01-02 18:36:00+00:00,2025-01-02,2025-01-02 21:00:00+00:00,354187,value_area_bounce,1,22.957857142856874,20869.38,20883.775833333333,20847.4425,20888.3175,21061.984274038394,21073.463202609822,21050.505345466965,False,False,False,5223.143175111827
1,2025-01-02 18:43:00+00:00,2025-01-02,2025-01-02 21:00:00+00:00,354194,value_area_bounce,1,23.345714285714298,20871.38,20887.094375,20845.581875,20887.094375,21058.151503715722,21069.82436085858,21046.478646572865,False,False,False,129.45116778226156
1,2025-01-02 19:57:00+00:00,2025-01-02,2025-01-02 21:00:00+00:00,354268,value_area_bounce,-1,20.920000000000073,20911.88,20898.413125,20898.413125,20935.650625000002,21035.872370091158,21046.332370091157,21025.41237009116,False,False,False,-3229.6001669299494
1,2025-01-02 20:51:00+00:00,2025-01-02,2025-01-02 21:00:00+00:00,354322,value_area_bounce,-1,16.81000000000001,20985.13,20982.634583333333,20962.697916666668,21002.57125,21029.640719185798,21038.045719185797,21021.2357191858,False,False,False,-3443.652262906491
1,2025-01-02 20:54:00+00:00,2025-01-02,2025-01-02 21:00:00+00:00,354325,value_area_bounce,-1,18.595714285714298,20986.38,20980.796875,20969.265625,21011.546875,21029.414363713557,21038.712220856414,21020.1165065707,False,False,False,-5058.454490862291
1,2025-01-02 20:56:00+00:00,2025-01-02,2025-01-02 21:00:00+00:00,354327,value_area_bounce,-1,20.283571428571513,20988.63,20981.119791666664,20970.588541666664,21009.203125,21029.23405785005,21039.375843564336,21019.092272135767,False,False,False,-1213.3686183357568
1,2025-01-03 14:47:00+00:00,2025-01-03,2025-01-03 21:00:00+00:00,355338,value_area_bounce,-1,25.693571428571367,21210.38,21173.313333333335,21069.553333333337,21242.486666666668,21207.71083714745,21220.557622861736,21194.864051433164,False,False,False,-4891.967978215995
1,2025-01-03 15:24:00+00:00,2025-01-03,2025-01-03 21:00:00+00:00,355375,value_area_bounce,1,30.431428571427595,21160.63,21200.494375000002,21148.323958333334,21245.211875,21199.201827646135,21214.41754193185,21183.98611336042,False,False,False,1242.622085501554
1,2025-01-03 15:30:00+00:00,2025-01-03,2025-01-03 21:00:00+00:00,355381,value_area_bounce,1,27.6364285714283,21167.75,21193.041458333333,21148.323958333334,21245.211875,21195.916829210055,21209.73504349577,21182.09861492434,False,False,False,2050.337140814717
1,2025-01-03 15:31:00+00:00,2025-01-03,2025-01-03 21:00:00+00:00,355382,value_area_bounce,1,26.229285714285652,21161.75,21163.229791666665,21148.323958333334,21237.758958333332,21195.337541003704,21208.45218386085,21182.22289814656,False,False,False,2445.6859137187585
1,2025-01-03 18:01:00+00:00,2025-01-03,2025-01-03 21:00:00+00:00,355532,value_area_bounce,-1,9.170000000000073,21291.0,21290.365625,21287.293125000004,21304.191875,21225.223765121485,21229.808765121485,21220.638765121486,False,False,False,-639.53502035026
1,2025-01-03 20:37:00+00:00,2025-01-03,2025-01-03 21:00:00+00:00,355688,value_area_bounce,1,8.388571428571074,21356.63,21362.963541666668,21347.543125,21362.963541666668,21253.564186331292,21257.758472045578,21249.369900617006,False,False,False,2216.952765514193
1,2025-01-03 20:58:00+00:00,2025-01-03,2025-01-03 21:00:00+00:00,355709,value_area_bounce,1,11.567142857142503,21349.5,21349.9375,21343.3125,21363.1875,21257.69304201566,21263.476613444232,21251.90947058709,False,False,False,4187.233932559884
1,2025-01-06 14:31:00+00:00,2025-01-06,2025-01-06 21:00:00+00:00,356687,value_area_bounce,-1,22.419999999998254,21577.25,21592.689791666668,21534.357708333337,21592.689791666668,21589.514470674352,21600.72447067435,21578.304470674353,False,False,False,-1246.567509945371
1,2025-01-06 14:32:00+00:00,2025-01-06,2025-01-06 21:00:00+00:00,356688,value_area_bounce,-1,22.60785714285547,21586.25,21587.386875,21534.357708333337,21592.689791666668,21590.469515538225,21601.773444109655,21579.165586966796,False,False,False,-5961.217366310574
1,2025-01-06 15:10:00+00:00,2025-01-06,2025-01-06 21:00:00+00:00,356726,value_area_bounce,-1,19.569285714284756,21638.38,21663.85125,21611.05375,21678.93625,21636.96478995326,21646.749432810404,21627.180147096118,False,False,False,-1522.0606027242357
1,2025-01-06 17:46:00+00:00,2025-01-06,2025-01-06 21:00:00+00:00,356882,value_area_bounce,1,14.00571428571415,21632.25,21673.130624999998,21624.815625000003,21685.209375,21676.40557242016,21683.408429563016,21669.402715277305,False,False,False,614.9541104080934
1,2025-01-06 17:47:00+00:00,2025-01-06,2025-01-06 21:00:00+00:00,356883,value_area_bounce,1,13.451428571428291,21637.75,21673.130624999998,21628.841875,21685.209375,21676.261531130007,21682.98724541572,21669.535816844294,False,False,False,3323.182627176646
1,2025-01-06 17:57:00+00:00,2025-01-06,2025-01-06 21:00:00+00:00,356893,value_area_bounce,1,12.900714285714068,21635.0,21667.63,21634.29666666667,21696.79666666667,21674.50332624203,21680.953683384887,21668.05296909917,False,False,False,7.205479646344429
1,2025-01-06 18:10:00+00:00,2025-01-06,2025-01-06 21:00:00+00:00,356906,value_area_bounce,1,15.317142857142503,21629.88,21670.846875000003,21625.073125000003,21675.008125,21671.50453425835,21679.163105686923,21663.84596282978,False,False,False,1773.2231293188934
1,2025-01-06 19:36:00+00:00,2025-01-06,2025-01-06 21:00:00+00:00,356992,value_area_bounce,1,12.715714285714578,21546.25,21547.15625,21532.46875,21567.71875,21648.997190955317,21655.355048098176,21642.639333812458,False,False,False,514.0620297767052
1,2025-01-06 19:43:00+00:00,2025-01-06,2025-01-06 21:00:00+00:00,356999,value_area_bounce,1,11.804285714285859,21542.63,21541.28125,21541.28125,21555.96875,21647.29622486226,21653.198367719404,21641.394082005118,False,False,False,671.2026641971595
1,2025-01-06 19:50:00+00:00,2025-01-06,2025-01-06 21:00:00+00:00,357006,value_area_bounce,-1,10.571428571428571,21544.25,21543.338541666664,21541.411458333336,21554.901041666664,21645.668277811903,21650.953992097617,21640.38256352619,False,False,False,-315.63252039913505
1,2025-01-06 20:12:00+00:00,2025-01-06,2025-01-06 21:00:00+00:00,357028,value_area_bounce,1,12.429285714285859,21533.75,21541.984375,21529.442708333336,21560.796875,21638.714498925645,21644.929141782788,21632.4998560685,False,False,False,1967.8587079146541
1,2025-01-06 20:19:00+00:00,2025-01-06,2025-01-06 21:00:00+00:00,357035,value_area_bounce,1,10.982857142857288,21540.75,21543.84375,21528.53125,21549.96875,21637.237557472166,21642.728986043596,21631.746128900737,False,False,False,1549.5555943881168
1,2025-01-06 20:43:00+00:00,2025-01-06,2025-01-06 21:00:00+00:00,357059,value_area_bounce,-1,12.053571428571429,21561.75,21529.785833333335,21492.330833333333,21567.240833333333,21633.841200988365,21639.86798670265,21627.81441527408,False,False,False,-409.3911863307758
1,2025-01-06 20:57:00+00:00,2025-01-06,2025-01-06 21:00:00+00:00,357073,value_area_bounce,-1,17.926428571428655,21563.25,21565.22666666667,21539.200000000004,21578.24,21630.908069809306,21639.87128409502,21621.94485552359,False,False,False,-1785.5850628356786
1,2025-01-07 14:31:00+00:00,2025-01-07,2025-01-07 21:00:00+00:00,358067,value_area_bounce,-1,9.152857142856842,21628.77,21635.983125,21622.331041666668,21635.983125,21634.016160273455,21638.592588844884,21629.439731702027,False,False,False,-1395.0697929699656
1,2025-01-07 14:32:00+00:00,2025-01-07,2025-01-07 21:00:00+00:00,358068,value_area_bounce,-1,10.53285714285708,21626.390000000003,21630.522291666668,21627.791875000003,21635.983125,21632.640437583897,21637.906866155325,21627.37400901247,False,False,False,-2818.7953551723613
1,2025-01-07 14:40:00+00:00,2025-01-07,2025-01-07 21:00:00+00:00,358076,value_area_bounce,1,22.306428571428114,21561.02,21572.211875,21539.94479166667,21627.526875000003,21593.33184382744,21604.485058113154,21582.178629541726,False,False,False,320.54929136438113
1,2025-01-07 14:49:00+00:00,2025-01-07,2025-01-07 21:00:00+00:00,358085,value_area_bounce,-1,22.916428571428696,21600.77,21572.211875,21539.94479166667,21622.91729166667,21595.554209664286,21607.01242395,21584.09599537857,False,False,False,-1060.8954041549969
1,2025-01-07 14:53:00+00:00,2025-01-07,2025-01-07 21:00:00+00:00,358089,value_area_bounce,-1,21.299285714286402,21609.77,21572.211875,21539.94479166667,21618.307708333334,21597.73338067458,21608.383023531725,21587.083737817436,False,False,False,-1999.3733205674002
1,2025-01-07 14:54:00+00:00,2025-01-07,2025-01-07 21:00:00+00:00,358090,value_area_bounce,-1,20.737142857143358,21598.77,21572.211875,21539.94479166667,21618.307708333334,21597.918358498624,21608.286929927195,21587.549787070053,False,False,False,-2323.527100389188
1,2025-01-07 15:00:00+00:00,2025-01-07,2025-01-07 21:00:00+00:00,358096,opening_range_breakout,-1,25.14214285714323,21495.77,21572.211875,21539.94479166667,21618.307708333334,21592.838419812757,21605.409491241327,21580.267348384186,False,False,False,-11297.553947879249
1,2025-01-07 15:05:00+00:00,2025-01-07,2025-01-07 21:00:00+00:00,358101,value_area_bounce,1,32.44571428571466,21463.77,21574.9575,21445.5825,21609.4575,21565.221681385214,21581.44453852807,21548.998824242357,False,False,False,8857.86150507707
1,2025-01-07 17:56:00+00:00,2025-01-07,2025-01-07 21:00:00+00:00,358272,value_area_bounce,1,14.072857142856394,21273.77,21279.202500000003,21268.077500000003,21308.86916666667,21394.645941712246,21401.682370283674,21387.60951314082,False,False,False,5126.318142469239
1,2025-01-07 19:30:00+00:00,2025-01-07,2025-01-07 21:00:00+00:00,358366,value_area_bounce,-1,8.857142857142858,21288.640000000003,21287.389166666668,21277.830833333337,21293.12416666667,21380.995606380424,21385.424177808996,21376.56703495185,False,False,False,-2563.35324549951
1,2025-01-07 19:44:00+00:00,2025-01-07,2025-01-07 21:00:00+00:00,358380,value_area_bounce,1,10.210714285714598,21280.140000000003,21282.5775,21276.5875,21300.5475,21378.812383325443,21383.9177404683,21373.707026182587,False,False,False,1389.31709137576
1,2025-01-07 19:45:00+00:00,2025-01-07,2025-01-07 21:00:00+00:00,358381,value_area_bounce,1,10.50571428571441,21287.640000000003,21291.5625,21276.5875,21300.5475,21378.639755510892,21383.892612653748,21373.386898368037,False,False,False,3622.2969450253527
1,2025-01-07 20:39:00+00:00,2025-01-07,2025-01-07 21:00:00+00:00,358435,value_area_bounce,1,15.339285714285714,21167.140000000003,21182.879375,21163.660625,21253.348125,21363.06570614141,21370.73534899855,21355.396063284268,False,False,False,2028.6890206256421
1,2025-01-08 14:31:00+00:00,2025-01-08,2025-01-08 21:00:00+00:00,359447,value_area_bounce,1,16.687142857143044,21210.120000000003,21187.147083333337,21181.105416666665,21205.272083333337,21191.23224852071,21199.575819949285,21182.888677092138,False,False,False,3360.395634470988
1,2025-01-08 14:33:00+00:00,2025-01-08,2025-01-08 21:00:00+00:00,359449,value_area_bounce,-1,21.294285714285902,21172.870000000003,21194.471250000002,21182.767916666668,21200.322916666668,21188.354572545526,21199.00171540267,21177.707429688384,False,False,False,-3795.877024475022
1,2025-01-08 14:34:00+00:00,2025-01-08,2025-01-08 21:00:00+00:00,359450,value_area_bounce,1,24.633571428571617,21218.120000000003,21194.471250000002,21179.842083333333,21200.322916666668,21190.891366468815,21203.208152183102,21178.574580754528,False,False,False,2601.7123261268875
1,2025-01-08 14:37:00+00:00,2025-01-08,2025-01-08 21:00:00+00:00,359453,value_area_bounce,-1,28.177857142857516,21179.25,21203.24875,21182.767916666668,21203.24875,21195.320545099195,21209.409473670625,21181.231616527766,False,False,False,-5892.712451675017
1,2025-01-08 14:43:00+00:00,2025-01-08,2025-01-08 21:00:00+00:00,359459,value_area_bounce,1,35.07928571428628,21189.5,21203.548125,21179.210625,21215.716875000002,21184.57005162356,21202.109694480703,21167.030408766415,False,False,False,7443.159564167044
1,2025-01-08 14:44:00+00:00,2025-01-08,2025-01-08 21:00:00+00:00,359460,value_area_bounce,1,35.213571428571804,21202.75,21203.548125,21179.210625,21211.660625,21185.248873764365,21202.85565947865,21167.64208805008,False,False,False,16807.21887442771
1,2025-01-08 14:46:00+00:00,2025-01-08,2025-01-08 21:00:00+00:00,359462,value_area_bounce,-1,32.865714285714475,21167.0,21195.435625000002,21179.210625,21203.548125,21185.4665176571,21201.899374799956,21169.033660514244,False,False,False,-835.531958591393
1,2025-01-08 14:47:00+00:00,2025-01-08,2025-01-08 21:00:00+00:00,359463,value_area_bounce,1,34.24928571428609,21193.5,21195.435625000002,21171.098125000004,21203.548125,21185.24816374373,21202.372806600873,21168.123520886587,False,False,False,7150.378849980003
1,2025-01-08 14:55:00+00:00,2025-01-08,2025-01-08 21:00:00+00:00,359471,value_area_bounce,1,35.336428571428506,21174.370000000003,21188.083125,21167.589375000003,21204.478125,21185.310029814522,21202.978244100235,21167.64181552881,False,False,False,100.52022399454881
1,2025-01-08 14:58:00+00:00,2025-01-08,2025-01-08 21:00:00+00:00,359474,value_area_bounce,1,35.54714285714311,21185.870000000003,21188.083125,21167.589375000003,21204.478125,21184.890870416817,21202.664441845387,21167.117298988247,False,False,False,9454.389049877802
1,2025-01-08 15:00:00+00:00,2025-01-08,2025-01-08 21:00:00+00:00,359476,value_area_bounce,1,34.86000000000006,21215.25,21188.083125,21171.688125,21204.478125,21185.65469052525,21203.08469052525,21168.22469052525,False,False,False,7859.8563365172095
1,2025-01-08 15:02:00+00:00,2025-01-08,2025-01-08 21:00:00+00:00,359478,opening_range_breakout,1,33.44928571428578,21238.870000000003,21188.083125,21171.688125,21204.478125,21187.8316242397,21204.556267096843,21171.10698138256,False,False,False,11551.084491247715
1,2025-01-08 15:10:00+00:00,2025-01-08,2025-01-08 21:00:00+00:00,359486,value_area_bounce,-1,28.10357142857174,21155.120000000003,21180.19854166667,21170.209375000002,21215.160625,21192.180953430296,21206.23273914458,21178.12916771601,False,False,False,-7894.856322193744
1,2025-01-08 19:06:00+00:00,2025-01-08,2025-01-08 21:00:00+00:00,359722,value_area_bounce,1,21.350714285714535,21188.620000000003,21218.652291666665,21177.608958333334,21239.173958333333,21168.91289281959,21179.588249962446,21158.237535676733,False,False,False,3455.4867517291596
1,2025-01-08 19:07:00+00:00,2025-01-08,2025-01-08 21:00:00+00:00,359723,value_area_bounce,1,21.198571428571864,21199.75,21218.652291666665,21177.608958333334,21239.173958333333,21169.001261007685,21179.60054672197,21158.4019752934,False,False,False,5291.659876953025
1,2025-01-08 19:25:00+00:00,2025-01-08,2025-01-08 21:00:00+00:00,359741,value_area_bounce,-1,17.93428571428584,21222.870000000003,21219.82833333334,21175.57833333334,21229.661666666667,21171.331117437254,21180.298260294396,21162.363974580112,False,False,False,-2272.213374539394
1,2025-01-08 19:45:00+00:00,2025-01-08,2025-01-08 21:00:00+00:00,359761,value_area_bounce,1,19.59071428571354,21188.0,21220.203125,21177.984375,21238.296875,21173.60211172881,21183.397468871666,21163.806754585956,False,False,False,4217.626579804389
1,2025-01-08 20:33:00+00:00,2025-01-08,2025-01-08 21:00:00+00:00,359809,value_area_bounce,-1,11.09714285714342,21183.75,21185.051458333335,21180.270625,21197.00354166667,21174.49565613168,21180.04422756025,21168.947084703108,False,False,False,-4730.655122320469
1,2025-01-08 20:51:00+00:00,2025-01-08,2025-01-08 21:00:00+00:00,359827,value_area_bounce,-1,12.83142857142801,21188.5,21189.83229166667,21177.880208333336,21197.00354166667,21174.676018759958,21181.091733045672,21168.260304474243,False,False,False,-130.3641470220017
1,2025-01-10 14:30:00+00:00,2025-01-10,2025-01-10 21:00:00+00:00,361757,value_area_bounce,-1,18.63071428571441,21010.5,21022.18833333334,20982.43833333334,21039.855000000003,21020.350000000002,21029.665357142858,21011.034642857147,False,False,False,-3517.931529725289
1,2025-01-10 14:34:00+00:00,2025-01-10,2025-01-10 21:00:00+00:00,361761,value_area_bounce,-1,28.394999999999918,21009.63,21018.88,20983.04,21027.840000000004,21010.549131758402,21024.7466317584,20996.351631758404,False,False,False,-3254.733728590254
1,2025-01-10 14:35:00+00:00,2025-01-10,2025-01-10 21:00:00+00:00,361762,value_area_bounce,1,30.507857142857183,20998.050000000003,21018.88,20992.0,21027.840000000004,21007.414250296326,21022.668178867756,20992.160321724896,False,False,False,3558.1577641575755
1,2025-01-10 14:44:00+00:00,2025-01-10,2025-01-10 21:00:00+00:00,361771,value_area_bounce,1,39.46928571428517,20972.0,21018.552083333336,20965.010416666664,21039.96875,20977.790839043522,20997.525481900666,20958.05619618638,False,False,False,183.6845610630926
1,2025-01-10 14:45:00+00:00,2025-01-10,2025-01-10 21:00:00+00:00,361772,value_area_bounce,1,37.558571428570886,20985.5,21018.552083333336,20959.65625,21039.96875,20977.752004901962,20996.531290616247,20958.972719187677,False,False,False,4687.322755193202
1,2025-01-10 15:00:00+00:00,2025-01-10,2025-01-10 21:00:00+00:00,361787,opening_range_breakout,-1,29.237142857142576,20830.25,20889.0225,20865.7575,20997.5925,20941.11064130913,20955.7292127377,20926.492069880558,False,False,False,-2611.4736322339395
1,2025-01-10 15:52:00+00:00,2025-01-10,2025-01-10 21:00:00+00:00,361839,value_area_bounce,-1,26.192142857142503,20876.38,20805.237500000003,20733.42916666667,20887.30416666667,20880.467663593652,20893.563735022224,20867.37159216508,False,False,False,-12714.827544548592
1,2025-01-10 18:00:00+00:00,2025-01-10,2025-01-10 21:00:00+00:00,361967,value_area_bounce,-1,12.724999999999584,20863.5,20861.836875,20779.032291666666,20887.315208333333,20846.69715692632,20853.059656926318,20840.33465692632,False,False,False,-1128.0383118397522
1,2025-01-10 19:03:00+00:00,2025-01-10,2025-01-10 21:00:00+00:00,362030,value_area_bounce,-1,17.62571428571443,20977.0,20969.573125,20947.551458333335,20997.100208333333,20862.389178147045,20871.2020352899,20853.576321004188,False,False,False,-3832.84447024965
1,2025-01-10 19:50:00+00:00,2025-01-10,2025-01-10 21:00:00+00:00,362077,value_area_bounce,1,15.279285714286223,20917.38,20920.399375,20909.888541666667,20941.42104166667,20869.153742630046,20876.793385487188,20861.514099772903,False,False,False,662.5398032139192
1,2025-01-10 20:00:00+00:00,2025-01-10,2025-01-10 21:00:00+00:00,362087,value_area_bounce,-1,15.264285714285506,20919.63,20917.281875,20917.281875,20936.348125,20870.363607841406,20877.99575069855,20862.731464984263,False,False,False,-2208.4968904419034
1,2025-01-10 20:01:00+00:00,2025-01-10,2025-01-10 21:00:00+00:00,362088,value_area_bounce,1,15.014285714285506,20924.0,20928.176875,20917.281875,20936.348125,20870.477796149415,20877.984939006557,20862.970653292272,False,False,False,476.5532288899676
1,2025-01-10 20:02:00+00:00,2025-01-10,2025-01-10 21:00:00+00:00,362089,value_area_bounce,1,15.90785714285708,20938.75,20928.176875,20917.281875,20936.348125,20870.60964598602,20878.563574557447,20862.655717414593,False,False,False,2040.1363465380846
1,2025-01-10 20:30:00+00:00,2025-01-10,2025-01-10 21:00:00+00:00,362117,value_area_bounce,1,13.593571428571002,20871.25,20862.7675,20854.2575,20926.5925,20871.675190130747,20878.471975845034,20864.87840441646,False,False,False,4465.724640821396
1,2025-01-10 20:37:00+00:00,2025-01-10,2025-01-10 21:00:00+00:00,362124,value_area_bounce,1,14.914285714285143,20869.75,20941.671875,20866.203125,20941.671875,20871.351962283086,20878.80910514023,20863.894819425943,False,False,False,2818.0175774456566
1,2025-01-10 20:38:00+00:00,2025-01-10,2025-01-10 21:00:00+00:00,362125,value_area_bounce,1,15.602142857142358,20886.38,20941.671875,20866.203125,20941.671875,20871.378198045342,20879.179269473912,20863.577126616772,False,False,False,5496.153858495535
1,2025-01-10 20:50:00+00:00,2025-01-10,2025-01-10 21:00:00+00:00,362137,value_area_bounce,1,18.28142857142822,20875.38,20865.222708333335,20840.820625,20879.863958333335,20871.16554642715,20880.306260712863,20862.024832141436,False,False,False,3489.2022599302786
1,2025-01-10 20:59:00+00:00,2025-01-10,2025-01-10 21:00:00+00:00,362146,value_area_bounce,-1,19.58142857142879,20867.88,20866.040625,20857.363125,20883.395625,20871.360158804855,20881.15087309057,20861.56944451914,False,False,False,-1426.001611172032
1,2025-01-13 14:30:00+00:00,2025-01-13,2025-01-13 21:00:00+00:00,363122,value_area_bounce,1,11.772857142857642,20632.640000000003,20627.333958333336,20620.354791666665,20662.229791666665,20628.346666666668,20634.233095238098,20622.46023809524,False,False,False,7371.3897141423295
1,2025-01-13 14:43:00+00:00,2025-01-13,2025-01-13 21:00:00+00:00,363135,value_area_bounce,1,26.7221428571429,20634.890000000003,20629.077500000003,20592.152500000004,20660.7275,20605.864787961145,20619.225859389717,20592.503716532574,False,False,False,3090.431360378096
1,2025-01-13 14:50:00+00:00,2025-01-13,2025-01-13 21:00:00+00:00,363142,value_area_bounce,-1,24.794285714285383,20614.140000000003,20618.292083333334,20565.537916666668,20627.88375,20609.81971637153,20622.216859228673,20597.42257351439,False,False,False,-10973.179944916461
1,2025-01-13 15:52:00+00:00,2025-01-13,2025-01-13 21:00:00+00:00,363204,value_area_bounce,-1,21.351428571431565,20686.640000000003,20647.775625,20613.244375,20703.025625,20641.743957067785,20652.419671353502,20631.06824278207,False,False,False,-1510.1492767833956
1,2025-01-13 17:02:00+00:00,2025-01-13,2025-01-13 21:00:00+00:00,363274,value_area_bounce,1,16.687142857142526,20606.51,20622.160416666666,20586.03375,20640.22375,20641.253212411837,20649.596783840407,20632.909640983267,False,False,False,2806.2858519505858
1,2025-01-13 17:38:00+00:00,2025-01-13,2025-01-13 21:00:00+00:00,363310,value_area_bounce,-1,13.785714285714286,20700.26,20716.960000000003,20631.28,20723.08,20645.97933849646,20652.87219563932,20639.086481353603,False,False,False,-103.53482854053573
1,2025-01-13 18:18:00+00:00,2025-01-13,2025-01-13 21:00:00+00:00,363350,value_area_bounce,-1,12.131428571429362,20727.26,20707.608750000003,20680.108750000003,20738.546250000003,20653.897565836443,20659.96328012216,20647.831851550727,False,False,False,-1874.2568384907643
1,2025-01-13 18:31:00+00:00,2025-01-13,2025-01-13 21:00:00+00:00,363363,value_area_bounce,-1,13.40285714285814,20738.26,20748.343125000003,20710.530625000003,20759.686875000003,20656.320729682993,20663.02215825442,20649.619301111565,False,False,False,-141.7860854839471
1,2025-01-13 18:45:00+00:00,2025-01-13,2025-01-13 21:00:00+00:00,363377,value_area_bounce,1,12.52714285714319,20739.51,20748.786875,20729.790625,20754.214375000003,20659.18098297836,20665.44455440693,20652.917411549788,False,False,False,65.50844676189877
1,2025-01-13 19:05:00+00:00,2025-01-13,2025-01-13 21:00:00+00:00,363397,value_area_bounce,1,11.433571428570888,20752.51,20746.957916666666,20737.37458333333,20766.12458333333,20663.102264297853,20668.819050012138,20657.38547858357,False,False,False,324.6721453722546
1,2025-01-13 19:26:00+00:00,2025-01-13,2025-01-13 21:00:00+00:00,363418,value_area_bounce,1,13.049999999999793,20739.76,20746.973541666666,20734.01520833333,20766.411041666666,20665.500610841947,20672.02561084195,20658.975610841946,False,False,False,3774.5493286523188
1,2025-01-13 19:28:00+00:00,2025-01-13,2025-01-13 21:00:00+00:00,363420,value_area_bounce,1,13.392857142857142,20746.890000000003,20737.254791666666,20734.01520833333,20766.411041666666,20665.82515093731,20672.52157950874,20659.128722365884,False,False,False,3833.684261966659
1,2025-01-13 19:47:00+00:00,2025-01-13,2025-01-13 21:00:00+00:00,363439,value_area_bounce,-1,13.07071428571362,20741.51,20747.806875,20717.556875,20762.931875,20669.42111582994,20675.956472972797,20662.885758687084,False,False,False,-5748.98618852167
1,2025-01-13 20:00:00+00:00,2025-01-13,2025-01-13 21:00:00+00:00,363452,value_area_bounce,-1,15.817857142856935,20750.51,20747.806875,20709.994375,20755.369375,20671.63927392685,20679.548202498278,20663.73034535542,False,False,False,-650.0504201134108
1,2025-01-13 20:23:00+00:00,2025-01-13,2025-01-13 21:00:00+00:00,363475,value_area_bounce,-1,11.356428571427907,20749.26,20755.16625,20731.207916666666,20764.74958333333,20675.038969959154,20680.71718424487,20669.36075567344,False,False,False,-3311.1181053041378
1,2025-01-14 14:45:00+00:00,2025-01-14,2025-01-14 21:00:00+00:00,364517,value_area_bounce,-1,28.002857142857206,20955.980000000003,20967.9225,20912.4225,20972.5475,20942.48335672839,20956.484785299817,20928.48192815696,False,False,False,-157.52224097514227
1,2025-01-14 15:06:00+00:00,2025-01-14,2025-01-14 21:00:00+00:00,364538,value_area_bounce,1,23.35785714285677,20907.86,20969.570208333334,20888.005208333336,20983.164375,20914.885598502107,20926.564527073537,20903.206669930678,False,False,False,8964.681028968025
1,2025-01-14 15:58:00+00:00,2025-01-14,2025-01-14 21:00:00+00:00,364590,value_area_bounce,1,22.28928571428696,20809.36,20826.589166666665,20804.964166666665,20913.089166666665,20899.32277002443,20910.467412881575,20888.178127167288,False,False,False,1880.2725415505581
1,2025-01-14 17:54:00+00:00,2025-01-14,2025-01-14 21:00:00+00:00,364706,value_area_bounce,-1,14.502142857141735,20732.480000000003,20730.78875,20699.99541666667,20734.637916666667,20829.635577713627,20836.886649142198,20822.384506285056,False,False,False,-1201.982143572501
1,2025-01-14 20:12:00+00:00,2025-01-14,2025-01-14 21:00:00+00:00,364844,value_area_bounce,1,23.752142857141735,20658.11,20662.667500000003,20642.917500000003,20840.417500000003,20816.4599851654,20828.33605659397,20804.583913736828,False,False,False,831.6198096443695
1,2025-01-14 20:30:00+00:00,2025-01-14,2025-01-14 21:00:00+00:00,364862,value_area_bounce,-1,17.023571428571554,20699.730000000003,20671.302916666667,20652.261250000003,20718.90708333334,20809.18768136845,20817.699467082737,20800.675895654163,False,False,False,-507.1247136222664
1,2025-01-15 14:31:00+00:00,2025-01-15,2025-01-15 21:00:00+00:00,365883,value_area_bounce,1,16.226428571428706,21126.29,21108.18625,21090.322916666664,21157.310416666667,21110.91708836741,21119.030302653122,21102.803874081696,False,False,False,3086.789329911738
1,2025-01-15 15:52:00+00:00,2025-01-15,2025-01-15 21:00:00+00:00,365964,value_area_bounce,1,15.92928571428534,21237.79,21237.253333333334,21231.346666666665,21263.833333333332,21194.843217759983,21202.807860617126,21186.87857490284,False,False,False,4897.3587383191025
1,2025-01-15 17:02:00+00:00,2025-01-15,2025-01-15 21:00:00+00:00,366034,value_area_bounce,1,16.657142857142908,21156.67,21202.695,21146.265,21228.345,21190.172688371964,21198.501259800534,21181.844116943394,False,False,False,3696.571809071119
1,2025-01-15 17:52:00+00:00,2025-01-15,2025-01-15 21:00:00+00:00,366084,value_area_bounce,-1,8.150714285714846,21204.79,21175.050416666665,21139.987916666665,21206.217083333337,21190.25569832211,21194.33105546497,21186.180341179253,False,False,False,-3374.276731616119
1,2025-01-15 17:55:00+00:00,2025-01-15,2025-01-15 21:00:00+00:00,366087,value_area_bounce,-1,8.96285714285789,21197.29,21175.680625,21151.982708333337,21209.534791666665,21190.390947819942,21194.87237639137,21185.909519248515,False,False,False,-2625.257992700916
1,2025-01-15 19:00:00+00:00,2025-01-15,2025-01-15 21:00:00+00:00,366152,value_area_bounce,-1,6.514999999999678,21247.29,21252.364374999997,21234.487708333334,21252.364374999997,21195.05674503821,21198.31424503821,21191.79924503821,False,False,False,-209.80488339672905
1,2025-01-15 19:42:00+00:00,2025-01-15,2025-01-15 21:00:00+00:00,366194,value_area_bounce,-1,6.800000000000052,21280.67,21260.99625,21243.583749999998,21280.896249999998,21199.213335827666,21202.613335827667,21195.813335827665,False,False,False,-3010.1710620621093
1,2025-01-15 19:44:00+00:00,2025-01-15,2025-01-15 21:00:00+00:00,366196,value_area_bounce,-1,6.897857142857382,21278.79,21260.99625,21243.583749999998,21280.896249999998,21199.474393041357,21202.923321612787,21196.025464469927,False,False,False,-2949.5624320454544
1,2025-01-15 20:35:00+00:00,2025-01-15,2025-01-15 21:00:00+00:00,366247,value_area_bounce,-1,6.195000000000748,21302.29,21283.44625,21271.07125,21306.13375,21205.49109316431,21208.58859316431,21202.39359316431,False,False,False,-555.0016564556956
1,2025-01-15 20:43:00+00:00,2025-01-15,2025-01-15 21:00:00+00:00,366255,value_area_bounce,1,7.452142857144541,21294.17,21283.706666666665,21280.373333333337,21305.373333333337,21206.643096508265,21210.36916793684,21202.917025079692,False,False,False,373.02100924830904
1,2025-01-15 20:53:00+00:00,2025-01-15,2025-01-15 21:00:00+00:00,366265,value_area_bounce,1,10.740714285714473,21289.04,21286.00875,21283.69625,21309.13375,21208.306269881756,21213.67662702461,21202.9359127389,False,False,False,2057.2458053735336
1,2025-01-16 14:30:00+00:00,2025-01-16,2025-01-16 21:00:00+00:00,367262,value_area_bounce,-1,9.024999999999896,21330.28,21322.34875,21322.34875,21345.47375,21340.693333333333,21345.205833333333,21336.180833333332,False,False,False,-7966.7287860982215
1,2025-01-16 14:31:00+00:00,2025-01-16,2025-01-16 21:00:00+00:00,367263,value_area_bounce,-1,11.248571428571138,21316.65,21340.84875,21322.34875,21343.16125,21335.26149808045,21340.885783794736,21329.637212366164,False,False,False,-15161.825875055756
1,2025-01-16 14:38:00+00:00,2025-01-16,2025-01-16 21:00:00+00:00,367270,value_area_bounce,1,20.954285714285497,21298.15,21304.7575,21273.597500000003,21339.8125,21307.75936621353,21318.236509070673,21297.282223356386,False,False,False,4030.6373039060536
1,2025-01-16 14:48:00+00:00,2025-01-16,2025-01-16 21:00:00+00:00,367280,value_area_bounce,1,23.758571428571617,21257.03,21291.059166666666,21245.084166666667,21326.817499999997,21297.307535543805,21309.186821258092,21285.428249829518,False,False,False,1381.871590162098
1,2025-01-16 14:50:00+00:00,2025-01-16,2025-01-16 21:00:00+00:00,367282,value_area_bounce,1,24.07071428571466,21258.4,21292.156875,21238.102708333336,21324.589375000003,21293.95085413797,21305.986211280826,21281.915496995112,False,False,False,3784.262382382266
1,2025-01-16 15:00:00+00:00,2025-01-16,2025-01-16 21:00:00+00:00,367292,opening_range_breakout,-1,21.987857142857006,21214.03,21292.156875,21238.102708333336,21308.373125000002,21285.244111548003,21296.23804011943,21274.250182976575,False,False,False,-6931.259792517304
1,2025-01-16 15:02:00+00:00,2025-01-16,2025-01-16 21:00:00+00:00,367294,value_area_bounce,1,23.35357142857148,21261.03,21253.081250000003,21253.081250000003,21314.198750000003,21282.00337392224,21293.680159636526,21270.326588207958,False,False,False,1644.8762479136185
1,2025-01-16 15:03:00+00:00,2025-01-16,2025-01-16 21:00:00+00:00,367295,opening_range_breakout,-1,24.28285714285682,21235.28,21253.081250000003,21246.290416666667,21314.198750000003,21280.9838836518,21293.125312223227,21268.842455080372,False,False,False,-277.68009995595685
1,2025-01-16 15:06:00+00:00,2025-01-16,2025-01-16 21:00:00+00:00,367298,value_area_bounce,1,26.31928571428502,21260.15,21253.081250000003,21246.290416666667,21307.407916666667,21278.65427184269,21291.813914699833,21265.494628985547,False,False,False,7798.141690884582
1,2025-01-16 15:07:00+00:00,2025-01-16,2025-01-16 21:00:00+00:00,367299,value_area_bounce,1,26.86428571428483,21271.4,21253.081250000003,21246.290416666667,21307.407916666667,21278.30141928537,21291.73356214251,21264.869276428228,False,False,False,5903.311612206651
1,2025-01-16 16:17:00+00:00,2025-01-16,2025-01-16 21:00:00+00:00,367369,value_area_bounce,-1,18.045714285713725,21271.28,21241.747708333336,21207.965208333335,21286.791041666667,21269.15129338905,21278.174150531908,21260.128436246196,False,False,False,-9371.174978855557
1,2025-01-16 16:20:00+00:00,2025-01-16,2025-01-16 21:00:00+00:00,367372,value_area_bounce,-1,19.23285714285677,21261.4,21236.11729166667,21207.965208333335,21286.791041666667,21269.41573129699,21279.03215986842,21259.79930272556,False,False,False,-4428.054729229234
1,2025-01-16 19:23:00+00:00,2025-01-16,2025-01-16 21:00:00+00:00,367555,value_area_bounce,-1,10.80428571428534,21178.28,21161.894791666666,21129.926041666666,21190.311458333337,21252.285389682173,21257.687532539316,21246.88324682503,False,False,False,-5719.229987014454
1,2025-01-16 19:50:00+00:00,2025-01-16,2025-01-16 21:00:00+00:00,367582,value_area_bounce,-1,7.992142857142296,21206.15,21206.879166666666,21148.0875,21206.879166666666,21250.581746776952,21254.577818205522,21246.585675348382,False,False,False,-1711.4089811984486
1,2025-01-16 20:14:00+00:00,2025-01-16,2025-01-16 21:00:00+00:00,367606,value_area_bounce,-1,8.330714285714098,21234.9,21215.504166666666,21175.11583333333,21237.534166666668,21250.216474193207,21254.381831336064,21246.05111705035,False,False,False,-1818.0367934510489
1,2025-01-16 20:15:00+00:00,2025-01-16,2025-01-16 21:00:00+00:00,367607,value_area_bounce,-1,7.946428571428571,21235.4,21214.571875,21179.884375,21238.853125,21250.195602222662,21254.168816508376,21246.22238793695,False,False,False,-2277.384904902916
1,2025-01-16 20:16:00+00:00,2025-01-16,2025-01-16 21:00:00+00:00,367608,value_area_bounce,-1,7.607142857142857,21234.15,21213.639583333337,21197.264583333337,21238.202083333337,21250.175407612955,21253.978979041527,21246.371836184382,False,False,False,-3270.027209199094
1,2025-01-16 20:17:00+00:00,2025-01-16,2025-01-16 21:00:00+00:00,367609,value_area_bounce,-1,8.303571428571429,21221.65,21213.639583333337,21197.264583333337,21238.202083333337,21250.125846974002,21254.27763268829,21245.974061259716,False,False,False,-4932.532225920515
1,2025-01-16 20:50:00+00:00,2025-01-16,2025-01-16 21:00:00+00:00,367642,value_area_bounce,1,11.764285714285766,21196.4,21196.457291666666,21182.415625,21214.009375,21246.867868317586,21252.75001117473,21240.985725460443,False,False,False,1067.1084509093052
1,2025-01-17 14:30:00+00:00,2025-01-17,2025-01-17 21:00:00+00:00,368642,value_area_bounce,-1,24.40714285714265,21468.01,21476.0875,21376.4275,21492.697500000002,21480.456666666665,21492.660238095235,21468.253095238095,False,False,False,-6594.576274936557
1,2025-01-17 14:35:00+00:00,2025-01-17,2025-01-17 21:00:00+00:00,368647,value_area_bounce,1,30.236428571428924,21451.26,21481.778958333336,21428.331041666665,21489.414375,21452.699423538375,21467.81763782409,21437.58120925266,False,False,False,1850.5752066670148
1,2025-01-17 14:47:00+00:00,2025-01-17,2025-01-17 21:00:00+00:00,368659,value_area_bounce,1,28.829285714286275,21408.01,21396.4325,21396.4325,21473.4825,21424.761107154925,21439.17575001207,21410.34646429778,False,False,False,3817.3453525931595
1,2025-01-17 14:49:00+00:00,2025-01-17,2025-01-17 21:00:00+00:00,368661,value_area_bounce,1,27.687142857143044,21407.01,21396.4325,21396.4325,21465.7775,21423.116073526857,21436.95964495543,21409.272502098283,False,False,False,7121.992967149502
1,2025-01-17 14:52:00+00:00,2025-01-17,2025-01-17 21:00:00+00:00,368664,value_area_bounce,1,26.437857142856956,21420.26,21396.4325,21396.4325,21465.7775,21421.442285850993,21434.66121442242,21408.223357279567,False,False,False,5588.771653221291
1,2025-01-17 15:06:00+00:00,2025-01-17,2025-01-17 21:00:00+00:00,368678,value_area_bounce,-1,25.80000000000005,21435.63,21400.183125000003,21376.426875,21439.776875000003,21415.846860436195,21428.746860436197,21402.946860436194,False,False,False,-2938.079007820559
1,2025-01-17 18:27:00+00:00,2025-01-17,2025-01-17 21:00:00+00:00,368879,value_area_bounce,-1,5.7721428571434705,21522.01,21484.225416666664,21475.897916666665,21523.087083333332,21436.687409977094,21439.573481405667,21433.80133854852,False,False,False,-1269.8448431382926
1,2025-01-17 18:29:00+00:00,2025-01-17,2025-01-17 21:00:00+00:00,368881,value_area_bounce,-1,5.932857142857756,21521.63,21487.103958333333,21479.197708333333,21523.99979166667,21437.006768834104,21439.973197405532,21434.040340262676,False,False,False,-1124.7452753299856
1,2025-01-17 19:10:00+00:00,2025-01-17,2025-01-17 21:00:00+00:00,368922,value_area_bounce,1,8.480714285715035,21487.38,21494.494583333333,21484.41125,21517.182083333333,21442.088613590302,21446.32897073316,21437.848256447443,False,False,False,460.1162321425185
1,2025-01-17 19:20:00+00:00,2025-01-17,2025-01-17 21:00:00+00:00,368932,value_area_bounce,1,8.625,21492.63,21490.073958333334,21490.073958333334,21512.701875,21442.988258322523,21447.300758322523,21438.675758322523,False,False,False,62.17153564106684
1,2025-01-17 19:56:00+00:00,2025-01-17,2025-01-17 21:00:00+00:00,368968,value_area_bounce,1,6.702142857142722,21491.13,21507.1975,21489.6975,21507.1975,21446.061262377767,21449.41233380634,21442.710190949194,False,False,False,54.07264509923721
1,2025-01-17 19:59:00+00:00,2025-01-17,2025-01-17 21:00:00+00:00,368971,value_area_bounce,1,6.720714285713776,21491.38,21507.1975,21489.6975,21507.1975,21446.28705489125,21449.647412034108,21442.926697748393,False,False,False,9.450764434469306
1,2025-01-17 20:09:00+00:00,2025-01-17,2025-01-17 21:00:00+00:00,368981,value_area_bounce,1,11.894285714284965,21486.63,21503.37625,21484.916250000002,21512.606249999997,21446.95732375718,21452.90446661432,21441.010180900037,False,False,False,423.4882220132961
1,2025-01-17 20:42:00+00:00,2025-01-17,2025-01-17 21:00:00+00:00,369014,value_area_bounce,-1,7.492142857142296,21481.38,21489.369583333333,21473.432083333333,21492.91125,21449.100929626788,21452.847001055357,21445.354858198218,False,False,False,-1463.7972560405908
1,2025-01-17 20:50:00+00:00,2025-01-17,2025-01-17 21:00:00+00:00,369022,value_area_bounce,-1,8.40214285714267,21483.26,21473.035416666666,21462.690416666668,21486.82875,21449.75093104663,21453.952002475202,21445.54985961806,False,False,False,-801.5955861034957
1,2025-01-17 20:51:00+00:00,2025-01-17,2025-01-17 21:00:00+00:00,369023,value_area_bounce,-1,8.964285714285714,21474.13,21473.035416666666,21462.690416666668,21486.82875,21449.824809088255,21454.306951945397,21445.342666231114,False,False,False,-1961.9625768355922
1,2025-01-21 14:30:00+00:00,2025-01-21,2025-01-21 21:00:00+00:00,371160,value_area_bounce,1,10.441428571428592,21583.79,21583.112916666672,21572.817916666667,21598.55541666667,21581.62,21586.840714285714,21576.399285714284,False,False,False,1546.6037689609968
1,2025-01-21 14:34:00+00:00,2025-01-21,2025-01-21 21:00:00+00:00,371164,value_area_bounce,-1,13.87571428571417,21566.29,21581.965000000004,21562.615,21590.565000000002,21576.622822673497,21583.560679816354,21569.68496553064,False,False,False,-5448.023280021786
1,2025-01-21 15:05:00+00:00,2025-01-21,2025-01-21 21:00:00+00:00,371195,value_area_bounce,1,29.295000000000073,21483.79,21491.2275,21452.8575,21535.9925,21516.01665102314,21530.66415102314,21501.36915102314,False,False,False,1072.1166872421477
1,2025-01-21 18:06:00+00:00,2025-01-21,2025-01-21 21:00:00+00:00,371376,value_area_bounce,-1,7.67928571428586,21608.66,21576.659791666665,21572.670208333337,21616.555625,21510.55399188255,21514.393634739692,21506.714349025406,False,False,False,-22.33853152833717
1,2025-01-21 18:40:00+00:00,2025-01-21,2025-01-21 21:00:00+00:00,371410,value_area_bounce,-1,7.848571428571502,21631.54,21632.3475,21612.4725,21636.764166666668,21516.679795951248,21520.604081665533,21512.755510236962,False,False,False,-226.1210350562934
1,2025-01-21 18:41:00+00:00,2025-01-21,2025-01-21 21:00:00+00:00,371411,value_area_bounce,-1,7.848571428571502,21622.66,21632.622499999998,21613.0775,21634.794166666667,21516.885826040427,21520.810111754712,21512.96154032614,False,False,False,-593.1753336988272
1,2025-01-21 19:26:00+00:00,2025-01-21,2025-01-21 21:00:00+00:00,371456,value_area_bounce,1,10.340000000000146,21619.91,21632.845625,21615.555625,21635.006875,21523.3656451373,21528.5356451373,21518.195645137297,False,False,False,1499.4944137640891
1,2025-01-21 19:42:00+00:00,2025-01-21,2025-01-21 21:00:00+00:00,371472,value_area_bounce,1,8.428571428571429,21591.16,21598.49979166667,21587.17270833333,21627.950208333335,21525.271054059616,21529.485339773903,21521.05676834533,False,False,False,177.8585879093523
1,2025-01-21 20:01:00+00:00,2025-01-21,2025-01-21 21:00:00+00:00,371491,value_area_bounce,-1,7.3314285714287895,21594.66,21596.872708333336,21588.856458333335,21604.888958333333,21526.868201483212,21530.533915768927,21523.202487197497,False,False,False,-633.396910279332
1,2025-01-21 20:35:00+00:00,2025-01-21,2025-01-21 21:00:00+00:00,371525,value_area_bounce,-1,6.9650000000001455,21607.16,21602.071458333332,21587.508958333332,21609.352708333332,21529.96869467987,21533.451194679867,21526.48619467987,False,False,False,-1993.660345644943
1,2025-01-21 20:36:00+00:00,2025-01-21,2025-01-21 21:00:00+00:00,371526,value_area_bounce,-1,7.2150000000001455,21599.91,21602.071458333332,21589.936041666668,21609.352708333332,21530.093396963475,21533.700896963477,21526.485896963473,False,False,False,-3926.4513060971613
1,2025-01-21 20:53:00+00:00,2025-01-21,2025-01-21 21:00:00+00:00,371543,value_area_bounce,1,9.795000000000073,21594.16,21602.269375,21590.213125000002,21609.503125000003,21531.85026650156,21536.747766501558,21526.95276650156,False,False,False,1220.2800331555868
1,2025-01-21 20:56:00+00:00,2025-01-21,2025-01-21 21:00:00+00:00,371546,value_area_bounce,1,10.335714285714078,21596.79,21602.269375,21590.213125000002,21609.503125000003,21532.378796409124,21537.54665355198,21527.210939266268,False,False,False,1056.314216148746
1,2025-01-21 20:59:00+00:00,2025-01-21,2025-01-21 21:00:00+00:00,371549,value_area_bounce,1,10.995714285713932,21591.79,21602.269375,21590.213125000002,21609.503125000003,21532.892897253205,21538.390754396063,21527.395040110347,False,False,False,138.6840569987271
1,2025-01-22 17:11:00+00:00,2025-01-22,2025-01-22 21:00:00+00:00,372701,value_area_bounce,-1,5.588571428571803,21959.9,21941.353125,21929.811458333337,21967.321875,21882.80052325349,21885.594808967773,21880.006237539204,False,False,False,-2394.0196559785127
1,2025-01-22 17:13:00+00:00,2025-01-22,2025-01-22 21:00:00+00:00,372703,value_area_bounce,-1,6.125,21951.03,21943.321875,21921.738541666666,21954.113541666666,21883.284569951487,21886.347069951487,21880.222069951487,False,False,False,-3226.895236639302
1,2025-01-22 18:09:00+00:00,2025-01-22,2025-01-22 21:00:00+00:00,372759,value_area_bounce,1,6.870714285714712,21935.15,21945.863541666666,21933.884375,21948.259375,21890.411388199205,21893.846745342064,21886.976031056347,False,False,False,956.2911063171639
1,2025-01-22 18:55:00+00:00,2025-01-22,2025-01-22 21:00:00+00:00,372805,value_area_bounce,-1,6.917857142856259,21912.65,21919.060833333333,21898.177499999998,21921.149166666666,21892.549056894968,21896.007985466396,21889.09012832354,False,False,False,-687.7634544494287
1,2025-01-22 20:05:00+00:00,2025-01-22,2025-01-22 21:00:00+00:00,372875,value_area_bounce,-1,4.797142857141547,21907.78,21893.90125,21886.06375,21912.71125,21894.161145126745,21896.559716555315,21891.762573698175,False,False,False,-1723.0721874630808
1,2025-01-22 20:23:00+00:00,2025-01-22,2025-01-22 21:00:00+00:00,372893,value_area_bounce,1,6.75,21900.9,21916.634166666663,21896.2175,21918.0925,21894.34938615623,21897.72438615623,21890.97438615623,False,False,False,775.3761341359271
1,2025-01-22 20:31:00+00:00,2025-01-22,2025-01-22 21:00:00+00:00,372901,value_area_bounce,1,6.2050000000001875,21903.4,21899.134166666663,21894.759166666663,21909.3425,21894.418242846677,21897.52074284668,21891.315742846677,False,False,False,253.0916195598503
1,2025-01-22 20:43:00+00:00,2025-01-22,2025-01-22 21:00:00+00:00,372913,value_area_bounce,1,6.334285714286515,21888.03,21899.446666666663,21886.113333333335,21906.113333333335,21894.380114876738,21897.54725773388,21891.212972019595,False,False,False,49.98683491887192
1,2025-01-23 14:33:00+00:00,2025-01-23,2025-01-23 21:00:00+00:00,373923,value_area_bounce,1,10.530000000000395,21773.550000000003,21753.753750000003,21753.753750000003,21766.41375,21757.703306480566,21762.968306480565,21752.438306480566,False,False,False,3230.4619430129724
1,2025-01-23 14:53:00+00:00,2025-01-23,2025-01-23 21:00:00+00:00,373943,value_area_bounce,-1,11.419999999999813,21779.550000000003,21769.789375,21746.125625,21782.696875,21775.158241354482,21780.86824135448,21769.448241354483,False,False,False,-1249.2582904252363
1,2025-01-23 16:08:00+00:00,2025-01-23,2025-01-23 21:00:00+00:00,374018,value_area_bounce,-1,8.572142857142483,21799.43,21769.193958333337,21760.927708333336,21807.769791666666,21780.91362245528,21785.19969388385,21776.627551026708,False,False,False,-903.9052160405914
1,2025-01-23 16:16:00+00:00,2025-01-23,2025-01-23 21:00:00+00:00,374026,value_area_bounce,-1,14.893571428571054,21807.68,21810.98354166667,21776.246458333335,21810.98354166667,21783.034824179427,21790.48160989371,21775.588038465143,False,False,False,-1072.9291771745357
1,2025-01-23 16:25:00+00:00,2025-01-23,2025-01-23 21:00:00+00:00,374035,value_area_bounce,-1,13.535714285714286,21793.18,21808.14875,21797.83625,21812.27375,21784.316949651737,21791.084806794595,21777.549092508878,False,False,False,-1148.6250376705734
1,2025-01-23 16:26:00+00:00,2025-01-23,2025-01-23 21:00:00+00:00,374036,value_area_bounce,1,13.526428571428758,21811.300000000003,21808.14875,21797.83625,21812.27375,21784.503771370943,21791.266985656657,21777.740557085228,False,False,False,1803.6672028279154
1,2025-01-23 17:44:00+00:00,2025-01-23,2025-01-23 21:00:00+00:00,374114,value_area_bounce,1,7.724285714285153,21794.18,21817.034166666665,21787.534166666665,21821.950833333336,21793.42734463135,21797.28948748849,21789.565201774207,False,False,False,1602.3887718502
1,2025-01-23 18:42:00+00:00,2025-01-23,2025-01-23 21:00:00+00:00,374172,value_area_bounce,-1,5.72285714285733,21839.18,21815.19916666667,21808.214166666672,21845.4675,21797.892104478688,21800.753533050116,21795.03067590726,False,False,False,-2771.0480195348428
1,2025-01-23 18:54:00+00:00,2025-01-23,2025-01-23 21:00:00+00:00,374184,value_area_bounce,1,6.3650000000005615,21838.050000000003,21840.779375000002,21832.341041666667,21851.32729166667,21799.06032678539,21802.24282678539,21795.877826785392,False,False,False,1465.55473189556
1,2025-01-23 18:57:00+00:00,2025-01-23,2025-01-23 21:00:00+00:00,374187,value_area_bounce,1,6.382857142857704,21835.800000000003,21840.945625,21832.570625,21849.320625,21799.364950940337,21802.556379511767,21796.173522368907,False,False,False,492.8616381674017
1,2025-01-23 20:31:00+00:00,2025-01-23,2025-01-23 21:00:00+00:00,374281,value_area_bounce,-1,6.282857142857081,21841.800000000003,21830.806458333333,21826.510208333333,21846.559375,21805.08590484653,21808.22733341796,21801.944476275105,False,False,False,-156.27743047643452
1,2025-01-23 20:46:00+00:00,2025-01-23,2025-01-23 21:00:00+00:00,374296,value_area_bounce,1,6.562142857143044,21847.050000000003,21846.559375,21839.398958333335,21853.71979166667,21806.27423070889,21809.555302137458,21802.99315928032,False,False,False,1242.4241861312933
1,2025-01-24 14:30:00+00:00,2025-01-24,2025-01-24 21:00:00+00:00,375300,value_area_bounce,-1,7.24999999999974,21918.5,21917.778125000004,21896.729375000003,21931.810625000006,21923.210000000006,21926.835000000006,21919.585000000006,False,False,False,-5354.912629720453
1,2025-01-24 14:41:00+00:00,2025-01-24,2025-01-24 21:00:00+00:00,375311,value_area_bounce,-1,15.686428571427834,21903.25,21897.28625,21881.97375,21914.78625,21904.4428219569,21912.286036242615,21896.59960767119,False,False,False,-2199.1730613153168
1,2025-01-24 14:57:00+00:00,2025-01-24,2025-01-24 21:00:00+00:00,375327,value_area_bounce,-1,15.0,21929.5,21898.7825,21898.7825,21931.3325,21918.77096878627,21926.27096878627,21911.27096878627,False,False,False,-2693.528145378491
1,2025-01-24 15:01:00+00:00,2025-01-24,2025-01-24 21:00:00+00:00,375331,value_area_bounce,-1,13.125,21933.5,21898.7825,21898.7825,21934.5875,21920.602063032107,21927.164563032107,21914.039563032107,False,False,False,-4900.811952621374
1,2025-01-24 15:02:00+00:00,2025-01-24,2025-01-24 21:00:00+00:00,375332,value_area_bounce,-1,13.607142857142858,21919.25,21898.7825,21898.7825,21937.8425,21920.747564572066,21927.55113600064,21913.943993143494,False,False,False,-6489.525972888146
1,2025-01-24 15:06:00+00:00,2025-01-24,2025-01-24 21:00:00+00:00,375336,value_area_bounce,1,14.947857142857433,21915.13,21898.7825,21898.7825,21931.3325,21919.22762911652,21926.70155768795,21911.753700545094,False,False,False,58.148684141692684
1,2025-01-24 16:55:00+00:00,2025-01-24,2025-01-24 21:00:00+00:00,375445,value_area_bounce,-1,5.420000000000073,21897.25,21891.693124999998,21870.483125,21902.298125,21899.3635590453,21902.0735590453,21896.653559045302,False,False,False,-3670.787555408294
1,2025-01-24 16:56:00+00:00,2025-01-24,2025-01-24 21:00:00+00:00,375446,value_area_bounce,-1,6.67928571428586,21876.25,21893.525833333333,21859.10916666667,21898.4425,21899.225002797204,21902.564645654347,21895.88535994006,False,False,False,-6406.115424260812
1,2025-01-24 17:01:00+00:00,2025-01-24,2025-01-24 21:00:00+00:00,375451,value_area_bounce,1,9.274285714285725,21866.25,21883.197500000002,21858.247499999998,21898.167500000003,21898.31780287417,21902.954945731315,21893.680660017028,False,False,False,479.76049058671435
1,2025-01-24 17:08:00+00:00,2025-01-24,2025-01-24 21:00:00+00:00,375458,value_area_bounce,1,11.622142857142794,21862.25,21870.7225,21858.247499999998,21898.167500000003,21897.397209012226,21903.2082804408,21891.586137583654,False,False,False,1058.6943226622168
1,2025-01-24 20:28:00+00:00,2025-01-24,2025-01-24 21:00:00+00:00,375658,value_area_bounce,1,7.830714285714358,21750.25,21760.40625,21745.96875,21763.614583333336,21852.009230282092,21855.92458742495,21848.093873139234,False,False,False,395.9185276207687
1,2025-01-24 20:30:00+00:00,2025-01-24,2025-01-24 21:00:00+00:00,375660,value_area_bounce,1,8.517857142857142,21754.25,21745.96875,21745.96875,21763.614583333336,21851.55747078558,21855.81639935701,21847.298542214154,False,False,False,1736.096497449746
1,2025-01-24 20:49:00+00:00,2025-01-24,2025-01-24 21:00:00+00:00,375679,value_area_bounce,-1,7.117857142857507,21756.0,21756.005208333336,21749.103125,21762.907291666666,21847.869539624186,21851.428468195616,21844.310611052755,False,False,False,-1343.2947068567607
1,2025-01-24 20:51:00+00:00,2025-01-24,2025-01-24 21:00:00+00:00,375681,value_area_bounce,-1,8.60857142857172,21760.0,21756.958333333336,21745.875,21760.125,21847.153793657522,21851.45807937181,21842.849507943236,False,False,False,-4158.880307660722
1,2025-01-27 14:30:00+00:00,2025-01-27,2025-01-27 21:00:00+00:00,376665,value_area_bounce,1,15.205000000000187,21061.88,21038.834166666667,21015.167500000003,21041.792500000003,21041.84,21049.4425,21034.2375,False,False,False,13817.77036071962
1,2025-01-27 15:04:00+00:00,2025-01-27,2025-01-27 21:00:00+00:00,376699,value_area_bounce,-1,23.1364285714283,21167.01,21116.886250000003,20997.936250000002,21186.27375,21156.971532640273,21168.539746925988,21145.403318354558,False,False,False,-5601.4615812943775
1,2025-01-27 15:23:00+00:00,2025-01-27,2025-01-27 21:00:00+00:00,376718,value_area_bounce,1,27.830714285714098,21190.26,21193.383125,21153.001875,21204.920625,21161.118577252128,21175.033934394985,21147.20322010927,False,False,False,4029.0829617714044
1,2025-01-27 16:44:00+00:00,2025-01-27,2025-01-27 21:00:00+00:00,376799,value_area_bounce,1,20.132857142857706,21111.26,21162.0,21089.579999999998,21170.04666666667,21175.94010939064,21186.006537962072,21165.87368081921,False,False,False,8514.045527222632
1,2025-01-27 17:28:00+00:00,2025-01-27,2025-01-27 21:00:00+00:00,376843,value_area_bounce,-1,20.018571428571054,21116.76,21094.45291666667,21064.57791666667,21119.34875,21164.99324597232,21175.002531686605,21154.983960258036,False,False,False,-1331.3438443238147
1,2025-01-27 18:05:00+00:00,2025-01-27,2025-01-27 21:00:00+00:00,376880,value_area_bounce,1,16.307857142857756,21073.51,21113.795416666668,21065.20375,21138.09125,21156.536997449075,21164.690926020503,21148.383068877647,False,False,False,2244.6717452812286
1,2025-01-27 18:31:00+00:00,2025-01-27,2025-01-27 21:00:00+00:00,376906,value_area_bounce,1,17.423571428572227,21071.88,21063.395416666666,21041.520416666666,21074.332916666666,21150.804143361613,21159.5159290759,21142.092357647325,False,False,False,2041.8611521988682
1,2025-01-27 18:36:00+00:00,2025-01-27,2025-01-27 21:00:00+00:00,376911,value_area_bounce,-1,18.177857142857516,21087.01,21064.176666666666,21050.01,21089.676666666666,21149.84823359557,21158.937162167,21140.75930502414,False,False,False,-2742.259017037073
1,2025-01-27 18:38:00+00:00,2025-01-27,2025-01-27 21:00:00+00:00,376913,value_area_bounce,-1,18.64214285714323,21066.13,21062.885,21046.635,21082.385,21149.522982671075,21158.844054099645,21140.201911242504,False,False,False,-3474.556161628214
1,2025-01-27 19:01:00+00:00,2025-01-27,2025-01-27 21:00:00+00:00,376936,value_area_bounce,1,15.125714285713912,21060.51,21071.661041666666,21056.400625,21089.973541666666,21145.662533004455,21153.225390147312,21138.0996758616,False,False,False,3151.1780661235443
1,2025-01-27 19:02:00+00:00,2025-01-27,2025-01-27 21:00:00+00:00,376937,value_area_bounce,1,14.080714285714098,21063.76,21071.661041666666,21056.400625,21089.973541666666,21145.445905123765,21152.486262266622,21138.405547980907,False,False,False,2806.1349900542464
1,2025-01-27 19:10:00+00:00,2025-01-27,2025-01-27 21:00:00+00:00,376945,value_area_bounce,1,17.61571428571447,21072.38,21062.504791666666,21056.400625,21089.973541666666,21143.969778348026,21152.777635490882,21135.16192120517,False,False,False,710.2530534113012
1,2025-01-27 19:37:00+00:00,2025-01-27,2025-01-27 21:00:00+00:00,376972,value_area_bounce,-1,17.650714285714848,21091.26,21090.994583333333,21043.28625,21095.76541666667,21141.325890636344,21150.151247779202,21132.500533493487,False,False,False,-6795.394766887121
1,2025-01-27 19:59:00+00:00,2025-01-27,2025-01-27 21:00:00+00:00,376994,value_area_bounce,1,18.448571428572386,21023.01,21112.714375000003,21016.201875,21112.714375000003,21135.693257261293,21144.917542975578,21126.46897154701,False,False,False,1009.3014852834735
1,2025-01-27 20:00:00+00:00,2025-01-27,2025-01-27 21:00:00+00:00,376995,value_area_bounce,1,18.681428571429155,21028.63,21112.714375000003,21016.201875,21112.714375000003,21135.364462214347,21144.70517650006,21126.023747928633,False,False,False,3672.8104431549127
1,2025-01-27 20:33:00+00:00,2025-01-27,2025-01-27 21:00:00+00:00,377028,value_area_bounce,-1,17.21214285714216,21070.01,21062.833125,21029.889375,21081.658125,21129.971917598054,21138.577989026624,21121.365846169483,False,False,False,-599.0651377578615
1,2025-01-27 20:52:00+00:00,2025-01-27,2025-01-27 21:00:00+00:00,377047,value_area_bounce,-1,18.937857142856956,21095.88,21077.74958333333,21047.62458333333,21102.85375,21129.09943786462,21138.568366436048,21119.630509293194,False,False,False,-5340.92231451535
1,2025-01-27 20:53:00+00:00,2025-01-27,2025-01-27 21:00:00+00:00,377048,value_area_bounce,-1,19.437857142856956,21080.51,21077.74958333333,21047.62458333333,21102.85375,21128.98964027812,21138.70856884955,21119.27071170669,False,False,False,-6078.961948402333
1,2025-01-28 14:31:00+00:00,2025-01-28,2025-01-28 21:00:00+00:00,378046,value_area_bounce,-1,15.981428571428166,21148.66,21204.088958333334,21184.532708333332,21204.088958333334,21187.167962529682,21195.158676815397,21179.177248243966,False,False,False,-8989.146381221652
1,2025-01-28 14:33:00+00:00,2025-01-28,2025-01-28 21:00:00+00:00,378048,value_area_bounce,1,19.04357142857069,21170.91,21168.763958333337,21168.763958333337,21201.368125,21175.058678573114,21184.5804642874,21165.53689285883,False,False,False,2202.361502288497
1,2025-01-28 15:45:00+00:00,2025-01-28,2025-01-28 21:00:00+00:00,378120,value_area_bounce,-1,18.567142857142503,21299.41,21250.560625000002,21156.131458333333,21326.103958333333,21205.752077467158,21215.03564889573,21196.468506038585,False,False,False,-4344.749515907324
1,2025-01-28 16:19:00+00:00,2025-01-28,2025-01-28 21:00:00+00:00,378154,value_area_bounce,-1,13.812857142857215,21336.54,21329.591875,21308.059374999997,21343.946875,21233.324443740592,21240.230872312022,21226.41801516916,False,False,False,-1894.461676286049
1,2025-01-28 16:32:00+00:00,2025-01-28,2025-01-28 21:00:00+00:00,378167,value_area_bounce,1,16.008571428571354,21317.04,21331.75375,21297.48625,21339.36875,21240.48719239914,21248.49147811343,21232.482906684854,False,False,False,5039.720266723509
1,2025-01-28 16:36:00+00:00,2025-01-28,2025-01-28 21:00:00+00:00,378171,value_area_bounce,1,15.821428571428571,21307.41,21339.36875,21305.10125,21343.17625,21241.86656153268,21249.777275818393,21233.955847246965,False,False,False,2892.8492720810036
1,2025-01-28 16:38:00+00:00,2025-01-28,2025-01-28 21:00:00+00:00,378173,value_area_bounce,1,16.41142857142872,21329.16,21339.36875,21305.10125,21343.17625,21242.66383191517,21250.869546200887,21234.458117629456,False,False,False,3291.957880089355
1,2025-01-28 16:43:00+00:00,2025-01-28,2025-01-28 21:00:00+00:00,378178,value_area_bounce,1,17.232857142857288,21307.41,21339.36875,21301.293749999997,21343.17625,21244.859154495556,21253.475583066986,21236.242725924127,False,False,False,1079.0054949552045
1,2025-01-28 17:46:00+00:00,2025-01-28,2025-01-28 21:00:00+00:00,378241,value_area_bounce,1,11.062142857142785,21434.41,21452.594375,21419.01479166667,21457.39145833333,21272.849814819816,21278.380886248386,21267.318743391246,False,False,False,335.2811841056273
1,2025-01-28 17:49:00+00:00,2025-01-28,2025-01-28 21:00:00+00:00,378244,value_area_bounce,1,10.785714285714286,21435.79,21449.568124999998,21429.124375,21453.656875,21274.15362328039,21279.546480423247,21268.76076613753,False,False,False,2555.955605241431
1,2025-01-28 18:26:00+00:00,2025-01-28,2025-01-28 21:00:00+00:00,378281,value_area_bounce,-1,8.452142857142722,21448.16,21434.16,21429.16,21461.66,21286.414563772174,21290.640635200747,21282.1884923436,False,False,False,-2966.154177944697
1,2025-01-28 19:15:00+00:00,2025-01-28,2025-01-28 21:00:00+00:00,378330,value_area_bounce,1,8.775714285714068,21430.66,21451.950208333335,21427.030625,21454.215625,21299.025488508025,21303.413345650883,21294.637631365167,False,False,False,2814.8644622362
1,2025-01-28 20:05:00+00:00,2025-01-28,2025-01-28 21:00:00+00:00,378380,value_area_bounce,-1,8.632142857143013,21491.04,21447.820208333334,21422.287708333333,21498.885208333333,21311.40928338829,21315.725354816863,21307.093211959716,False,False,False,-506.7503341118211
1,2025-01-28 20:27:00+00:00,2025-01-28,2025-01-28 21:00:00+00:00,378402,value_area_bounce,-1,6.341428571429008,21505.66,21494.872916666667,21477.855416666665,21513.78125,21316.226087019244,21319.39680130496,21313.05537273353,False,False,False,-1890.07444649952
1,2025-01-29 14:35:00+00:00,2025-01-29,2025-01-29 21:00:00+00:00,379430,value_area_bounce,1,15.895714285714348,21462.41,21470.89125,21459.25375,21509.682916666665,21461.269341464667,21469.217198607526,21453.32148432181,False,False,False,30.85617519372954
1,2025-01-29 14:50:00+00:00,2025-01-29,2025-01-29 21:00:00+00:00,379445,value_area_bounce,1,24.490714285714212,21413.91,21455.239166666666,21400.822500000002,21455.239166666666,21437.377891437478,21449.623248580334,21425.132534294622,False,False,False,2706.8293143748842
1,2025-01-29 14:51:00+00:00,2025-01-29,2025-01-29 21:00:00+00:00,379446,value_area_bounce,1,23.59714285714264,21423.54,21454.71833333333,21405.368333333332,21454.71833333333,21436.637292114217,21448.43586354279,21424.838720685646,False,False,False,5272.904875492617
1,2025-01-29 14:56:00+00:00,2025-01-29,2025-01-29 21:00:00+00:00,379451,value_area_bounce,1,23.9735714285715,21435.16,21454.71833333333,21410.85166666667,21454.71833333333,21434.935406948687,21446.922192662973,21422.9486212344,False,False,False,3846.10731169686
1,2025-01-29 14:58:00+00:00,2025-01-29,2025-01-29 21:00:00+00:00,379453,value_area_bounce,1,22.75071428571443,21419.66,21454.71833333333,21410.85166666667,21454.71833333333,21434.196028336864,21445.57138547972,21422.820671194007,False,False,False,4628.378109594258
1,2025-01-29 14:59:00+00:00,2025-01-29,2025-01-29 21:00:00+00:00,379454,value_area_bounce,1,20.867142857143076,21415.66,21454.71833333333,21410.85166666667,21454.71833333333,21433.726194676507,21444.159766105076,21423.292623247937,False,False,False,1844.3412722173866
1,2025-01-29 15:00:00+00:00,2025-01-29,2025-01-29 21:00:00+00:00,379455,value_area_bounce,1,21.08142857142879,21428.41,21454.71833333333,21410.85166666667,21454.71833333333,21433.432488553244,21443.97320283896,21422.89177426753,False,False,False,6660.388111001443
1,2025-01-29 16:45:00+00:00,2025-01-29,2025-01-29 21:00:00+00:00,379560,value_area_bounce,-1,12.617857142857506,21397.91,21391.821458333332,21384.540208333332,21403.956875,21415.763680255288,21422.07260882672,21409.454751683857,False,False,False,-264.5492462837633
1,2025-01-29 17:00:00+00:00,2025-01-29,2025-01-29 21:00:00+00:00,379575,value_area_bounce,1,14.063571428571647,21400.29,21390.56125,21384.638750000002,21402.40625,21414.247281473305,21421.279067187592,21407.215495759017,False,False,False,3278.2681167449027
1,2025-01-29 17:52:00+00:00,2025-01-29,2025-01-29 21:00:00+00:00,379627,value_area_bounce,1,8.883571428571356,21403.16,21410.113125000003,21396.39020833333,21425.796458333338,21414.783657819156,21419.225443533443,21410.34187210487,False,False,False,1993.4400029475255
1,2025-01-29 18:07:00+00:00,2025-01-29,2025-01-29 21:00:00+00:00,379642,value_area_bounce,1,23.484999999999804,21335.66,21431.335000000003,21320.085000000003,21438.75166666667,21406.26445698578,21418.00695698578,21394.52195698578,False,False,False,7615.931280966166
1,2025-01-29 18:12:00+00:00,2025-01-29,2025-01-29 21:00:00+00:00,379647,value_area_bounce,1,27.430714285713943,21341.54,21431.335000000003,21327.50166666667,21438.75166666667,21404.231929688267,21417.947286831124,21390.51657254541,False,False,False,1077.7246370196472
1,2025-01-29 19:01:00+00:00,2025-01-29,2025-01-29 21:00:00+00:00,379696,value_area_bounce,1,19.323571428571086,21362.91,21344.972291666665,21344.972291666665,21382.388958333337,21398.281079689208,21407.942865403493,21388.619293974923,False,False,False,175.89587025581386
1,2025-01-29 19:02:00+00:00,2025-01-29,2025-01-29 21:00:00+00:00,379697,value_area_bounce,-1,20.599999999999586,21353.16,21344.972291666665,21344.972291666665,21382.388958333337,21398.122355453186,21408.422355453185,21387.822355453187,False,False,False,-2130.9155273018523
1,2025-01-29 19:09:00+00:00,2025-01-29,2025-01-29 21:00:00+00:00,379704,value_area_bounce,1,28.294285714285383,21342.54,21344.972291666665,21335.618125,21377.711875,21396.270984126255,21410.418126983397,21382.123841269113,False,False,False,1133.4818376291632
1,2025-01-29 19:30:00+00:00,2025-01-29,2025-01-29 21:00:00+00:00,379725,value_area_bounce,1,17.75,21307.54,21312.754791666666,21285.787291666667,21353.206041666668,21390.78848264787,21399.66348264787,21381.91348264787,False,False,False,3102.7877605572066
1,2025-01-29 20:43:00+00:00,2025-01-29,2025-01-29 21:00:00+00:00,379798,value_area_bounce,1,20.871428571428364,21439.29,21477.755833333336,21420.1725,21489.2725,21396.982182775424,21407.41789706114,21386.54646848971,False,False,False,1234.3652447568859
1,2025-01-30 14:32:00+00:00,2025-01-30,2025-01-30 21:00:00+00:00,380807,value_area_bounce,-1,16.287142857142108,21555.31,21552.186875,21534.029375,21561.265625,21549.56456812146,21557.70813955003,21541.420996692887,False,False,False,-3153.948252360422
1,2025-01-30 14:33:00+00:00,2025-01-30,2025-01-30 21:00:00+00:00,380808,value_area_bounce,-1,17.36785714285647,21543.18,21553.054583333334,21535.509583333333,21555.978750000002,21548.645251233047,21557.329179804474,21539.96132266162,False,False,False,-7142.702508143923
1,2025-01-30 14:38:00+00:00,2025-01-30,2025-01-30 21:00:00+00:00,380813,value_area_bounce,1,21.84714285714212,21543.93,21552.722500000003,21525.855833333335,21556.080833333333,21534.97797435656,21545.90154578513,21524.054402927988,False,False,False,2905.9076123672503
1,2025-01-30 14:42:00+00:00,2025-01-30,2025-01-30 21:00:00+00:00,380817,value_area_bounce,-1,22.47857142857122,21527.06,21552.722500000003,21525.855833333335,21556.080833333333,21537.59170976583,21548.830995480115,21526.352424051547,False,False,False,-2004.529682912147
1,2025-01-30 15:00:00+00:00,2025-01-30,2025-01-30 21:00:00+00:00,380835,value_area_bounce,-1,26.14071428571437,21545.81,21538.27354166667,21506.763125,21569.783958333333,21562.97174697336,21576.042104116215,21549.901389830502,False,False,False,-6352.611008001919
1,2025-01-30 15:03:00+00:00,2025-01-30,2025-01-30 21:00:00+00:00,380838,opening_range_breakout,-1,27.877857142856946,21478.93,21553.506458333337,21514.173958333333,21566.61729166667,21557.588188528607,21571.527117100035,21543.64925995718,False,False,False,-13668.380602732399
1,2025-01-30 15:06:00+00:00,2025-01-30,2025-01-30 21:00:00+00:00,380841,value_area_bounce,1,30.752142857142513,21506.18,21552.205833333333,21490.53916666667,21575.330833333333,21551.824103243292,21567.200174671863,21536.44803181472,False,False,False,853.931925936844
1,2025-01-30 15:10:00+00:00,2025-01-30,2025-01-30 21:00:00+00:00,380845,value_area_bounce,1,30.16428571428566,21505.31,21552.205833333333,21490.53916666667,21575.330833333333,21545.805331760104,21560.887474617248,21530.72318890296,False,False,False,8121.729246802308
1,2025-01-30 15:23:00+00:00,2025-01-30,2025-01-30 21:00:00+00:00,380858,value_area_bounce,1,21.224999999999586,21484.93,21485.450625,21468.721458333333,21552.36729166667,21532.33931060053,21542.95181060053,21521.726810600532,False,False,False,5952.386425798148
1,2025-01-30 17:17:00+00:00,2025-01-30,2025-01-30 21:00:00+00:00,380972,value_area_bounce,1,13.424999999999793,21446.06,21486.08604166667,21439.940208333333,21486.08604166667,21472.44256024748,21479.15506024748,21465.73006024748,False,False,False,1772.3626552066746
1,2025-01-30 17:33:00+00:00,2025-01-30,2025-01-30 21:00:00+00:00,380988,value_area_bounce,1,15.923571428570929,21425.68,21487.378750000003,21421.63125,21487.378750000003,21470.15245743694,21478.114243151223,21462.190671722656,False,False,False,489.7799771855857
1,2025-01-30 18:00:00+00:00,2025-01-30,2025-01-30 21:00:00+00:00,381015,value_area_bounce,-1,9.267857142857142,21447.68,21441.700625,21423.419375,21456.325625,21467.928985596325,21472.562914167753,21463.295057024898,False,False,False,-169.43663227989077
1,2025-01-30 18:28:00+00:00,2025-01-30,2025-01-30 21:00:00+00:00,381043,value_area_bounce,-1,10.473571428571502,21444.18,21442.450833333336,21439.78916666667,21461.0825,21467.089448361654,21472.32623407594,21461.85266264737,False,False,False,-709.7850442255381
1,2025-01-30 18:29:00+00:00,2025-01-30,2025-01-30 21:00:00+00:00,381044,value_area_bounce,1,11.178571428571429,21450.68,21450.435833333333,21439.78916666667,21461.0825,21467.027454339852,21472.616740054138,21461.438168625566,False,False,False,511.00177487329074
1,2025-01-30 19:31:00+00:00,2025-01-30,2025-01-30 21:00:00+00:00,381106,value_area_bounce,-1,8.973571428571502,21502.18,21497.706875,21486.369791666668,21510.66354166667,21470.12369252471,21474.610478238996,21465.636906810425,False,False,False,-721.8813008479476
1,2025-01-30 19:36:00+00:00,2025-01-30,2025-01-30 21:00:00+00:00,381111,value_area_bounce,-1,8.848571428571502,21509.18,21510.66354166667,21497.706875,21515.522291666668,21470.404154403615,21474.8284401179,21465.97986868933,False,False,False,-315.8239654030398
1,2025-01-31 14:35:00+00:00,2025-01-31,2025-01-31 21:00:00+00:00,382190,value_area_bounce,-1,18.66285714285732,21692.77,21719.85416666667,21675.59416666667,21719.85416666667,21709.270294841324,21718.601723412754,21699.938866269895,False,False,False,-4521.576956968735
1,2025-01-31 14:42:00+00:00,2025-01-31,2025-01-31 21:00:00+00:00,382197,value_area_bounce,-1,25.39571428571409,21702.52,21716.165833333336,21679.2825,21719.85416666667,21702.777381525222,21715.475238668078,21690.079524382367,False,False,False,-11.388757766504114
1,2025-01-31 14:45:00+00:00,2025-01-31,2025-01-31 21:00:00+00:00,382200,value_area_bounce,-1,23.104285714285652,21702.390000000003,21716.165833333336,21682.970833333336,21719.85416666667,21703.385900725905,21714.938043583046,21691.833757868764,False,False,False,-2494.0896037109287
1,2025-01-31 14:49:00+00:00,2025-01-31,2025-01-31 21:00:00+00:00,382204,value_area_bounce,-1,20.696428571428573,21723.52,21716.165833333336,21682.970833333336,21723.542500000003,21706.40336358455,21716.751577870265,21696.055149298838,False,False,False,-1246.7981263638749
1,2025-01-31 16:26:00+00:00,2025-01-31,2025-01-31 21:00:00+00:00,382301,value_area_bounce,1,11.134999999999438,21826.140000000003,21835.921250000003,21823.83791666667,21857.067083333335,21776.633179937362,21782.200679937363,21771.06567993736,False,False,False,2711.992672422667
1,2025-01-31 16:30:00+00:00,2025-01-31,2025-01-31 21:00:00+00:00,382305,value_area_bounce,1,12.072142857142483,21824.640000000003,21854.046250000003,21823.83791666667,21863.108750000003,21777.695919956182,21783.731991384753,21771.65984852761,False,False,False,4259.00170711403
1,2025-01-31 17:05:00+00:00,2025-01-31,2025-01-31 21:00:00+00:00,382340,value_area_bounce,1,11.223571428571242,21787.390000000003,21804.493125,21780.830208333336,21828.15604166667,21782.12372625902,21787.735511973304,21776.511940544733,False,False,False,1156.052302837129
1,2025-01-31 17:07:00+00:00,2025-01-31,2025-01-31 21:00:00+00:00,382342,value_area_bounce,1,11.348571428571242,21792.890000000003,21804.72854166667,21783.66604166667,21825.79104166667,21782.16426446317,21787.838550177454,21776.489978748883,False,False,False,2213.8484198360047
1,2025-01-31 17:08:00+00:00,2025-01-31,2025-01-31 21:00:00+00:00,382343,value_area_bounce,1,13.071428571428571,21793.640000000003,21803.936250000002,21791.706250000003,21825.338750000003,21782.202337079983,21788.738051365697,21775.66662279427,False,False,False,3908.51092306354
1,2025-01-31 17:17:00+00:00,2025-01-31,2025-01-31 21:00:00+00:00,382352,value_area_bounce,1,16.697142857142484,21805.890000000003,21804.49375,21790.614583333336,21815.597083333334,21783.29180680247,21791.64037823104,21774.9432353739,False,False,False,2151.1070797746725
1,2025-01-31 17:19:00+00:00,2025-01-31,2025-01-31 21:00:00+00:00,382354,value_area_bounce,-1,15.946428571428571,21799.890000000003,21804.49375,21793.39041666667,21815.597083333334,21783.50569860174,21791.478912887454,21775.532484316027,False,False,False,-716.2799751678003
1,2025-01-31 17:22:00+00:00,2025-01-31,2025-01-31 21:00:00+00:00,382357,value_area_bounce,-1,14.160714285714286,21813.02,21804.49375,21793.39041666667,21815.597083333334,21783.857174764147,21790.937531907006,21776.77681762129,False,False,False,-549.8000755619203
1,2025-01-31 18:00:00+00:00,2025-01-31,2025-01-31 21:00:00+00:00,382395,value_area_bounce,1,8.987857142857267,21814.890000000003,21816.645208333335,21808.988958333335,21831.957708333335,21787.857614751014,21792.351543322442,21783.363686179586,False,False,False,330.11310015159677
1,2025-01-31 18:15:00+00:00,2025-01-31,2025-01-31 21:00:00+00:00,382410,value_area_bounce,1,6.974285714285153,21811.77,21817.033750000002,21806.912916666668,21825.70875,21788.739728670622,21792.226871527764,21785.25258581348,False,False,False,754.1071327982213
1,2025-01-31 18:54:00+00:00,2025-01-31,2025-01-31 21:00:00+00:00,382449,value_area_bounce,1,25.187857142856956,21652.390000000003,21669.983750000003,21635.733750000003,21738.483750000003,21765.321946575834,21777.915875147264,21752.728018004404,False,False,False,857.3190259226008
1,2025-01-31 19:55:00+00:00,2025-01-31,2025-01-31 21:00:00+00:00,382510,value_area_bounce,1,26.979999999999563,21579.140000000003,21609.104375000003,21564.571875,21653.636875,21722.96125880007,21736.451258800073,21709.47125880007,False,False,False,6218.455482378242
1,2025-01-31 20:12:00+00:00,2025-01-31,2025-01-31 21:00:00+00:00,382527,value_area_bounce,1,25.5935714285723,21492.390000000003,21571.295208333337,21483.07020833333,21571.295208333337,21708.468412664828,21721.265198379115,21695.67162695054,False,False,False,3579.629545521995
1,2025-01-31 20:55:00+00:00,2025-01-31,2025-01-31 21:00:00+00:00,382570,value_area_bounce,-1,26.33142857142801,21482.77,21479.753958333335,21457.851875000004,21484.134375,21676.049198801968,21689.214913087682,21662.883484516253,False,False,False,-2289.661573267393
1,2025-01-31 20:59:00+00:00,2025-01-31,2025-01-31 21:00:00+00:00,382574,value_area_bounce,-1,27.53285714285708,21481.890000000003,21475.373541666668,21449.09104166667,21484.134375,21672.636933115242,21686.40336168667,21658.870504543815,False,False,False,-10382.730443869532
1,2025-02-03 14:30:00+00:00,2025-02-03,2025-02-03 21:00:00+00:00,383550,value_area_bounce,1,16.322857142858474,21113.77,21104.93770833334,21102.614791666667,21125.84395833334,21108.683333333334,21116.844761904762,21100.521904761907,False,False,False,7133.3138161715
1,2025-02-03 14:31:00+00:00,2025-02-03,2025-02-03 21:00:00+00:00,383551,value_area_bounce,1,18.564285714287116,21136.27,21109.583541666667,21102.614791666667,21121.198125000003,21117.002184684687,21126.28432754183,21107.720041827542,False,False,False,14984.210314074
1,2025-02-03 14:57:00+00:00,2025-02-03,2025-02-03 21:00:00+00:00,383577,value_area_bounce,-1,31.92285714285858,21114.02,21124.283750000002,21082.662916666668,21154.012916666667,21142.21858206529,21158.18001063672,21126.257153493858,False,False,False,-2644.6863014511455
1,2025-02-03 16:49:00+00:00,2025-02-03,2025-02-03 21:00:00+00:00,383689,value_area_bounce,-1,21.791428571428696,21313.390000000003,21348.21291666667,21310.442083333335,21348.21291666667,21215.134034573737,21226.02974885945,21204.238320288023,False,False,False,-2092.3553121396226
1,2025-02-03 16:50:00+00:00,2025-02-03,2025-02-03 21:00:00+00:00,383690,value_area_bounce,1,22.80999999999975,21339.52,21332.02541666667,21310.442083333335,21348.21291666667,21215.769779320824,21227.174779320823,21204.364779320826,False,False,False,101.54715496250174
1,2025-02-03 17:29:00+00:00,2025-02-03,2025-02-03 21:00:00+00:00,383729,value_area_bounce,-1,16.946428571428573,21300.27,21301.6275,21272.985833333332,21330.26916666667,21228.11361200321,21236.586826288923,21219.640397717496,False,False,False,-7487.184636549917
1,2025-02-03 17:56:00+00:00,2025-02-03,2025-02-03 21:00:00+00:00,383756,value_area_bounce,-1,24.700714285715158,21284.140000000003,21286.59625,21254.017083333332,21305.212916666667,21233.033988348718,21245.384345491577,21220.68363120586,False,False,False,-1124.3759518427134
1,2025-02-03 18:02:00+00:00,2025-02-03,2025-02-03 21:00:00+00:00,383762,value_area_bounce,1,31.872857142858265,21274.640000000003,21286.59625,21267.979583333334,21305.212916666667,21233.977259597374,21249.913688168803,21218.040831025944,False,False,False,1542.8499839749306
1,2025-02-03 19:37:00+00:00,2025-02-03,2025-02-03 21:00:00+00:00,383857,value_area_bounce,-1,9.509285714285527,21388.52,21368.193333333336,21352.126666666667,21403.54,21253.36466004415,21258.119302901294,21248.610017187006,False,False,False,-3328.800253797134
1,2025-02-03 20:01:00+00:00,2025-02-03,2025-02-03 21:00:00+00:00,383881,value_area_bounce,1,10.558571428571927,21404.140000000003,21412.05666666667,21399.223333333335,21423.05666666667,21257.897257599387,21263.17654331367,21252.6179718851,False,False,False,898.0719373939626
1,2025-02-03 20:53:00+00:00,2025-02-03,2025-02-03 21:00:00+00:00,383933,value_area_bounce,1,13.276428571428758,21351.390000000003,21377.551875,21350.680625,21408.261875,21266.40394970326,21273.042163988976,21259.765735417546,False,False,False,930.5729045249047
1,2025-02-04 14:31:00+00:00,2025-02-04,2025-02-04 21:00:00+00:00,384931,value_area_bounce,-1,12.280714285714046,21325.66,21329.029791666664,21329.029791666664,21347.875625,21330.61473755712,21336.755094699976,21324.474380414264,False,False,False,-2886.157726677483
1,2025-02-04 14:48:00+00:00,2025-02-04,2025-02-04 21:00:00+00:00,384948,value_area_bounce,-1,20.849999999999586,21414.16,21412.760625,21348.773541666666,21427.526875,21386.173965542243,21396.59896554224,21375.748965542243,False,False,False,-5577.020003822755
1,2025-02-04 15:30:00+00:00,2025-02-04,2025-02-04 21:00:00+00:00,384990,value_area_bounce,-1,17.801428571428655,21538.66,21413.53,21398.53,21541.03,21464.937294675008,21473.838008960724,21456.036580389293,False,False,False,-1457.8622518003428
1,2025-02-04 16:53:00+00:00,2025-02-04,2025-02-04 21:00:00+00:00,385073,value_area_bounce,1,11.132142857143013,21565.53,21569.2325,21564.2425,21581.707499999997,21504.128527330653,21509.694598759226,21498.56245590208,False,False,False,10.9405728730286
1,2025-02-04 17:00:00+00:00,2025-02-04,2025-02-04 21:00:00+00:00,385080,value_area_bounce,1,11.01071428571387,21570.28,21564.2425,21561.747499999998,21581.707499999997,21505.511433878397,21511.016791021255,21500.00607673554,False,False,False,1748.1795053288542
1,2025-02-04 17:06:00+00:00,2025-02-04,2025-02-04 21:00:00+00:00,385086,value_area_bounce,1,9.85285714285679,21556.78,21564.2425,21554.262499999997,21579.2125,21506.551635023512,21511.47806359494,21501.625206452085,False,False,False,562.7214257753019
1,2025-02-04 19:36:00+00:00,2025-02-04,2025-02-04 21:00:00+00:00,385236,value_area_bounce,-1,6.1478571428568625,21576.28,21567.592291666668,21550.779791666668,21584.404791666668,21512.105028115013,21515.178956686443,21509.031099543583,False,False,False,-57.78629043367437
1,2025-02-04 20:25:00+00:00,2025-02-04,2025-02-04 21:00:00+00:00,385285,value_area_bounce,1,7.957142857143221,21550.53,21546.956458333334,21544.201041666667,21563.48895833333,21515.953093257292,21519.931664685864,21511.97452182872,False,False,False,209.91235721907003
1,2025-02-04 20:28:00+00:00,2025-02-04,2025-02-04 21:00:00+00:00,385288,value_area_bounce,1,7.8242857142862965,21545.28,21545.175208333334,21545.175208333334,21563.150625,21516.114373542263,21520.026516399404,21512.20223068512,False,False,False,1415.7678898641539
1,2025-02-04 20:30:00+00:00,2025-02-04,2025-02-04 21:00:00+00:00,385290,value_area_bounce,1,8.31500000000051,21546.78,21546.5925,21544.134166666663,21563.800833333335,21516.221299055665,21520.378799055667,21512.063799055664,False,False,False,593.0715364281721
1,2025-02-04 20:34:00+00:00,2025-02-04,2025-02-04 21:00:00+00:00,385294,value_area_bounce,1,7.778571428571793,21550.66,21546.045625,21543.639375,21562.889375,21516.404413212156,21520.29369892644,21512.51512749787,False,False,False,2372.960753501536
1,2025-02-05 14:31:00+00:00,2025-02-05,2025-02-05 21:00:00+00:00,386311,value_area_bounce,-1,9.464285714285975,21446.92,21458.259166666667,21436.9375,21458.259166666667,21454.71273027785,21459.44487313499,21449.98058742071,False,False,False,-4305.134835208309
1,2025-02-05 14:34:00+00:00,2025-02-05,2025-02-05 21:00:00+00:00,386314,value_area_bounce,-1,12.642857142857142,21457.42,21450.505833333333,21438.87583333333,21458.259166666667,21452.08309890897,21458.404527480398,21445.761670337542,False,False,False,-5696.325997788928
1,2025-02-05 14:52:00+00:00,2025-02-05,2025-02-05 21:00:00+00:00,386332,value_area_bounce,-1,17.48428571428563,21469.550000000003,21451.140625,21424.090625,21481.571875,21470.733132979745,21479.47527583689,21461.990990122602,False,False,False,-2706.044817664925
1,2025-02-05 15:03:00+00:00,2025-02-05,2025-02-05 21:00:00+00:00,386343,value_area_bounce,-1,24.735000000000582,21432.300000000003,21462.33583333333,21458.7575,21490.9625,21470.889631151324,21483.257131151324,21458.522131151323,False,False,False,-5169.271349128621
1,2025-02-05 15:13:00+00:00,2025-02-05,2025-02-05 21:00:00+00:00,386353,value_area_bounce,1,26.716428571428487,21450.800000000003,21450.71083333333,21437.72583333333,21481.00916666667,21461.77651365463,21475.134727940345,21448.418299368914,False,False,False,3785.197020237095
1,2025-02-05 16:16:00+00:00,2025-02-05,2025-02-05 21:00:00+00:00,386416,value_area_bounce,-1,13.409999999999334,21493.17,21496.510625,21485.641875,21514.62520833333,21471.611341224227,21478.316341224225,21464.90634122423,False,False,False,-3630.2551866701706
1,2025-02-05 16:22:00+00:00,2025-02-05,2025-02-05 21:00:00+00:00,386422,value_area_bounce,1,13.962857142855812,21486.92,21500.133541666666,21485.641875,21511.002291666668,21472.167841595536,21479.149270166963,21465.18641302411,False,False,False,4885.124814817739
1,2025-02-05 18:33:00+00:00,2025-02-05,2025-02-05 21:00:00+00:00,386553,value_area_bounce,1,9.400714285713288,21607.67,21622.225625,21606.768958333334,21626.089791666665,21509.66774825626,21514.368105399117,21504.9673911134,False,False,False,2120.594484083794
1,2025-02-05 18:54:00+00:00,2025-02-05,2025-02-05 21:00:00+00:00,386574,value_area_bounce,1,7.5707142857136205,21609.67,21614.75833333334,21604.341666666667,21625.175000000003,21513.68625517064,21517.471612313497,21509.900898027783,False,False,False,295.11360829097055
1,2025-02-05 20:06:00+00:00,2025-02-05,2025-02-05 21:00:00+00:00,386646,value_area_bounce,-1,6.842857142855272,21628.550000000003,21627.979375000003,21622.260625000003,21634.841875,21524.760823494686,21528.18225206611,21521.33939492326,False,False,False,-81.4313836921603
1,2025-02-05 20:52:00+00:00,2025-02-05,2025-02-05 21:00:00+00:00,386692,value_area_bounce,1,9.774285714286505,21634.92,21653.916250000002,21624.86708333333,21661.838750000003,21532.185595740804,21537.072738597948,21527.29845288366,False,False,False,3245.4105379415273
1,2025-02-06 14:30:00+00:00,2025-02-06,2025-02-06 21:00:00+00:00,387690,value_area_bounce,-1,7.84785714285733,21672.26,21684.822500000002,21678.135833333334,21693.180833333332,21678.13666666667,21682.060595238097,21674.21273809524,False,False,False,-2778.5613549161453
1,2025-02-06 14:38:00+00:00,2025-02-06,2025-02-06 21:00:00+00:00,387698,value_area_bounce,1,15.089285714285714,21686.26,21677.904375,21676.051458333335,21692.727708333332,21674.742509223794,21682.287152080935,21667.197866366652,False,False,False,584.5455509448493
1,2025-02-06 14:40:00+00:00,2025-02-06,2025-02-06 21:00:00+00:00,387700,value_area_bounce,1,17.098571428571763,21687.76,21677.904375,21676.051458333335,21690.87479166667,21675.629977672026,21684.17926338631,21667.08069195774,False,False,False,2271.103596151128
1,2025-02-06 14:44:00+00:00,2025-02-06,2025-02-06 21:00:00+00:00,387704,value_area_bounce,1,17.490714285713953,21703.140000000003,21677.904375,21676.051458333335,21687.168958333335,21677.13588117555,21685.881238318405,21668.390524032693,False,False,False,1467.1048127774172
1,2025-02-06 14:58:00+00:00,2025-02-06,2025-02-06 21:00:00+00:00,387718,value_area_bounce,-1,15.709999999999127,21696.76,21679.255625,21654.647708333338,21707.378958333335,21691.86288337104,21699.71788337104,21684.00788337104,False,False,False,-3244.404764432453
1,2025-02-06 15:24:00+00:00,2025-02-06,2025-02-06 21:00:00+00:00,387744,value_area_bounce,-1,13.738571428572218,21712.51,21678.827500000003,21666.452500000003,21720.077500000003,21703.5505527181,21710.419838432386,21696.681267003816,False,False,False,-2634.479151635741
1,2025-02-06 15:31:00+00:00,2025-02-06,2025-02-06 21:00:00+00:00,387751,value_area_bounce,1,15.445000000001787,21705.140000000003,21709.389583333334,21690.76875,21728.010416666668,21703.89658653924,21711.61908653924,21696.17408653924,False,False,False,1051.5524124636636
1,2025-02-06 15:39:00+00:00,2025-02-06,2025-02-06 21:00:00+00:00,387759,value_area_bounce,-1,17.687142857142526,21677.51,21705.983750000003,21688.58791666667,21726.858750000003,21705.28681126789,21714.13038269646,21696.443239839322,False,False,False,-365.93039958999225
1,2025-02-06 16:45:00+00:00,2025-02-06,2025-02-06 21:00:00+00:00,387825,value_area_bounce,1,9.794285714285381,21679.01,21686.800416666665,21672.455416666664,21713.099583333336,21701.282628548124,21706.179771405266,21696.385485690982,False,False,False,698.6276163918983
1,2025-02-06 17:03:00+00:00,2025-02-06,2025-02-06 21:00:00+00:00,387843,value_area_bounce,1,10.436428571427573,21686.76,21686.176458333335,21677.957708333335,21713.57229166667,21700.162729540505,21705.380943826218,21694.944515254792,False,False,False,1398.233547218897
1,2025-02-06 19:01:00+00:00,2025-02-06,2025-02-06 21:00:00+00:00,387961,value_area_bounce,1,6.891428571427241,21730.01,21735.832916666666,21727.562083333334,21742.44958333333,21705.359396409778,21708.80511069549,21701.913682124065,False,False,False,62.43316605933239
1,2025-02-06 19:02:00+00:00,2025-02-06,2025-02-06 21:00:00+00:00,387962,value_area_bounce,1,7.257857142856145,21734.01,21740.926041666666,21731.083541666667,21747.487708333334,21705.418136283377,21709.047064854803,21701.78920771195,False,False,False,346.2353206840693
1,2025-02-06 19:46:00+00:00,2025-02-06,2025-02-06 21:00:00+00:00,388006,value_area_bounce,1,15.29285714285548,21661.26,21732.442291666666,21653.60895833333,21742.29645833333,21702.429874647423,21710.07630321885,21694.783446075995,False,False,False,2644.4301925055806
1,2025-02-06 19:47:00+00:00,2025-02-06,2025-02-06 21:00:00+00:00,388007,value_area_bounce,1,13.229999999998004,21663.140000000003,21732.442291666666,21653.60895833333,21742.29645833333,21702.30154262243,21708.916542622428,21695.686542622432,False,False,False,3973.8486322230965
1,2025-02-07 14:30:00+00:00,2025-02-07,2025-02-07 21:00:00+00:00,389070,value_area_bounce,1,8.83142857142801,21813.95,21793.034375000003,21786.528125000004,21803.878125000003,21805.283333333336,21809.69904761905,21800.86761904762,False,False,False,6392.891256635187
1,2025-02-07 15:59:00+00:00,2025-02-07,2025-02-07 21:00:00+00:00,389159,value_area_bounce,1,40.79857142857171,21637.83,21659.60625,21627.822916666664,21691.389583333334,21711.167105002223,21731.56639071651,21690.767819287936,False,False,False,9939.415147178774
1,2025-02-07 17:06:00+00:00,2025-02-07,2025-02-07 21:00:00+00:00,389226,value_area_bounce,1,21.93500000000027,21540.83,21569.329583333336,21533.20875,21591.002083333333,21658.524125955984,21669.491625955983,21647.556625955986,False,False,False,6432.648222024434
1,2025-02-07 17:11:00+00:00,2025-02-07,2025-02-07 21:00:00+00:00,389231,value_area_bounce,1,25.27785714285736,21570.2,21567.585,21542.105000000003,21586.695,21655.226042854396,21667.864971425824,21642.587114282967,False,False,False,3367.8588591658677
1,2025-02-07 17:21:00+00:00,2025-02-07,2025-02-07 21:00:00+00:00,389241,value_area_bounce,1,29.677857142857516,21558.83,21570.055,21544.835,21586.868333333336,21648.83774944163,21663.67667801306,21633.9988208702,False,False,False,4596.4243695153755
1,2025-02-07 18:40:00+00:00,2025-02-07,2025-02-07 21:00:00+00:00,389320,value_area_bounce,-1,9.901428571428498,21615.95,21625.794791666667,21589.14895833333,21640.453125,21638.680498971047,21643.631213256762,21633.729784685333,False,False,False,-2028.248206269342
1,2025-02-07 20:18:00+00:00,2025-02-07,2025-02-07 21:00:00+00:00,389418,value_area_bounce,1,12.459285714285475,21494.58,21505.322916666664,21493.53958333333,21525.94375,21622.455418269234,21628.685061126376,21616.22577541209,False,False,False,886.6270436564857
1,2025-02-07 20:19:00+00:00,2025-02-07,2025-02-07 21:00:00+00:00,389419,value_area_bounce,1,12.387142857142473,21497.58,21520.052083333336,21493.53958333333,21525.94375,21622.277084520665,21628.470655949237,21616.083513092093,False,False,False,1620.6295416118976
1,2025-02-07 20:59:00+00:00,2025-02-07,2025-02-07 21:00:00+00:00,389459,value_area_bounce,-1,13.024285714285984,21502.83,21497.790625,21492.21145833333,21511.738541666666,21615.25393568425,21621.766078541394,21608.741792827106,False,False,False,-2462.340269837241
1,2025-02-10 14:30:00+00:00,2025-02-10,2025-02-10 21:00:00+00:00,390435,value_area_bounce,-1,7.062142857142784,21677.69,21694.233958333334,21672.898541666666,21696.173541666667,21684.036666666667,21687.567738095237,21680.505595238097,False,False,False,-4322.724942942186
1,2025-02-10 14:35:00+00:00,2025-02-10,2025-02-10 21:00:00+00:00,390440,value_area_bounce,1,12.344285714286473,21687.56,21684.282291666666,21672.539791666666,21690.153541666667,21680.463973246697,21686.63611610384,21674.291830389553,False,False,False,2662.994745244251
1,2025-02-10 14:40:00+00:00,2025-02-10,2025-02-10 21:00:00+00:00,390445,value_area_bounce,-1,14.926428571428914,21687.06,21684.282291666666,21672.539791666666,21692.110625,21685.927283840192,21693.390498125907,21678.464069554477,False,False,False,-3498.3244051288393
1,2025-02-10 14:49:00+00:00,2025-02-10,2025-02-10 21:00:00+00:00,390454,value_area_bounce,-1,16.07071428571388,21690.81,21691.36770833333,21667.041458333333,21702.179375,21694.741382157412,21702.77673930027,21686.706025014555,False,False,False,-3079.4843003308315
1,2025-02-10 14:51:00+00:00,2025-02-10,2025-02-10 21:00:00+00:00,390456,value_area_bounce,-1,17.177142857142826,21680.56,21691.36770833333,21672.447291666664,21702.179375,21694.280905635456,21702.86947706403,21685.692334206884,False,False,False,-1608.1768928402284
1,2025-02-10 14:52:00+00:00,2025-02-10,2025-02-10 21:00:00+00:00,390457,value_area_bounce,1,17.346428571428728,21693.44,21691.36770833333,21672.447291666664,21696.77354166667,21694.039212733845,21702.71242701956,21685.36599844813,False,False,False,3947.7796776446353
1,2025-02-10 14:53:00+00:00,2025-02-10,2025-02-10 21:00:00+00:00,390458,value_area_bounce,-1,17.197857142857433,21694.56,21691.36770833333,21672.447291666664,21696.77354166667,21694.132131236813,21702.73105980824,21685.533202665385,False,False,False,-622.1249158856631
1,2025-02-10 15:01:00+00:00,2025-02-10,2025-02-10 21:00:00+00:00,390466,opening_range_breakout,1,17.15928571428646,21735.56,21691.36770833333,21667.041458333333,21702.179375,21697.393355479508,21705.972998336652,21688.813712622363,False,False,False,5806.661326803727
1,2025-02-10 18:32:00+00:00,2025-02-10,2025-02-10 21:00:00+00:00,390677,value_area_bounce,1,6.224285714285153,21788.81,21787.59625,21781.67958333333,21793.512916666667,21750.560872593178,21753.67301545032,21747.448729736036,False,False,False,1296.9066579733994
1,2025-02-10 19:00:00+00:00,2025-02-10,2025-02-10 21:00:00+00:00,390705,value_area_bounce,-1,6.072857142856394,21782.94,21786.955625,21786.955625,21795.705625,21752.470302443595,21755.506731015023,21749.433873872167,False,False,False,-873.7051464615813
1,2025-02-10 19:02:00+00:00,2025-02-10,2025-02-10 21:00:00+00:00,390707,value_area_bounce,-1,6.546428571427636,21787.44,21787.506875,21783.928125000002,21792.278541666667,21752.645791814146,21755.91900609986,21749.372577528433,False,False,False,-1005.37671361174
1,2025-02-10 19:03:00+00:00,2025-02-10,2025-02-10 21:00:00+00:00,390708,value_area_bounce,-1,6.447857142856394,21788.31,21787.506875,21783.928125000002,21792.278541666667,21752.71384989255,21755.937778463976,21749.48992132112,False,False,False,-1249.1544913895177
1,2025-02-10 19:18:00+00:00,2025-02-10,2025-02-10 21:00:00+00:00,390723,value_area_bounce,-1,5.017142857143232,21792.06,21788.699791666666,21783.928125000002,21792.278541666667,21753.625092399074,21756.133663827644,21751.116520970503,False,False,False,-853.2170341575004
1,2025-02-10 19:56:00+00:00,2025-02-10,2025-02-10 21:00:00+00:00,390761,value_area_bounce,1,6.445000000000748,21790.81,21791.86625,21782.71125,21799.49541666667,21755.544348893312,21758.766848893312,21752.321848893313,False,False,False,2073.292681581696
1,2025-02-10 20:41:00+00:00,2025-02-10,2025-02-10 21:00:00+00:00,390806,value_area_bounce,1,6.445000000000748,21780.06,21783.705625,21778.66395833333,21790.00770833333,21757.48560762874,21760.70810762874,21754.26310762874,False,False,False,571.2859968353467
1,2025-02-10 20:43:00+00:00,2025-02-10,2025-02-10 21:00:00+00:00,390808,value_area_bounce,1,7.106428571428945,21784.06,21783.88270833333,21777.07020833333,21788.424375,21757.564570222956,21761.11778450867,21754.01135593724,False,False,False,431.3124199425963
1,2025-02-10 20:54:00+00:00,2025-02-10,2025-02-10 21:00:00+00:00,390819,value_area_bounce,1,9.634285714285527,21775.06,21783.815,21773.315,21792.565,21757.88460801942,21762.701750876564,21753.067465162276,False,False,False,356.4833349750144
1,2025-02-10 20:55:00+00:00,2025-02-10,2025-02-10 21:00:00+00:00,390820,value_area_bounce,1,9.910714285714286,21777.81,21773.315,21773.315,21792.565,21757.958218228785,21762.913575371644,21753.002861085926,False,False,False,2027.335402959744
1,2025-02-11 14:48:00+00:00,2025-02-11,2025-02-11 21:00:00+00:00,391833,value_area_bounce,-1,12.755000000000239,21707.15,21705.905208333337,21642.330208333333,21711.203125,21690.659917009492,21697.03741700949,21684.282417009494,False,False,False,-1101.7173060797654
1,2025-02-11 14:49:00+00:00,2025-02-11,2025-02-11 21:00:00+00:00,391834,value_area_bounce,-1,12.112142857143096,21700.65,21711.203125,21642.330208333333,21711.203125,21691.021414507664,21697.077485936235,21684.965343079093,False,False,False,-3012.657574532794
1,2025-02-11 15:00:00+00:00,2025-02-11,2025-02-11 21:00:00+00:00,391845,value_area_bounce,1,15.387142857142992,21717.03,21711.388541666667,21682.22604166667,21716.248958333337,21696.20716339258,21703.900734821153,21688.51359196401,False,False,False,100.1540868074004
1,2025-02-11 15:04:00+00:00,2025-02-11,2025-02-11 21:00:00+00:00,391849,value_area_bounce,-1,17.78928571428566,21705.28,21710.735625,21684.104375,21721.388124999998,21698.78780616759,21707.682449024735,21689.893163310448,False,False,False,-142.27840631337608
1,2025-02-11 18:50:00+00:00,2025-02-11,2025-02-11 21:00:00+00:00,392075,value_area_bounce,-1,8.802857142857517,21728.78,21690.09395833333,21672.308541666665,21736.33604166667,21717.391006233283,21721.792434804713,21712.989577661854,False,False,False,-2476.5983440179716
1,2025-02-11 19:31:00+00:00,2025-02-11,2025-02-11 21:00:00+00:00,392116,value_area_bounce,-1,5.320000000000748,21727.9,21732.170625,21718.920625,21732.170625,21718.123843698286,21720.783843698286,21715.463843698286,False,False,False,-138.96134544660526
1,2025-02-11 20:16:00+00:00,2025-02-11,2025-02-11 21:00:00+00:00,392161,value_area_bounce,1,6.276428571428759,21742.65,21754.896249999998,21742.24375,21760.31875,21720.49362219284,21723.631836478555,21717.355407907125,False,False,False,824.5904092051969
1,2025-02-11 20:51:00+00:00,2025-02-11,2025-02-11 21:00:00+00:00,392196,value_area_bounce,1,8.682857142857756,21712.15,21742.885416666664,21708.794583333336,21761.480416666665,21720.343307769574,21724.684736341,21716.001879198146,False,False,False,741.8261631256478
1,2025-02-11 20:52:00+00:00,2025-02-11,2025-02-11 21:00:00+00:00,392197,value_area_bounce,1,8.611428571429185,21715.4,21742.885416666664,21708.794583333336,21761.480416666665,21720.328061098513,21724.633775384227,21716.0223468128,False,False,False,1333.8606331723608
1,2025-02-12 14:30:00+00:00,2025-02-12,2025-02-12 21:00:00+00:00,393195,value_area_bounce,-1,12.285000000000114,21473.19,21482.915,21453.665,21486.165,21479.936666666665,21486.079166666666,21473.794166666663,False,False,False,-6324.787622914769
1,2025-02-12 15:00:00+00:00,2025-02-12,2025-02-12 21:00:00+00:00,393225,value_area_bounce,-1,18.122857142856446,21577.31,21514.620833333334,21445.215833333335,21591.737499999996,21551.25334622249,21560.31477479392,21542.19191765106,False,False,True,-5487.121892753759
1,2025-02-12 17:17:00+00:00,2025-02-12,2025-02-12 21:00:00+00:00,393362,value_area_bounce,-1,12.839285714285714,21716.06,21701.864166666666,21632.105833333335,21720.889166666668,21603.5768751061,21609.99651796324,21597.15723224896,False,False,False,-808.7852598709901
1,2025-02-12 18:28:00+00:00,2025-02-12,2025-02-12 21:00:00+00:00,393433,value_area_bounce,1,10.0114285714283,21726.31,21729.794375,21706.044375,21735.731875,21620.06582920054,21625.071543486254,21615.060114914824,False,False,False,1068.2306749804816
1,2025-02-12 20:25:00+00:00,2025-02-12,2025-02-12 21:00:00+00:00,393550,value_area_bounce,1,5.836428571428249,21749.06,21748.080833333333,21744.66416666667,21760.03916666667,21635.781456730125,21638.69967101584,21632.86324244441,False,False,False,981.4544991082004
1,2025-02-12 20:34:00+00:00,2025-02-12,2025-02-12 21:00:00+00:00,393559,value_area_bounce,1,7.01071428571335,21746.56,21748.294375,21744.450625,21757.263125,21637.08141287255,21640.58677001541,21633.576055729693,False,False,False,1224.7824994851383
1,2025-02-12 20:54:00+00:00,2025-02-12,2025-02-12 21:00:00+00:00,393579,value_area_bounce,1,9.785714285714286,21720.06,21714.329375,21702.948125000003,21746.196875,21640.007964637018,21644.900821779876,21635.11510749416,False,False,False,427.50972775583045
1,2025-02-13 14:30:00+00:00,2025-02-13,2025-02-13 21:00:00+00:00,394575,value_area_bounce,1,7.009285714285527,21807.54,21799.815000000002,21792.015,21801.765,21802.040000000005,21805.54464285715,21798.53535714286,False,False,False,6032.7446765804325
1,2025-02-13 14:37:00+00:00,2025-02-13,2025-02-13 21:00:00+00:00,394582,value_area_bounce,-1,17.402857142856583,21825.04,21802.073333333334,21781.40666666667,21843.40666666667,21842.839804522428,21851.541233093856,21834.138375951,False,False,False,-4442.415439067455
1,2025-02-13 15:06:00+00:00,2025-02-13,2025-02-13 21:00:00+00:00,394611,value_area_bounce,-1,19.48285714285677,21837.42,21803.180625,21765.482708333337,21846.263958333337,21824.956027809043,21834.697456380472,21815.214599237614,False,False,False,-3648.5032383412645
1,2025-02-13 16:59:00+00:00,2025-02-13,2025-02-13 21:00:00+00:00,394724,value_area_bounce,1,10.578571428572364,21890.04,21927.586875,21880.493125,21936.149375,21878.190485253228,21883.479770967515,21872.90119953894,False,False,False,1566.0923951589266
1,2025-02-13 17:01:00+00:00,2025-02-13,2025-02-13 21:00:00+00:00,394726,value_area_bounce,1,12.730000000001123,21897.29,21927.586875,21880.493125,21936.149375,21878.24985977701,21884.61485977701,21871.88485977701,False,False,False,4589.260896819248
1,2025-02-13 17:56:00+00:00,2025-02-13,2025-02-13 21:00:00+00:00,394781,value_area_bounce,-1,7.830714285714099,21898.04,21901.399375,21891.243125,21909.524375,21881.6114116921,21885.52676883496,21877.696054549244,False,False,False,-1418.126087282901
1,2025-02-13 18:05:00+00:00,2025-02-13,2025-02-13 21:00:00+00:00,394790,value_area_bounce,1,11.533571428570733,21887.04,21902.836875,21886.868125,21905.118125,21881.75102532157,21887.517811035854,21875.984239607285,False,False,False,2522.59586264721
1,2025-02-13 18:09:00+00:00,2025-02-13,2025-02-13 21:00:00+00:00,394794,value_area_bounce,1,11.86357142857092,21885.54,21891.430625,21884.586875,21905.118125,21881.769424941274,21887.70121065556,21875.83763922699,False,False,False,568.531623131943
1,2025-02-13 18:40:00+00:00,2025-02-13,2025-02-13 21:00:00+00:00,394825,value_area_bounce,-1,12.76714285714323,21861.54,21882.63375,21860.44625,21895.94625,21880.32324927146,21886.70682070003,21873.93967784289,False,False,False,-2467.1533697365726
1,2025-02-13 18:44:00+00:00,2025-02-13,2025-02-13 21:00:00+00:00,394829,value_area_bounce,1,19.372857142857487,21884.04,21876.441041666665,21868.420208333337,21896.493125,21879.952904912945,21889.639333484374,21870.266476341516,False,False,False,1217.3391375763647
1,2025-02-13 18:51:00+00:00,2025-02-13,2025-02-13 21:00:00+00:00,394836,value_area_bounce,-1,22.19142857142859,21887.92,21878.44625,21871.154583333337,21896.675416666665,21880.375149926236,21891.47086421195,21869.27943564052,False,False,True,-585.3496213395526
1,2025-02-13 18:53:00+00:00,2025-02-13,2025-02-13 21:00:00+00:00,394838,value_area_bounce,1,25.470714285714035,21887.92,21878.44625,21871.154583333337,21893.029583333337,21880.361237063596,21893.096594206454,21867.62587992074,False,False,False,1620.601433400039
1,2025-02-14 14:31:00+00:00,2025-02-14,2025-02-14 21:00:00+00:00,395956,value_area_bounce,-1,9.447857142857954,22031.5,22043.090625,22031.266875,22043.090625,22041.53216890896,22046.25609748039,22036.808240337534,False,False,False,-66.92847754961804
1,2025-02-14 14:32:00+00:00,2025-02-14,2025-02-14 21:00:00+00:00,395957,value_area_bounce,-1,10.402857142857881,22037.0,22039.363124999996,22032.024791666663,22043.032291666666,22040.527165228305,22045.728593799733,22035.325736656876,False,False,False,-868.7021032760376
1,2025-02-14 14:33:00+00:00,2025-02-14,2025-02-14 21:00:00+00:00,395958,value_area_bounce,-1,11.20642857142931,22032.63,22037.528541666667,22032.024791666663,22043.032291666666,22039.83806804749,22045.441282333206,22034.234853761776,False,False,False,-4941.349435892676
1,2025-02-14 14:34:00+00:00,2025-02-14,2025-02-14 21:00:00+00:00,395959,value_area_bounce,1,12.143571428572093,22038.88,22037.528541666667,22033.859375,22043.032291666666,22038.633214935864,22044.70500065015,22032.56142922158,False,False,False,109.3766693120474
1,2025-02-14 14:37:00+00:00,2025-02-14,2025-02-14 21:00:00+00:00,395962,value_area_bounce,1,14.678571428571688,22031.5,22038.114375,22030.40604166667,22041.96854166667,22035.280777896896,22042.620063611183,22027.94149218261,False,False,False,888.4107004481134
1,2025-02-14 14:38:00+00:00,2025-02-14,2025-02-14 21:00:00+00:00,395963,value_area_bounce,1,14.990714285714214,22038.88,22037.338125000002,22029.399791666667,22039.322708333333,22035.347227402905,22042.84258454576,22027.85187026005,False,False,False,6382.794879076907
1,2025-02-14 14:45:00+00:00,2025-02-14,2025-02-14 21:00:00+00:00,395970,value_area_bounce,1,15.454285714285495,22032.38,22037.338125000002,22027.415208333332,22039.322708333333,22033.22047399972,22040.947616856865,22025.493331142578,False,False,False,306.89512921482185
1,2025-02-14 14:46:00+00:00,2025-02-14,2025-02-14 21:00:00+00:00,395971,value_area_bounce,1,15.04428571428564,22041.25,22037.338125000002,22027.415208333332,22039.322708333333,22033.36306481155,22040.885207668693,22025.84092195441,False,False,False,3496.354181192599
1,2025-02-14 15:01:00+00:00,2025-02-14,2025-02-14 21:00:00+00:00,395986,value_area_bounce,-1,12.385000000000218,22038.25,22030.347708333335,22026.086875,22043.130208333336,22039.557475810576,22045.749975810577,22033.364975810575,False,False,False,-4184.292308693286
1,2025-02-14 16:00:00+00:00,2025-02-14,2025-02-14 21:00:00+00:00,396045,value_area_bounce,-1,9.340714285714578,22075.25,22060.916666666668,22052.01666666667,22078.716666666667,22051.259634238115,22055.929991380974,22046.589277095256,False,False,False,-379.6241894286925
1,2025-02-14 16:25:00+00:00,2025-02-14,2025-02-14 21:00:00+00:00,396070,value_area_bounce,1,12.031428571428219,22058.0,22078.716666666667,22046.083333333336,22093.55,22053.5022610362,22059.517975321913,22047.486546750486,False,False,False,4788.206277930494
1,2025-02-14 17:43:00+00:00,2025-02-14,2025-02-14 21:00:00+00:00,396148,value_area_bounce,1,6.848571428571502,22036.25,22038.291041666667,22027.743125,22048.838958333334,22052.632996906093,22056.05728262038,22049.208711191808,False,False,False,829.6692652759789
1,2025-02-14 19:18:00+00:00,2025-02-14,2025-02-14 21:00:00+00:00,396243,value_area_bounce,-1,5.392857142857143,22117.25,22120.63375,22108.004583333335,22123.159583333334,22060.90672665218,22063.60315522361,22058.210298080754,False,False,False,-1298.7420059138362
1,2025-02-14 20:59:00+00:00,2025-02-14,2025-02-14 21:00:00+00:00,396344,value_area_bounce,-1,10.032142857142649,22120.63,22112.219166666666,22107.0425,22132.925833333335,22070.61430466528,22075.63037609385,22065.59823323671,False,False,False,-1580.4543702552794
1,2025-02-18 14:32:00+00:00,2025-02-18,2025-02-18 21:00:00+00:00,398464,value_area_bounce,1,12.567142857143283,22182.42,22185.25833333333,22161.638333333332,22240.371666666666,22179.111099062466,22185.394670491038,22172.827527633894,False,False,False,3123.480561994832
1,2025-02-18 14:37:00+00:00,2025-02-18,2025-02-18 21:00:00+00:00,398469,value_area_bounce,1,17.82499999999995,22181.800000000003,22185.25833333333,22161.638333333332,22193.131666666668,22182.047662711655,22190.960162711654,22173.135162711656,False,False,False,1110.5661025205882
1,2025-02-18 14:43:00+00:00,2025-02-18,2025-02-18 21:00:00+00:00,398475,value_area_bounce,-1,18.295714285715285,22171.17,22177.385,22173.448333333334,22185.25833333333,22181.3142225682,22190.462079711055,22172.166365425343,False,False,False,-721.6102543821053
1,2025-02-18 14:53:00+00:00,2025-02-18,2025-02-18 21:00:00+00:00,398485,value_area_bounce,1,18.762142857143772,22146.67,22174.603125,22136.420625,22200.058125000003,22163.791451169167,22173.17252259774,22154.410379740595,False,False,False,5152.361625586184
1,2025-02-18 15:01:00+00:00,2025-02-18,2025-02-18 21:00:00+00:00,398493,opening_range_breakout,-1,16.214285714285715,22092.92,22174.603125,22142.784375,22200.058125000003,22158.737364376542,22166.844507233684,22150.6302215194,False,False,False,-8622.993135802368
1,2025-02-18 16:22:00+00:00,2025-02-18,2025-02-18 21:00:00+00:00,398574,value_area_bounce,-1,8.837142857140861,22105.67,22084.914791666662,22069.237708333334,22122.539791666662,22129.035452775828,22133.4540242044,22124.616881347258,False,False,False,-3105.8947722513367
1,2025-02-18 16:59:00+00:00,2025-02-18,2025-02-18 21:00:00+00:00,398611,value_area_bounce,-1,9.99928571428505,22122.92,22121.46104166667,22102.474791666667,22136.228125,22129.099165185853,22134.098808042996,22124.09952232871,False,False,False,-1957.1389100922274
1,2025-02-18 18:48:00+00:00,2025-02-18,2025-02-18 21:00:00+00:00,398720,value_area_bounce,1,7.68000000000133,22092.92,22082.515625,22076.943125000005,22113.164375,22125.235555422772,22129.075555422773,22121.395555422772,False,False,False,730.4857153685606
1,2025-02-18 19:06:00+00:00,2025-02-18,2025-02-18 21:00:00+00:00,398738,value_area_bounce,-1,6.992142857143855,22085.550000000003,22082.744375000002,22076.349375000005,22100.330625000002,22124.289331659143,22127.785403087717,22120.79326023057,False,False,False,-488.61260453719694
1,2025-02-18 20:32:00+00:00,2025-02-18,2025-02-18 21:00:00+00:00,398824,value_area_bounce,1,6.642142857142192,22113.17,22107.58625,22107.58625,22117.975416666668,22118.59023983629,22121.91131126486,22115.269168407718,False,False,False,502.6276066531521
1,2025-02-18 20:52:00+00:00,2025-02-18,2025-02-18 21:00:00+00:00,398844,value_area_bounce,1,8.194999999999709,22112.92,22108.05541666667,22106.27375,22116.07291666667,22118.127277156116,22122.224777156116,22114.029777156116,False,False,False,954.9094226179557
1,2025-02-19 17:35:00+00:00,2025-02-19,2025-02-19 21:00:00+00:00,400027,value_area_bounce,1,6.72285714285681,22155.35,22175.854375000003,22154.830625000002,22177.765625,22124.360811719296,22127.722240290725,22120.999383147868,False,False,False,45.98087688333783
1,2025-02-19 18:02:00+00:00,2025-02-19,2025-02-19 21:00:00+00:00,400054,value_area_bounce,-1,6.943571428571886,22169.35,22173.651875000003,22153.339375000003,22175.683125000003,22127.52817153456,22130.999957248845,22124.056385820273,False,False,False,-1718.3925104167752
1,2025-02-19 18:13:00+00:00,2025-02-19,2025-02-19 21:00:00+00:00,400065,value_area_bounce,1,8.20071428571308,22147.230000000003,22158.04729166667,22135.123541666668,22170.782708333332,22128.33204420059,22132.432401343445,22124.231687057734,False,False,False,430.2149387396405
1,2025-02-19 18:41:00+00:00,2025-02-19,2025-02-19 21:00:00+00:00,400093,value_area_bounce,-1,5.964285714285714,22194.85,22189.611875000002,22166.73520833333,22201.050208333334,22131.640607240537,22134.62275009768,22128.658464383396,False,False,False,-360.30489645657343
1,2025-02-19 18:42:00+00:00,2025-02-19,2025-02-19 21:00:00+00:00,400094,value_area_bounce,-1,6.312142857142525,22191.6,22189.9125,22164.0375,22195.6625,22131.77825025972,22134.934321688288,22128.62217883115,False,False,False,-110.52055943939666
1,2025-02-19 19:01:00+00:00,2025-02-19,2025-02-19 21:00:00+00:00,400113,value_area_bounce,1,6.034999999999335,22177.85,22184.1625,22175.5375,22195.6625,22133.476928108503,22136.4944281085,22130.459428108505,False,False,False,262.2034725738154
1,2025-02-19 19:25:00+00:00,2025-02-19,2025-02-19 21:00:00+00:00,400137,value_area_bounce,-1,9.862857142857267,22200.6,22179.037291666667,22171.506041666667,22201.631041666667,22137.624049997466,22142.555478568895,22132.69262142604,False,False,False,-1870.9289000284004
1,2025-02-19 20:33:00+00:00,2025-02-19,2025-02-19 21:00:00+00:00,400205,value_area_bounce,1,13.37571428571495,22190.35,22204.854375000003,22189.209375,22236.144374999996,22147.528462072438,22154.216319215295,22140.84060492958,False,False,False,6714.140253851982
1,2025-02-19 20:40:00+00:00,2025-02-19,2025-02-19 21:00:00+00:00,400212,value_area_bounce,1,15.116428571428903,22181.85,22204.854375000003,22177.475625,22236.144374999996,22148.211829677515,22155.770043963228,22140.653615391802,False,False,False,3486.24076591654
1,2025-02-19 20:42:00+00:00,2025-02-19,2025-02-19 21:00:00+00:00,400214,value_area_bounce,1,13.62571428571495,22174.1,22204.854375000003,22173.564375,22236.144374999996,22148.36925391069,22155.182111053546,22141.55639676783,False,False,False,3386.8983451636295
1,2025-02-20 14:30:00+00:00,2025-02-20,2025-02-20 21:00:00+00:00,401222,value_area_bounce,1,6.687857142856956,22148.82,22153.036249999997,22139.96125,22156.958749999998,22146.983333333334,22150.327261904764,22143.639404761903,False,False,False,1610.7051387539648
1,2025-02-20 14:31:00+00:00,2025-02-20,2025-02-20 21:00:00+00:00,401223,value_area_bounce,-1,8.02714285714267,22145.19,22146.49875,22142.57625,22156.958749999998,22147.991149400983,22152.004720829555,22143.97757797241,False,False,False,-1118.1761207189256
1,2025-02-20 15:00:00+00:00,2025-02-20,2025-02-20 21:00:00+00:00,401252,opening_range_breakout,-1,27.317857142856933,21915.44,21998.709583333333,21942.614583333332,22129.597916666666,22065.96262616671,22079.62155473814,22052.303697595282,False,False,False,-10188.256799202652
1,2025-02-20 17:00:00+00:00,2025-02-20,2025-02-20 21:00:00+00:00,401372,value_area_bounce,1,12.50571428571337,21976.69,21984.950208333335,21972.398125,21994.991875,22002.96581896591,22009.218676108765,21996.712961823054,False,False,True,1675.228088686492
1,2025-02-20 17:48:00+00:00,2025-02-20,2025-02-20 21:00:00+00:00,401420,value_area_bounce,-1,8.480714285713995,22012.19,22017.896875,22008.600625,22027.193124999998,22004.085794625265,22008.326151768124,21999.845437482407,False,False,False,-1845.8086623256327
1,2025-02-20 18:24:00+00:00,2025-02-20,2025-02-20 21:00:00+00:00,401456,value_area_bounce,1,8.922142857142587,21977.19,22004.424375,21972.455625,22007.330625,22003.053247468084,22007.514318896654,21998.592176039514,False,False,False,950.5832881872132
1,2025-02-20 18:25:00+00:00,2025-02-20,2025-02-20 21:00:00+00:00,401457,value_area_bounce,1,9.13571428571387,21982.44,22004.424375,21972.455625,22007.330625,22002.994709320843,22007.5625664637,21998.426852177985,False,False,False,1599.3474941530803
1,2025-02-20 18:41:00+00:00,2025-02-20,2025-02-20 21:00:00+00:00,401473,value_area_bounce,-1,8.392857142857142,21987.44,21987.41375,21979.683749999997,21997.07625,22002.65296079576,22006.849389367188,21998.456532224332,False,False,False,-1618.0271893513045
1,2025-02-20 19:42:00+00:00,2025-02-20,2025-02-20 21:00:00+00:00,401534,value_area_bounce,1,8.682857142856717,22010.32,22034.993333333332,22007.126666666667,22046.14,22003.723507864936,22008.064936436363,21999.382079293508,False,False,False,758.5238564060126
1,2025-02-20 20:25:00+00:00,2025-02-20,2025-02-20 21:00:00+00:00,401577,value_area_bounce,1,9.843571428571002,22042.44,22054.179375,22033.398125,22057.148125,22006.526953416767,22011.448739131054,22001.60516770248,False,False,False,30.099478883924405
1,2025-02-21 14:43:00+00:00,2025-02-21,2025-02-21 21:00:00+00:00,402615,value_area_bounce,1,24.142857142857142,22063.76,22057.686041666668,22040.392291666663,22109.567291666666,22079.46643985774,22091.537868429168,22067.395011286313,False,False,False,1012.6117217115905
1,2025-02-21 15:00:00+00:00,2025-02-21,2025-02-21 21:00:00+00:00,402632,value_area_bounce,1,22.61357142857014,22028.140000000003,22047.90625,22022.709583333337,22092.00041666667,22068.12928130821,22079.436067022496,22056.822495593926,False,False,False,1590.444696312452
1,2025-02-21 15:15:00+00:00,2025-02-21,2025-02-21 21:00:00+00:00,402647,value_area_bounce,1,21.019285714284965,22022.01,22047.717500000002,22018.9375,22083.6925,22054.26715679785,22064.776799654992,22043.75751394071,False,False,False,1660.5208456402459
1,2025-02-21 16:26:00+00:00,2025-02-21,2025-02-21 21:00:00+00:00,402718,value_area_bounce,-1,14.642857142857142,21926.26,21922.728541666667,21911.649791666667,21944.88604166667,21995.14673799266,22002.46816656409,21987.825309421234,False,False,False,-3275.3657641031696
1,2025-02-21 18:07:00+00:00,2025-02-21,2025-02-21 21:00:00+00:00,402819,value_area_bounce,1,13.616428571428903,21764.01,21822.426458333335,21759.991458333338,21843.238125,21952.711250035074,21959.519464320787,21945.90303574936,False,False,False,1302.7059714848194
1,2025-02-21 18:15:00+00:00,2025-02-21,2025-02-21 21:00:00+00:00,402827,value_area_bounce,1,15.79357142857043,21773.51,21820.415416666667,21763.93291666667,21864.34625,21943.768356072047,21951.665141786332,21935.87157035776,False,False,False,6784.344431523488
1,2025-02-21 19:50:00+00:00,2025-02-21,2025-02-21 21:00:00+00:00,402922,value_area_bounce,1,15.776428571428239,21642.26,21697.034583333334,21629.006250000002,21716.47125,21875.50640879086,21883.394623076576,21867.618194505147,False,False,False,513.6220428697457
1,2025-02-21 20:31:00+00:00,2025-02-21,2025-02-21 21:00:00+00:00,402963,value_area_bounce,-1,13.53714285714211,21631.51,21637.504375,21623.833958333336,21641.410208333335,21853.647471151682,21860.416042580255,21846.87889972311,False,False,False,-239.57727689726153
1,2025-02-21 20:51:00+00:00,2025-02-21,2025-02-21 21:00:00+00:00,402983,value_area_bounce,1,13.098571428571761,21632.26,21638.99958333333,21624.87458333333,21643.707916666666,21844.613784983725,21851.16307069801,21838.06449926944,False,False,False,1844.941853696992
1,2025-02-21 20:58:00+00:00,2025-02-21,2025-02-21 21:00:00+00:00,402990,value_area_bounce,1,13.908571428572552,21631.51,21638.99958333333,21624.87458333333,21646.06208333333,21840.37125169506,21847.32553740935,21833.416965980774,False,False,False,4078.8347148020857
1,2025-02-24 14:44:00+00:00,2025-02-24,2025-02-24 21:00:00+00:00,403981,value_area_bounce,1,23.882857142857706,21659.480000000003,21654.4725,21634.3725,21704.722500000003,21674.56978428388,21686.511212855312,21662.62835571245,False,False,False,4399.980596826508
1,2025-02-24 15:01:00+00:00,2025-02-24,2025-02-24 21:00:00+00:00,403998,opening_range_breakout,-1,26.96142857143007,21465.86,21664.052916666667,21613.948750000003,21724.177916666667,21624.03270392303,21637.513418208742,21610.551989637315,False,False,False,-14258.47341624504
1,2025-02-24 15:12:00+00:00,2025-02-24,2025-02-24 21:00:00+00:00,404009,value_area_bounce,1,31.259285714287085,21494.480000000003,21650.389375,21483.120625000003,21726.420625000006,21570.051506558673,21585.681149415817,21554.42186370153,False,False,False,9286.210060336722
1,2025-02-24 16:50:00+00:00,2025-02-24,2025-02-24 21:00:00+00:00,404107,value_area_bounce,-1,17.785714285714285,21538.230000000003,21477.465000000004,21428.425000000003,21538.765000000003,21515.516780973878,21524.409638116736,21506.62392383102,False,False,False,-2867.939567205428
1,2025-02-24 17:07:00+00:00,2025-02-24,2025-02-24 21:00:00+00:00,404124,value_area_bounce,1,16.519285714286525,21551.11,21550.021666666667,21529.605000000003,21562.271666666667,21517.04772688159,21525.30736973873,21508.788084024447,False,False,False,3596.459486963213
1,2025-02-24 18:05:00+00:00,2025-02-24,2025-02-24 21:00:00+00:00,404182,value_area_bounce,1,12.647857142857642,21561.980000000003,21560.34875,21560.34875,21585.991250000003,21524.099452961447,21530.423381532877,21517.775524390017,False,False,False,3430.376264881917
1,2025-02-24 20:20:00+00:00,2025-02-24,2025-02-24 21:00:00+00:00,404317,value_area_bounce,1,11.741428571428385,21502.36,21513.115625000002,21490.07229166667,21515.99604166667,21528.140746471458,21534.01146075717,21522.270032185745,False,False,False,5063.2563296556855
1,2025-02-24 20:32:00+00:00,2025-02-24,2025-02-24 21:00:00+00:00,404329,value_area_bounce,1,14.437857142856956,21493.730000000003,21493.313333333335,21488.88666666667,21513.233333333337,21527.089660224716,21534.308588796142,21519.87073165329,False,False,False,522.6786008328504
1,2025-02-25 14:37:00+00:00,2025-02-25,2025-02-25 21:00:00+00:00,405354,value_area_bounce,-1,25.289999999999832,21302.85,21300.326875000002,21285.351875000004,21330.276875000003,21310.754067710222,21323.399067710223,21298.109067710222,False,False,False,-5310.4262640701445
1,2025-02-25 14:39:00+00:00,2025-02-25,2025-02-25 21:00:00+00:00,405356,value_area_bounce,1,28.664285714285143,21327.85,21328.885000000002,21290.25166666667,21328.885000000002,21309.22745431576,21323.5595971729,21294.895311458615,False,False,False,2604.676183821465
1,2025-02-25 14:40:00+00:00,2025-02-25,2025-02-25 21:00:00+00:00,405357,value_area_bounce,-1,30.74428571428481,21293.980000000003,21328.885000000002,21297.978333333336,21328.885000000002,21308.862738266707,21324.234881123848,21293.490595409567,False,False,False,-5496.883430088106
1,2025-02-25 15:33:00+00:00,2025-02-25,2025-02-25 21:00:00+00:00,405410,value_area_bounce,1,30.76642857142724,21016.230000000003,21144.584166666667,20999.292500000003,21184.209166666667,21168.695770382106,21184.07898466782,21153.312556096393,False,False,False,3447.9588185520115
1,2025-02-25 15:34:00+00:00,2025-02-25,2025-02-25 21:00:00+00:00,405411,value_area_bounce,1,28.284999999999336,21020.980000000003,21143.412291666667,20999.151875000003,21182.756041666667,21166.222264145057,21180.364764145055,21152.07976414506,False,False,False,8158.276504465351
1,2025-02-25 16:06:00+00:00,2025-02-25,2025-02-25 21:00:00+00:00,405443,value_area_bounce,1,22.01071428571387,21016.730000000003,21045.303125,21010.960625,21068.198125000003,21133.305603790748,21144.310960933606,21122.30024664789,False,False,False,2912.3442505384796
1,2025-02-25 18:18:00+00:00,2025-02-25,2025-02-25 21:00:00+00:00,405575,value_area_bounce,-1,15.089285714285714,21164.35,21150.44375,21130.527083333334,21180.31875,21113.488405022108,21121.03304787925,21105.943762164967,False,False,False,-3471.6733444430197
1,2025-02-25 18:19:00+00:00,2025-02-25,2025-02-25 21:00:00+00:00,405576,value_area_bounce,-1,15.241428571428903,21161.1,21154.579166666663,21132.2875,21176.870833333334,21113.600536891172,21121.221251176885,21105.97982260546,False,False,False,-3364.5841603822987
1,2025-02-25 18:34:00+00:00,2025-02-25,2025-02-25 21:00:00+00:00,405591,value_area_bounce,1,16.017142857142193,21136.1,21148.016666666663,21128.683333333334,21181.85,21114.800098275555,21122.808669704125,21106.791526846984,False,False,False,904.1910649132335
1,2025-02-25 19:30:00+00:00,2025-02-25,2025-02-25 21:00:00+00:00,405647,value_area_bounce,1,14.290714285713745,21096.6,21142.365625,21088.353125,21158.569375,21117.63705821101,21124.782415353868,21110.491701068153,False,False,False,1592.3825784036994
1,2025-02-25 19:45:00+00:00,2025-02-25,2025-02-25 21:00:00+00:00,405662,value_area_bounce,-1,18.499285714285048,21130.35,21104.109375,21076.800624999996,21143.121875000004,21118.09474617698,21127.344389034122,21108.845103319836,False,False,False,-4271.618186115613
1,2025-02-25 20:02:00+00:00,2025-02-25,2025-02-25 21:00:00+00:00,405679,value_area_bounce,-1,13.471428571426909,21149.85,21154.2875,21103.9125,21162.0375,21119.21189016079,21125.947604446505,21112.476175875076,False,False,False,-664.9353762983089
1,2025-02-25 20:30:00+00:00,2025-02-25,2025-02-25 21:00:00+00:00,405707,value_area_bounce,-1,17.689285714287376,21164.980000000003,21155.547916666663,21139.464583333334,21171.63125,21122.12282862548,21130.967471482625,21113.278185768337,False,False,False,-3006.178199274933
1,2025-02-25 20:35:00+00:00,2025-02-25,2025-02-25 21:00:00+00:00,405712,value_area_bounce,-1,16.617857142858806,21162.35,21155.547916666663,21143.485416666663,21171.63125,21122.619351100104,21130.928279671534,21114.310422528673,False,False,False,-555.4388759308088
1,2025-02-25 20:57:00+00:00,2025-02-25,2025-02-25 21:00:00+00:00,405734,value_area_bounce,1,18.8978571428566,21116.35,21169.63125,21110.672916666663,21175.527083333334,21122.182226683064,21131.631155254494,21112.733298111634,False,False,False,2262.448656284743
1,2025-02-26 14:31:00+00:00,2025-02-26,2025-02-26 21:00:00+00:00,406728,value_area_bounce,1,18.007857142857706,21193.18,21160.721666666665,21150.088333333333,21224.521666666667,21169.767231031088,21178.77115960252,21160.763302459658,False,False,False,359.38773101100287
1,2025-02-26 14:35:00+00:00,2025-02-26,2025-02-26 21:00:00+00:00,406732,value_area_bounce,1,21.812142857143044,21170.050000000003,21163.36125,21148.84875,21211.73625,21168.3032892953,21179.20936072387,21157.39721786673,False,False,False,8300.480954378496
1,2025-02-26 14:42:00+00:00,2025-02-26,2025-02-26 21:00:00+00:00,406739,value_area_bounce,-1,30.455000000000187,21166.68,21161.589375,21145.447708333333,21205.978958333333,21182.634306376505,21197.861806376506,21167.406806376504,False,False,False,-5425.439754553331
1,2025-02-26 15:28:00+00:00,2025-02-26,2025-02-26 21:00:00+00:00,406785,value_area_bounce,-1,18.550000000000313,21253.93,21256.320625,21174.851875,21263.726875,21231.236704636285,21240.511704636287,21221.961704636284,False,False,False,-5127.015098413671
1,2025-02-26 15:39:00+00:00,2025-02-26,2025-02-26 21:00:00+00:00,406796,value_area_bounce,-1,22.169285714285902,21275.68,21255.08625,21220.52375,21279.77375,21236.80479134783,21247.88943420497,21225.720148490687,False,False,False,-863.1740961534078
1,2025-02-26 17:02:00+00:00,2025-02-26,2025-02-26 21:00:00+00:00,406879,value_area_bounce,1,13.69571428571466,21324.18,21336.690416666665,21311.52375,21342.982083333336,21271.344770002255,21278.192627145112,21264.4969128594,False,False,False,3356.157375313038
1,2025-02-26 17:18:00+00:00,2025-02-26,2025-02-26 21:00:00+00:00,406895,value_area_bounce,-1,13.71142857142851,21322.300000000003,21320.96125,21302.08625,21339.83625,21274.778809646486,21281.6345239322,21267.923095360773,False,False,False,-399.6931547884501
1,2025-02-26 17:26:00+00:00,2025-02-26,2025-02-26 21:00:00+00:00,406903,value_area_bounce,1,15.977857142857829,21320.550000000003,21327.252916666665,21314.669583333336,21346.127916666665,21276.735221554678,21284.72415012611,21268.746292983247,False,False,False,570.2614600314988
1,2025-02-26 17:28:00+00:00,2025-02-26,2025-02-26 21:00:00+00:00,406905,value_area_bounce,1,17.022857142857642,21323.93,21327.252916666665,21314.669583333336,21346.127916666665,21277.079276761517,21285.590705332947,21268.567848190087,False,False,False,1373.630402215832
1,2025-02-26 17:29:00+00:00,2025-02-26,2025-02-26 21:00:00+00:00,406906,value_area_bounce,1,17.665714285714785,21330.93,21320.96125,21314.669583333336,21342.982083333336,21277.337039547056,21286.169896689913,21268.5041824042,False,False,False,1765.6190546981015
1,2025-02-26 18:17:00+00:00,2025-02-26,2025-02-26 21:00:00+00:00,406954,value_area_bounce,1,17.427142857142048,21168.18,21190.030625,21157.71895833333,21278.887708333335,21269.10460205448,21277.818173483054,21260.39103062591,False,False,False,1246.6111157765263
1,2025-02-26 19:10:00+00:00,2025-02-26,2025-02-26 21:00:00+00:00,407007,value_area_bounce,1,18.508571428571617,21039.300000000003,21093.11770833334,21030.534375000003,21132.232291666667,21241.448266359286,21250.702552073573,21232.193980645,False,False,False,1971.2117907560753
1,2025-02-26 19:16:00+00:00,2025-02-26,2025-02-26 21:00:00+00:00,407013,value_area_bounce,1,18.963571428571804,21048.43,21048.940625000003,21022.14895833334,21115.919791666667,21237.646778265087,21247.12856397937,21228.164992550803,False,False,False,3946.4512657480054
1,2025-02-26 20:06:00+00:00,2025-02-26,2025-02-26 21:00:00+00:00,407063,value_area_bounce,1,16.07714285714298,21075.050000000003,21095.008125,21064.747708333336,21107.976875,21219.61737619037,21227.655947618943,21211.578804761797,False,False,False,2525.108833819097
1,2025-02-27 14:37:00+00:00,2025-02-27,2025-02-27 21:00:00+00:00,408114,value_area_bounce,-1,21.088571428571022,21304.03,21309.296875,21291.221875000003,21318.334375,21308.77570967907,21319.319995393354,21298.231423964786,False,False,False,-43.891758937611485
1,2025-02-27 15:00:00+00:00,2025-02-27,2025-02-27 21:00:00+00:00,408137,opening_range_breakout,-1,40.513571428572114,20887.15,21313.478124999998,21121.063125,21329.512708333332,21159.588366923053,21179.84515263734,21139.331581208768,False,False,False,-15910.585689500997
1,2025-02-27 15:12:00+00:00,2025-02-27,2025-02-27 21:00:00+00:00,408149,value_area_bounce,1,43.54928571428614,21000.28,21307.24875,20984.24875,21327.43625,21089.544305070132,21111.318947927277,21067.769662212988,False,False,False,11508.640788196191
1,2025-02-27 17:00:00+00:00,2025-02-27,2025-02-27 21:00:00+00:00,408257,value_area_bounce,1,18.024999999999118,20961.4,21030.285208333335,20954.82979166667,21057.723541666666,21058.36370830137,21067.37620830137,21049.35120830137,False,False,False,1705.5209322834546
1,2025-02-27 17:20:00+00:00,2025-02-27,2025-02-27 21:00:00+00:00,408277,value_area_bounce,1,18.108571428571718,20935.15,20972.213541666668,20927.730208333334,21027.817708333336,21052.307031958506,21061.361317672792,21043.25274624422,False,False,False,2825.3441020238442
1,2025-02-27 17:31:00+00:00,2025-02-27,2025-02-27 21:00:00+00:00,408288,value_area_bounce,-1,16.756428571428064,21008.78,20965.3275,20943.3075,21009.3675,21049.808722330254,21058.186936615966,21041.43050804454,False,False,False,-434.2832162485827
1,2025-02-27 17:53:00+00:00,2025-02-27,2025-02-27 21:00:00+00:00,408310,value_area_bounce,-1,19.11499999999978,20988.9,20965.5825,20940.5575,20990.6075,21045.982745571906,21055.540245571905,21036.425245571907,False,False,False,-1134.8193324231029
1,2025-02-27 18:53:00+00:00,2025-02-27,2025-02-27 21:00:00+00:00,408370,value_area_bounce,1,13.874285714286088,21040.65,21053.811458333337,21027.926041666666,21068.603125,21044.10994617631,21051.047089033455,21037.17280331917,False,False,False,3668.711776391645
1,2025-02-27 19:22:00+00:00,2025-02-27,2025-02-27 21:00:00+00:00,408399,value_area_bounce,1,16.18928571428582,20925.4,20998.488125,20911.621041666665,21038.580625000002,21039.72129291975,21047.815935776893,21031.626650062604,False,False,False,6081.573598271783
1,2025-02-27 20:22:00+00:00,2025-02-27,2025-02-27 21:00:00+00:00,408459,value_area_bounce,1,20.604285714285393,20714.28,20805.080416666668,20711.036249999997,20812.314583333333,20993.615056655348,21003.91719951249,20983.312913798207,False,False,False,5209.749096078893
1,2025-02-28 14:41:00+00:00,2025-02-28,2025-02-28 21:00:00+00:00,409498,value_area_bounce,-1,45.172142857142845,20504.82,20533.838750000003,20435.78041666667,20540.84291666667,20495.96282687968,20518.54889830825,20473.37675545111,False,False,False,-7075.247680994833
1,2025-02-28 14:47:00+00:00,2025-02-28,2025-02-28 21:00:00+00:00,409504,value_area_bounce,-1,46.41000000000037,20531.27,20521.77,20422.103333333333,20544.77,20513.241896313408,20536.44689631341,20490.036896313406,False,False,False,-13156.026611421516
1,2025-02-28 14:49:00+00:00,2025-02-28,2025-02-28 21:00:00+00:00,409506,value_area_bounce,-1,44.92642857142865,20547.9,20537.103333333333,20514.103333333333,20575.43666666667,20518.031210417997,20540.494424703713,20495.567996132282,False,False,False,-12441.678851679522
1,2025-02-28 14:52:00+00:00,2025-02-28,2025-02-28 21:00:00+00:00,409509,value_area_bounce,-1,42.31142857142887,20544.27,20537.103333333333,20521.77,20575.43666666667,20522.967798023667,20544.12351230938,20501.812083737954,False,False,False,-4885.944269929285
1,2025-02-28 15:04:00+00:00,2025-02-28,2025-02-28 21:00:00+00:00,409521,value_area_bounce,1,39.697142857143,20565.77,20551.390625,20519.118958333333,20575.594375,20530.101171210055,20549.949742638626,20510.252599781485,False,False,False,4210.9307883530055
1,2025-02-28 15:05:00+00:00,2025-02-28,2025-02-28 21:00:00+00:00,409522,value_area_bounce,-1,39.465000000000146,20537.65,20551.390625,20519.118958333333,20575.594375,20530.450584081012,20550.183084081014,20510.71808408101,False,False,False,-5879.3164815128985
1,2025-02-28 15:06:00+00:00,2025-02-28,2025-02-28 21:00:00+00:00,409523,value_area_bounce,1,40.33642857142877,20569.9,20551.390625,20519.118958333333,20575.594375,20531.191428163005,20551.35964244872,20511.02321387729,False,False,False,2223.639654305223
1,2025-02-28 17:07:00+00:00,2025-02-28,2025-02-28 21:00:00+00:00,409644,value_area_bounce,1,17.415714285714266,20649.02,20690.903333333335,20635.39,20690.903333333335,20609.23208335353,20617.939940496388,20600.524226210673,False,False,False,2284.6879132188315
1,2025-02-28 17:34:00+00:00,2025-02-28,2025-02-28 21:00:00+00:00,409671,value_area_bounce,1,19.840714285714576,20642.4,20653.65541666667,20628.134583333333,20671.884583333333,20613.137588207897,20623.057945350756,20603.21723106504,False,False,False,1174.8503548760505
1,2025-02-28 17:53:00+00:00,2025-02-28,2025-02-28 21:00:00+00:00,409690,value_area_bounce,1,24.51571428571463,20577.15,20636.3525,20570.3125,20669.372499999998,20610.714732477438,20622.972589620294,20598.45687533458,False,False,False,3493.801609364302
1,2025-02-28 18:26:00+00:00,2025-02-28,2025-02-28 21:00:00+00:00,409723,value_area_bounce,1,27.966428571428747,20489.9,20517.135625000003,20481.810625,20587.785625,20596.932925424266,20610.91613970998,20582.94971113855,False,False,False,6041.793938182788
1,2025-02-28 18:40:00+00:00,2025-02-28,2025-02-28 21:00:00+00:00,409737,value_area_bounce,-1,26.97928571428591,20589.9,20514.016875,20500.31270833333,20596.241875,20595.068872818476,20608.55851567562,20581.57922996133,False,False,False,-730.9024537785281
1,2025-02-28 19:58:00+00:00,2025-02-28,2025-02-28 21:00:00+00:00,409815,value_area_bounce,-1,18.40857142857099,20646.02,20525.846041666668,20511.585208333334,20647.063125,20592.629332098786,20601.83361781307,20583.425046384502,False,False,False,-2002.696614874264
1,2025-02-28 20:24:00+00:00,2025-02-28,2025-02-28 21:00:00+00:00,409841,value_area_bounce,1,21.242142857143076,20670.9,20697.36375,20649.53041666667,20709.322083333333,20597.648673150547,20608.269744579116,20587.027601721977,False,False,False,2345.169446420991
1,2025-02-28 20:34:00+00:00,2025-02-28,2025-02-28 21:00:00+00:00,409851,value_area_bounce,-1,23.482857142857288,20662.52,20664.420000000002,20637.913333333334,20698.5,20599.819686345323,20611.561114916753,20588.078257773894,False,False,False,-3466.5011327579864
1,2025-03-03 14:34:00+00:00,2025-03-03,2025-03-03 21:00:00+00:00,410856,value_area_bounce,-1,17.37642857142834,21052.7,21050.830208333333,21018.246875,21063.048958333333,21035.72882037088,21044.417034656595,21027.040606085167,False,False,False,-2285.008224760685
1,2025-03-03 14:35:00+00:00,2025-03-03,2025-03-03 21:00:00+00:00,410857,value_area_bounce,-1,19.921428571428415,21024.95,21050.830208333333,21022.31979166667,21063.048958333333,21036.062517839408,21046.02323212512,21026.101803553694,False,False,False,-2426.124698641299
1,2025-03-03 14:45:00+00:00,2025-03-03,2025-03-03 21:00:00+00:00,410867,value_area_bounce,1,36.79428571428564,20937.7,20948.341875000002,20911.285625000004,21037.276875000003,20986.042868259883,21004.440011117025,20967.64572540274,False,False,False,9547.766358594035
1,2025-03-03 15:02:00+00:00,2025-03-03,2025-03-03 21:00:00+00:00,410884,value_area_bounce,1,44.1050000000006,20796.58,20942.672916666666,20777.352083333335,20972.73125,20929.225455980995,20951.277955980997,20907.172955980994,False,False,False,8524.37860969773
1,2025-03-03 15:04:00+00:00,2025-03-03,2025-03-03 21:00:00+00:00,410886,value_area_bounce,1,42.85785714285755,20832.83,20942.672916666666,20792.38125,20972.73125,20920.793760375484,20942.222688946913,20899.364831804054,False,False,False,20873.011727642526
1,2025-03-03 15:37:00+00:00,2025-03-03,2025-03-03 21:00:00+00:00,410919,value_area_bounce,-1,31.482857142857288,20852.33,20812.565625000003,20729.915625,20895.215625,20886.529929771386,20902.271358342816,20870.788501199957,False,False,False,-3040.6022258876847
1,2025-03-03 16:00:00+00:00,2025-03-03,2025-03-03 21:00:00+00:00,410942,value_area_bounce,1,30.802857142856997,20856.08,20895.100000000002,20833.393333333333,20941.38,20885.505725850486,20900.907154421915,20870.104297279056,False,False,False,2841.960003145576
1,2025-03-03 17:50:00+00:00,2025-03-03,2025-03-03 21:00:00+00:00,411052,value_area_bounce,1,17.66857142857121,20875.83,20879.05416666667,20875.595833333333,20906.720833333333,20881.30521333045,20890.139499044737,20872.470927616167,False,False,False,1534.9363686957847
1,2025-03-03 18:41:00+00:00,2025-03-03,2025-03-03 21:00:00+00:00,411103,value_area_bounce,1,23.720714285714557,20652.2,20699.709375,20634.301875,20743.314375,20853.968905440317,20865.829262583175,20842.10854829746,False,False,False,1924.2392127351395
1,2025-03-04 14:30:00+00:00,2025-03-04,2025-03-04 21:00:00+00:00,412232,value_area_bounce,1,22.660714285713766,20301.42,20308.540833333333,20293.7075,20334.49916666667,20297.416666666668,20308.747023809527,20286.08630952381,False,False,False,822.4106988728795
1,2025-03-04 14:31:00+00:00,2025-03-04,2025-03-04 21:00:00+00:00,412233,value_area_bounce,-1,26.419285714285383,20268.54,20308.069375,20293.114375,20330.501875,20293.000102580278,20306.20974543742,20279.790459723135,False,False,False,-10630.577611958044
1,2025-03-04 14:36:00+00:00,2025-03-04,2025-03-04 21:00:00+00:00,412238,value_area_bounce,1,41.18785714285722,20353.42,20282.808125000003,20282.808125000003,20334.456875000003,20284.48572821777,20305.0796567892,20263.89179964634,False,False,False,5202.044036427742
1,2025-03-04 14:49:00+00:00,2025-03-04,2025-03-04 21:00:00+00:00,412251,value_area_bounce,-1,56.47285714285681,20294.42,20281.299375,20281.299375,20351.978541666664,20307.539988581168,20335.776417152596,20279.30356000974,False,False,False,-3405.7234435329465
1,2025-03-04 14:54:00+00:00,2025-03-04,2025-03-04 21:00:00+00:00,412256,value_area_bounce,1,49.56642857142807,20271.42,20281.299375,20253.027708333335,20330.774791666667,20302.479764449563,20327.262978735278,20277.696550163848,False,False,False,3485.376214827368
1,2025-03-04 15:24:00+00:00,2025-03-04,2025-03-04 21:00:00+00:00,412286,value_area_bounce,1,37.063571428571905,20089.67,20287.191874999997,20080.499375,20287.191874999997,20222.443958875043,20240.97574458933,20203.912173160756,False,False,False,3473.939770713178
1,2025-03-04 16:30:00+00:00,2025-03-04,2025-03-04 21:00:00+00:00,412352,value_area_bounce,1,29.5757142857149,20143.67,20170.26375,20118.76375,20183.13875,20187.858589614247,20202.646446757106,20173.070732471388,False,False,False,2049.8479120001166
1,2025-03-04 17:42:00+00:00,2025-03-04,2025-03-04 21:00:00+00:00,412424,value_area_bounce,-1,29.07571428571334,20319.79,20289.325833333332,20220.370833333334,20327.634166666667,20208.76922790212,20223.307085044977,20194.231370759266,False,False,False,-2614.150223271031
1,2025-03-04 17:48:00+00:00,2025-03-04,2025-03-04 21:00:00+00:00,412430,value_area_bounce,-1,28.974999999999323,20351.67,20334.462291666667,20278.918958333335,20383.06270833333,20211.77473373211,20226.262233732108,20197.28723373211,False,False,False,-1370.5168142483167
1,2025-03-04 18:01:00+00:00,2025-03-04,2025-03-04 21:00:00+00:00,412443,value_area_bounce,1,24.084285714285734,20304.04,20335.2325,20285.565833333334,20353.8575,20216.4197918563,20228.461934713443,20204.377648999158,False,False,False,251.9006659425777
1,2025-03-04 18:03:00+00:00,2025-03-04,2025-03-04 21:00:00+00:00,412445,value_area_bounce,1,24.980714285714253,20331.54,20335.2325,20291.774166666662,20353.8575,20217.021502177817,20229.511859320675,20204.531145034958,False,False,False,8522.131787358916
1,2025-03-04 18:05:00+00:00,2025-03-04,2025-03-04 21:00:00+00:00,412447,value_area_bounce,1,26.220714285714816,20335.79,20324.571041666666,20312.435208333332,20367.04645833333,20217.70455197032,20230.814909113178,20204.594194827463,False,False,False,5926.273044897192
1,2025-03-04 19:29:00+00:00,2025-03-04,2025-03-04 21:00:00+00:00,412531,value_area_bounce,-1,24.519999999999918,20531.42,20519.519791666666,20434.048958333333,20553.708124999997,20261.019780439736,20273.279780439734,20248.759780439737,False,False,False,-4363.566947386205
1,2025-03-04 20:30:00+00:00,2025-03-04,2025-03-04 21:00:00+00:00,412592,value_area_bounce,-1,23.73999999999978,20598.42,20574.951458333337,20540.941041666665,20629.368125,20298.460454254477,20310.330454254476,20286.590454254478,False,False,False,-10425.181998182752
1,2025-03-05 14:30:00+00:00,2025-03-05,2025-03-05 21:00:00+00:00,413612,value_area_bounce,1,16.866428571428905,20404.460000000003,20404.059166666666,20389.705833333333,20422.000833333335,20393.22666666667,20401.659880952382,20384.793452380956,False,False,False,6536.818972545894
1,2025-03-05 14:31:00+00:00,2025-03-05,2025-03-05 21:00:00+00:00,413613,value_area_bounce,-1,18.170000000000332,20386.59,20393.294166666667,20389.705833333333,20414.824166666665,20393.943674297,20403.028674297,20384.858674297,False,False,False,-679.1407698051526
1,2025-03-05 14:34:00+00:00,2025-03-05,2025-03-05 21:00:00+00:00,413616,value_area_bounce,1,22.747142857143313,20383.960000000003,20393.294166666667,20375.3525,20422.000833333335,20382.785511331025,20394.159082759597,20371.411939902453,False,False,False,3972.44022800912
1,2025-03-05 14:40:00+00:00,2025-03-05,2025-03-05 21:00:00+00:00,413622,value_area_bounce,1,37.398571428572076,20392.710000000003,20381.002916666668,20368.401250000003,20418.80791666667,20358.45053991057,20377.149825624856,20339.751254196282,False,False,False,6354.241863240196
1,2025-03-05 14:41:00+00:00,2025-03-05,2025-03-05 21:00:00+00:00,413623,value_area_bounce,1,39.05000000000083,20402.460000000003,20381.002916666668,20368.401250000003,20418.80791666667,20361.238103347558,20380.76310334756,20341.713103347556,False,False,False,11910.190481157519
1,2025-03-05 15:05:00+00:00,2025-03-05,2025-03-05 21:00:00+00:00,413647,value_area_bounce,-1,51.155000000001436,20394.59,20375.178958333334,20340.317291666666,20418.756041666664,20356.350008197667,20381.927508197667,20330.772508197668,False,False,False,-4087.2756701292956
1,2025-03-05 15:07:00+00:00,2025-03-05,2025-03-05 21:00:00+00:00,413649,opening_range_breakout,1,52.99071428571603,20458.210000000003,20375.178958333334,20340.317291666666,20418.756041666664,20360.898768876836,20387.394126019695,20334.403411733976,False,False,False,6419.513061285769
1,2025-03-05 15:10:00+00:00,2025-03-05,2025-03-05 21:00:00+00:00,413652,value_area_bounce,-1,48.83928571428727,20412.34,20395.465,20329.548333333332,20414.298333333332,20366.48037042316,20390.900013280305,20342.060727566015,False,False,False,-779.7857231351022
1,2025-03-05 15:11:00+00:00,2025-03-05,2025-03-05 21:00:00+00:00,413653,value_area_bounce,-1,48.56285714285851,20404.84,20395.465,20329.548333333332,20414.298333333332,20367.441078645126,20391.722507216557,20343.159650073696,False,False,False,-6150.950867663183
1,2025-03-05 15:13:00+00:00,2025-03-05,2025-03-05 21:00:00+00:00,413655,value_area_bounce,-1,51.15785714285864,20407.210000000003,20395.465,20329.548333333332,20433.131666666668,20369.91013008332,20395.48905865475,20344.33120151189,False,False,False,-10168.65665526158
1,2025-03-05 15:23:00+00:00,2025-03-05,2025-03-05 21:00:00+00:00,413665,value_area_bounce,1,40.39785714285764,20350.84,20395.465,20329.548333333332,20433.131666666668,20366.497654303075,20386.696582874505,20346.298725731645,False,False,False,5149.076983739052
1,2025-03-05 18:17:00+00:00,2025-03-05,2025-03-05 21:00:00+00:00,413839,value_area_bounce,-1,34.49642857143044,20480.59,20448.77875,20412.37375,20509.45375,20355.102178854395,20372.35039314011,20337.85396456868,False,False,False,-2175.7744430651715
1,2025-03-05 18:20:00+00:00,2025-03-05,2025-03-05 21:00:00+00:00,413842,value_area_bounce,-1,35.596428571429506,20499.34,20448.77875,20430.57625,20509.45375,20356.64793495826,20374.446149243973,20338.849720672544,False,False,False,-5265.256671976029
1,2025-03-05 20:16:00+00:00,2025-03-05,2025-03-05 21:00:00+00:00,413958,value_area_bounce,-1,20.024999999999377,20639.84,20623.855625,20608.136875,20655.293125,20413.319574500478,20423.33207450048,20403.307074500477,False,False,False,-3423.5458489093035
1,2025-03-05 20:20:00+00:00,2025-03-05,2025-03-05 21:00:00+00:00,413962,value_area_bounce,1,23.921428571427636,20627.09,20608.136875,20608.136875,20655.293125,20415.918227036982,20427.878941322695,20403.95751275127,False,False,False,1353.9341083264644
1,2025-03-05 20:23:00+00:00,2025-03-05,2025-03-05 21:00:00+00:00,413965,value_area_bounce,1,28.027857142856583,20612.09,20608.136875,20597.657708333332,20655.293125,20417.487905198566,20431.501833769995,20403.473976627138,False,False,False,3868.5669260072054
1,2025-03-05 20:32:00+00:00,2025-03-05,2025-03-05 21:00:00+00:00,413974,value_area_bounce,-1,27.148571428571554,20623.59,20642.418125,20577.824375,20652.355625,20421.733058843376,20435.307344557663,20408.15877312909,False,False,False,-126.35723651929766
1,2025-03-05 20:51:00+00:00,2025-03-05,2025-03-05 21:00:00+00:00,413993,value_area_bounce,1,21.726428571428446,20606.84,20632.480625,20602.668125,20657.324375,20429.83355819864,20440.696772484353,20418.970343912926,False,False,False,421.4548516864861
1,2025-03-05 20:52:00+00:00,2025-03-05,2025-03-05 21:00:00+00:00,413994,value_area_bounce,1,23.128571428571117,20629.710000000003,20635.949583333335,20615.552916666667,20671.64375,20430.350331048645,20441.91461676293,20418.78604533436,False,False,False,2155.5385328781285
1,2025-03-05 20:59:00+00:00,2025-03-05,2025-03-05 21:00:00+00:00,414001,value_area_bounce,-1,26.811428571429133,20628.56,20635.68916666667,20615.375833333335,20656.002500000002,20434.096539693837,20447.502253979554,20420.69082540812,False,False,False,-1330.8194791778774
1,2025-03-06 14:36:00+00:00,2025-03-06,2025-03-06 21:00:00+00:00,414998,value_area_bounce,1,26.80500000000107,20236.15,20246.207291666666,20212.849791666667,20296.243541666667,20238.203301253223,20251.605801253223,20224.800801253223,False,False,False,15870.472500008595
1,2025-03-06 14:49:00+00:00,2025-03-06,2025-03-06 21:00:00+00:00,415011,value_area_bounce,1,37.16000000000037,20265.77,20250.75833333333,20232.808333333334,20334.525,20247.44023372121,20266.02023372121,20228.860233721207,False,False,False,8989.507298004706
1,2025-03-06 14:57:00+00:00,2025-03-06,2025-03-06 21:00:00+00:00,415019,value_area_bounce,1,32.829285714286016,20256.27,20250.75833333333,20244.775,20304.608333333334,20254.980820038734,20271.395462895878,20238.56617718159,False,False,False,733.4185203522957
1,2025-03-06 15:03:00+00:00,2025-03-06,2025-03-06 21:00:00+00:00,415025,opening_range_breakout,1,34.29500000000059,20325.15,20259.00625,20202.714583333334,20270.264583333334,20258.339922361138,20275.487422361137,20241.19242236114,False,False,False,7217.720955433197
1,2025-03-06 16:15:00+00:00,2025-03-06,2025-03-06 21:00:00+00:00,415097,value_area_bounce,-1,24.160714285714025,20416.52,20417.702083333334,20369.859583333335,20433.649583333336,20347.811535252076,20359.891892394935,20335.731178109218,False,False,False,-2517.7044176170834
1,2025-03-06 16:34:00+00:00,2025-03-06,2025-03-06 21:00:00+00:00,415116,value_area_bounce,1,36.26071428571439,20414.4,20416.260000000002,20383.160000000003,20455.980000000003,20352.869964762387,20371.000321905245,20334.73960761953,False,False,False,2156.074561956997
1,2025-03-06 17:30:00+00:00,2025-03-06,2025-03-06 21:00:00+00:00,415172,value_area_bounce,1,28.417142857143126,20168.4,20315.68875,20161.435416666667,20325.329583333332,20318.49752976371,20332.70610119228,20304.28895833514,False,False,False,2346.164720793855
1,2025-03-06 17:58:00+00:00,2025-03-06,2025-03-06 21:00:00+00:00,415200,value_area_bounce,1,25.270714285714607,20158.27,20146.415208333336,20122.526875,20194.191875,20298.938050664674,20311.573407807533,20286.302693521815,False,False,False,13850.881336971965
1,2025-03-06 19:29:00+00:00,2025-03-06,2025-03-06 21:00:00+00:00,415291,value_area_bounce,1,19.26571428571437,19999.65,20050.259583333333,19984.509583333333,20072.17625,20250.634051229434,20260.26690837229,20241.001194086577,False,False,False,1727.3251772669855
1,2025-03-06 19:58:00+00:00,2025-03-06,2025-03-06 21:00:00+00:00,415320,value_area_bounce,-1,36.76142857142882,20058.02,19995.572083333333,19978.53041666667,20089.30125,20235.34979995779,20253.730514243503,20216.969085672074,False,False,False,-13758.053827077685
1,2025-03-06 20:07:00+00:00,2025-03-06,2025-03-06 21:00:00+00:00,415329,value_area_bounce,-1,36.112142857143354,20064.52,19995.572083333333,19978.53041666667,20080.78041666667,20228.942762081224,20246.998833509795,20210.886690652653,False,False,False,-3723.891700274005
1,2025-03-06 20:48:00+00:00,2025-03-06,2025-03-06 21:00:00+00:00,415370,value_area_bounce,1,26.57642857142907,20050.02,20086.473125,20048.862708333334,20102.591875000002,20211.67245769119,20224.960671976907,20198.384243405475,False,False,False,6841.5496111248485
1,2025-03-06 20:50:00+00:00,2025-03-06,2025-03-06 21:00:00+00:00,415372,value_area_bounce,1,26.906428571428997,20074.27,20086.473125,20048.862708333334,20097.218958333335,20210.785989151056,20224.23920343677,20197.332774865343,False,False,False,13787.872797951617
1,2025-03-06 20:59:00+00:00,2025-03-06,2025-03-06 21:00:00+00:00,415381,value_area_bounce,1,23.465714285714316,20064.870000000003,20078.826666666668,20058.64,20104.06,20207.206427144924,20218.939284287782,20195.473570002065,False,False,False,7693.128261029332
1,2025-03-07 14:30:00+00:00,2025-03-07,2025-03-07 21:00:00+00:00,416372,value_area_bounce,1,18.011428571427523,20037.41,20052.66604166667,20001.582708333335,20097.363958333335,20027.38666666667,20036.392380952384,20018.380952380954,False,False,False,2423.1356621421965
1,2025-03-07 14:38:00+00:00,2025-03-07,2025-03-07 21:00:00+00:00,416380,value_area_bounce,1,32.1428571428561,20070.79,20038.281875,20015.710208333338,20055.210625,20045.070817970936,20061.142246542364,20028.99938939951,False,False,False,14887.457479553803
1,2025-03-07 14:58:00+00:00,2025-03-07,2025-03-07 21:00:00+00:00,416400,value_area_bounce,-1,33.915714285714,20120.41,20036.803125000002,20000.498125000002,20136.641875,20106.396428919474,20123.35428606233,20089.438571776616,False,False,False,-9407.638379997035
1,2025-03-07 17:14:00+00:00,2025-03-07,2025-03-07 21:00:00+00:00,416536,value_area_bounce,1,30.213571428571022,19792.79,19838.733333333334,19776.153333333335,19845.68666666667,19976.08658608024,19991.193371794525,19960.979800365956,False,False,False,4244.749680612609
1,2025-03-07 17:58:00+00:00,2025-03-07,2025-03-07 21:00:00+00:00,416580,value_area_bounce,-1,34.86857142857116,19903.79,19762.465,19749.428333333333,19971.051666666666,19964.375705842114,19981.8099915564,19946.941420127827,False,False,False,-12767.981563931007
1,2025-03-07 19:50:00+00:00,2025-03-07,2025-03-07 21:00:00+00:00,416692,value_area_bounce,1,25.277857142856583,20163.41,20229.748541666668,20159.738125,20236.113125,20004.18103174416,20016.819960315588,19991.54210317273,False,False,False,2523.216706269842
1,2025-03-07 20:32:00+00:00,2025-03-07,2025-03-07 21:00:00+00:00,416734,value_area_bounce,-1,21.942142857142503,20167.79,20165.685,20149.538333333334,20189.905,20018.057921417138,20029.02899284571,20007.086849988566,False,False,False,-2820.694797050579
1,2025-03-07 20:35:00+00:00,2025-03-07,2025-03-07 21:00:00+00:00,416737,value_area_bounce,-1,21.33571428571408,20186.66,20163.69125,20152.37875,20190.087083333332,20018.971703849784,20029.63956099264,20008.303846706927,False,False,False,-4523.731347149462
1,2025-03-07 20:36:00+00:00,2025-03-07,2025-03-07 21:00:00+00:00,416738,value_area_bounce,-1,21.18357142857115,20166.16,20163.69125,20152.37875,20190.087083333332,20019.32225003886,20029.914035753143,20008.730464324573,False,False,False,-4568.2815981319145
1,2025-03-07 20:47:00+00:00,2025-03-07,2025-03-07 21:00:00+00:00,416749,value_area_bounce,1,29.646428571428,20166.41,20177.356874999998,20157.935625,20209.725625,20022.35164873107,20037.174863016782,20007.528434445358,False,False,False,4459.21609344037
1,2025-03-07 20:54:00+00:00,2025-03-07,2025-03-07 21:00:00+00:00,416756,value_area_bounce,1,28.091428571428228,20220.41,20177.356874999998,20157.935625,20209.725625,20024.70583268129,20038.751546967007,20010.660118395575,False,False,False,548.7070819844635
1,2025-03-07 20:59:00+00:00,2025-03-07,2025-03-07 21:00:00+00:00,416761,value_area_bounce,-1,25.862857142857006,20197.41,20176.216875,20137.07729166667,20215.356458333335,20027.429189759525,20040.360618330953,20014.497761188097,False,False,False,-4875.226424784944
1,2025-03-10 13:31:00+00:00,2025-03-10,2025-03-10 20:00:00+00:00,417738,value_area_bounce,1,14.238571428571959,19866.08,19853.666875000003,19853.666875000003,19882.156875,19854.03914545096,19861.158431165244,19846.919859736674,False,False,False,9979.822391931053
1,2025-03-10 13:35:00+00:00,2025-03-10,2025-03-10 20:00:00+00:00,417742,value_area_bounce,1,25.05357142857169,19827.33,19858.60354166667,19820.11104166667,19897.09604166667,19819.67168107734,19832.198466791626,19807.144895363053,False,False,False,11502.70636437774
1,2025-03-10 13:46:00+00:00,2025-03-10,2025-03-10 20:00:00+00:00,417753,value_area_bounce,-1,36.32071428571492,19839.95,19820.11104166667,19768.787708333337,19858.60354166667,19825.61235379265,19843.772710935507,19807.451996649794,False,False,False,-3690.8381353092755
1,2025-03-10 14:11:00+00:00,2025-03-10,2025-03-10 20:00:00+00:00,417778,value_area_bounce,1,29.597142857143417,19699.95,19820.984375,19683.640625,19830.140625,19786.32732621208,19801.12589764065,19771.528754783507,False,False,False,2716.3901180585644
1,2025-03-10 14:15:00+00:00,2025-03-10,2025-03-10 20:00:00+00:00,417782,value_area_bounce,1,27.520714285714867,19709.45,19820.984375,19692.796875,19830.140625,19778.54734902348,19792.30770616634,19764.78699188062,False,False,False,4861.273894807012
1,2025-03-10 14:30:00+00:00,2025-03-10,2025-03-10 20:00:00+00:00,417797,value_area_bounce,1,30.349285714286193,19648.2,19688.947916666664,19637.177083333336,19771.78125,19753.20382956503,19768.378472422173,19738.02918670789,False,False,False,942.8055484115457
1,2025-03-10 15:06:00+00:00,2025-03-10,2025-03-10 20:00:00+00:00,417833,value_area_bounce,1,26.72857142857148,19574.95,19616.210208333334,19559.867708333335,19691.333541666667,19692.73505330948,19706.099339023764,19679.370767595196,False,False,False,4096.251780928229
1,2025-03-10 15:07:00+00:00,2025-03-10,2025-03-10 20:00:00+00:00,417834,value_area_bounce,1,26.88071428571441,19579.2,19617.163125,19564.570625,19687.286458333336,19691.472209170857,19704.912566313713,19678.031852028,False,False,False,4111.823982519094
1,2025-03-10 15:09:00+00:00,2025-03-10,2025-03-10 20:00:00+00:00,417836,value_area_bounce,1,27.491428571428646,19584.83,19614.42375,19554.48625,19665.79875,19689.27447204764,19703.020186333353,19675.528757761927,False,False,False,11250.658066498501
1,2025-03-10 17:53:00+00:00,2025-03-10,2025-03-10 20:00:00+00:00,418000,value_area_bounce,1,20.219285714285693,19436.83,19478.840625,19430.184375,19489.653125,19614.343223273267,19624.45286613041,19604.233580416123,False,False,False,4777.747923299669
1,2025-03-10 17:54:00+00:00,2025-03-10,2025-03-10 20:00:00+00:00,418001,value_area_bounce,1,20.30928571428584,19446.58,19478.840625,19430.184375,19489.653125,19613.811130005834,19623.965772862975,19603.65648714869,False,False,False,6062.950419048913
1,2025-03-10 18:05:00+00:00,2025-03-10,2025-03-10 20:00:00+00:00,418012,value_area_bounce,1,18.75999999999996,19404.58,19440.996875,19403.153125,19478.840625,19608.60850548046,19617.98850548046,19599.22850548046,False,False,False,2280.5385827545906
1,2025-03-10 18:09:00+00:00,2025-03-10,2025-03-10 20:00:00+00:00,418016,value_area_bounce,1,19.053571428571168,19408.7,19416.996875,19404.059375,19481.684375,19606.243167394343,19615.76995310863,19596.716381680057,False,False,False,4075.95307572066
1,2025-03-10 18:30:00+00:00,2025-03-10,2025-03-10 20:00:00+00:00,418037,value_area_bounce,1,18.355000000000082,19431.45,19440.10166666667,19414.881666666668,19448.508333333335,19597.32596912181,19606.503469121813,19588.14846912181,False,False,False,4050.3472699219833
1,2025-03-10 19:14:00+00:00,2025-03-10,2025-03-10 20:00:00+00:00,418081,value_area_bounce,1,25.18500000000001,19323.33,19400.913333333338,19319.246666666666,19425.413333333338,19570.52160152418,19583.114101524177,19557.92910152418,False,False,False,14277.70372289983
1,2025-03-10 19:15:00+00:00,2025-03-10,2025-03-10 20:00:00+00:00,418082,value_area_bounce,1,26.256428571428582,19344.58,19400.913333333338,19319.246666666666,19425.413333333338,19569.566117140344,19582.694331426057,19556.437902854632,False,False,False,18396.26872290025
1,2025-03-11 13:31:00+00:00,2025-03-11,2025-03-11 20:00:00+00:00,419118,value_area_bounce,-1,18.58714285714294,19413.550000000003,19414.07083333333,19395.700833333332,19435.502500000002,19416.414309505835,19425.707880934406,19407.120738077265,False,False,False,-4780.084715798992
1,2025-03-11 13:34:00+00:00,2025-03-11,2025-03-11 20:00:00+00:00,419121,value_area_bounce,1,25.482857142857807,19403.300000000003,19393.628125000003,19393.628125000003,19430.539375,19403.8599024538,19416.60133102523,19391.118473882372,False,False,False,3279.2729580492996
1,2025-03-11 13:35:00+00:00,2025-03-11,2025-03-11 20:00:00+00:00,419122,value_area_bounce,1,27.790000000000873,19408.300000000003,19401.830625000002,19393.628125000003,19430.539375,19403.822320639123,19417.717320639123,19389.927320639123,False,False,False,5613.374754890861
1,2025-03-11 14:02:00+00:00,2025-03-11,2025-03-11 20:00:00+00:00,419149,value_area_bounce,-1,44.889285714285506,19439.47,19400.195208333338,19371.716458333336,19514.11020833334,19480.85429859845,19503.298941455592,19458.409655741307,False,False,False,-8642.516590172068
1,2025-03-11 16:15:00+00:00,2025-03-11,2025-03-11 20:00:00+00:00,419282,value_area_bounce,1,26.48357142857068,19341.67,19433.129374999997,19318.864791666667,19468.28770833333,19418.90787459985,19432.149660314135,19405.666088885562,False,False,False,1958.1692809946899
1,2025-03-11 17:15:00+00:00,2025-03-11,2025-03-11 20:00:00+00:00,419342,value_area_bounce,1,20.681428571429155,19279.550000000003,19272.673125,19259.510625000003,19364.810625,19404.461250929642,19414.801965215356,19394.120536643928,False,False,False,1426.7391144169742
1,2025-03-11 17:39:00+00:00,2025-03-11,2025-03-11 20:00:00+00:00,419366,value_area_bounce,1,22.31071428571574,19228.92,19273.581458333334,19210.164791666662,19305.289791666662,19390.13957205387,19401.29492919673,19378.98421491101,False,False,False,3278.5884596875376
1,2025-03-11 19:02:00+00:00,2025-03-11,2025-03-11 20:00:00+00:00,419449,value_area_bounce,-1,28.981428571428946,19545.67,19485.533125,19436.339374999996,19583.920625,19411.107021227126,19425.59773551284,19396.61630694141,False,False,False,-10186.257517019185
1,2025-03-11 19:20:00+00:00,2025-03-11,2025-03-11 20:00:00+00:00,419467,value_area_bounce,1,34.26642857142828,19563.17,19634.71854166667,19550.294791666667,19644.098958333336,19422.48124599539,19439.614460281104,19405.348031709676,False,False,False,6116.514559734746
1,2025-03-11 19:35:00+00:00,2025-03-11,2025-03-11 20:00:00+00:00,419482,value_area_bounce,1,33.119285714286626,19536.42,19533.689583333333,19503.09291666667,19610.18125,19427.935259610134,19444.49490246728,19411.37561675299,False,False,False,2742.878107122726
1,2025-03-12 13:37:00+00:00,2025-03-12,2025-03-12 20:00:00+00:00,420504,value_area_bounce,-1,27.477142857142617,19702.84,19732.020416666666,19678.130416666667,19732.020416666666,19715.397414556563,19729.135985985133,19701.658843127992,False,False,False,-9776.572956984772
1,2025-03-12 13:45:00+00:00,2025-03-12,2025-03-12 20:00:00+00:00,420512,value_area_bounce,1,37.11428571428509,19703.22,19730.169166666667,19688.394166666665,19734.810833333333,19717.974790748096,19736.531933605238,19699.417647890954,False,False,False,2018.9087790857147
1,2025-03-12 14:05:00+00:00,2025-03-12,2025-03-12 20:00:00+00:00,420532,value_area_bounce,1,40.85285714285653,19661.59,19731.69104166667,19641.651458333334,19739.876458333332,19673.229141376105,19693.655569947532,19652.802712804678,False,False,False,3602.2935897613447
1,2025-03-12 15:23:00+00:00,2025-03-12,2025-03-12 20:00:00+00:00,420610,value_area_bounce,1,25.767142857142712,19476.97,19509.578333333335,19442.408333333333,19539.431666666667,19594.31495557264,19607.198527001212,19581.43138414407,False,False,False,1354.6817388865384
1,2025-03-12 16:40:00+00:00,2025-03-12,2025-03-12 20:00:00+00:00,420687,value_area_bounce,-1,19.927142857143085,19641.47,19603.574375,19557.855625,19668.886875,19597.003113292525,19606.966684721097,19587.039541863953,False,False,False,-6571.948006015116
1,2025-03-12 17:05:00+00:00,2025-03-12,2025-03-12 20:00:00+00:00,420712,value_area_bounce,1,24.314285714285298,19620.59,19610.018750000003,19595.191250000003,19669.32875,19600.537420660068,19612.694563517212,19588.380277802924,False,False,False,4589.127553736647
1,2025-03-12 17:39:00+00:00,2025-03-12,2025-03-12 20:00:00+00:00,420746,value_area_bounce,-1,16.84785714285707,19656.84,19636.803125,19587.790625,19671.111875000002,19605.367881669277,19613.791810240706,19596.94395309785,False,False,False,-2559.893395049679
1,2025-03-12 18:10:00+00:00,2025-03-12,2025-03-12 20:00:00+00:00,420777,value_area_bounce,1,20.818571428571367,19568.34,19667.7425,19565.974166666667,19691.2275,19603.67958444302,19614.088870157306,19593.270298728734,False,False,False,702.9245051180692
1,2025-03-12 18:55:00+00:00,2025-03-12,2025-03-12 20:00:00+00:00,420822,value_area_bounce,-1,15.02714285714293,19625.47,19586.14125,19532.68125,19626.23625,19604.987636469134,19612.501207897705,19597.474065040562,False,False,False,-4232.107778949996
1,2025-03-12 19:06:00+00:00,2025-03-12,2025-03-12 20:00:00+00:00,420833,value_area_bounce,1,21.5985714285715,19631.72,19624.891875,19610.485625,19668.110625,19605.80388686952,19616.603172583804,19595.004601155233,False,False,False,5435.764242254454
1,2025-03-12 19:20:00+00:00,2025-03-12,2025-03-12 20:00:00+00:00,420847,value_area_bounce,-1,18.197142857143003,19632.72,19631.188333333335,19606.968333333334,19643.298333333332,19606.452437281074,19615.551008709645,19597.353865852503,False,False,False,-649.4502752212381
1,2025-03-12 19:28:00+00:00,2025-03-12,2025-03-12 20:00:00+00:00,420855,value_area_bounce,1,20.94499999999971,19619.72,19629.042916666665,19619.334583333337,19663.022083333337,19606.390209695026,19616.862709695026,19595.917709695026,False,False,False,714.2302271124952
1,2025-03-12 19:48:00+00:00,2025-03-12,2025-03-12 20:00:00+00:00,420875,value_area_bounce,1,19.813571428571645,19594.59,19632.195,19590.568333333336,19647.805,19605.487737028187,19615.394522742474,19595.5809513139,False,False,False,4730.3788967504815
1,2025-03-12 19:53:00+00:00,2025-03-12,2025-03-12 20:00:00+00:00,420880,value_area_bounce,1,22.129285714286066,19582.97,19631.872916666667,19581.282083333335,19641.07125,19604.958779521163,19616.023422378305,19593.89413666402,False,False,False,3757.5942612285594
1,2025-03-12 19:54:00+00:00,2025-03-12,2025-03-12 20:00:00+00:00,420881,value_area_bounce,1,24.072142857143003,19604.47,19629.737500000003,19580.292500000003,19638.7275,19604.931933652755,19616.968005081326,19592.895862224184,False,False,False,5694.492597609808
1,2025-03-12 19:59:00+00:00,2025-03-12,2025-03-12 20:00:00+00:00,420886,value_area_bounce,-1,24.79357142857121,19593.34,19580.292500000003,19539.8375,19611.7575,19604.924106348833,19617.32089206312,19592.52732063455,False,False,False,-6716.986574015719
1,2025-03-13 13:32:00+00:00,2025-03-13,2025-03-13 20:00:00+00:00,421879,value_area_bounce,-1,16.42357142857145,19535.870000000003,19536.277083333334,19522.860416666663,19556.402083333334,19538.803069880112,19547.014855594396,19530.59128416583,False,False,False,-9259.585391050825
1,2025-03-13 13:38:00+00:00,2025-03-13,2025-03-13 20:00:00+00:00,421885,value_area_bounce,1,31.70071428571412,19527.620000000003,19535.4725,19523.0375,19568.6325,19524.814063192684,19540.66442033554,19508.963706049828,False,False,False,2766.197313315537
1,2025-03-13 14:06:00+00:00,2025-03-13,2025-03-13 20:00:00+00:00,421913,value_area_bounce,1,34.6221428571428,19418.25,19513.98333333333,19414.38333333333,19547.183333333334,19458.390635560663,19475.701706989235,19441.07956413209,False,False,False,17970.977115190428
1,2025-03-13 14:07:00+00:00,2025-03-13,2025-03-13 20:00:00+00:00,421914,value_area_bounce,1,34.77357142857155,19424.120000000003,19513.98333333333,19414.38333333333,19547.183333333334,19457.359193441465,19474.745979155752,19439.97240772718,False,False,False,18033.96311158228
1,2025-03-13 16:02:00+00:00,2025-03-13,2025-03-13 20:00:00+00:00,422029,value_area_bounce,1,22.43571428571522,19295.75,19368.336875,19295.204375,19373.560625000002,19421.15604707216,19432.37390421502,19409.9381899293,False,False,False,1396.9991791016487
1,2025-03-13 16:30:00+00:00,2025-03-13,2025-03-13 20:00:00+00:00,422057,value_area_bounce,1,19.88714285714273,19309.870000000003,19297.38125,19278.11125,19316.651250000003,19408.285552211026,19418.229123639598,19398.341980782454,False,False,False,3178.606202816742
1,2025-03-13 16:44:00+00:00,2025-03-13,2025-03-13 20:00:00+00:00,422071,value_area_bounce,-1,21.979999999999563,19308.0,19291.68833333333,19278.178333333333,19314.204999999998,19404.90030867311,19415.890308673108,19393.910308673112,False,False,False,-6105.425603467513
1,2025-03-13 16:45:00+00:00,2025-03-13,2025-03-13 20:00:00+00:00,422072,value_area_bounce,-1,22.721428571427946,19290.120000000003,19291.68833333333,19278.178333333333,19314.204999999998,19404.483573244146,19415.84428752986,19393.12285895843,False,False,False,-6949.796537812711
1,2025-03-13 17:50:00+00:00,2025-03-13,2025-03-13 20:00:00+00:00,422137,value_area_bounce,1,16.36428571428665,19186.0,19181.49125,19163.66375,19217.14625,19374.652535527657,19382.8346783848,19366.470392670515,False,False,False,3879.938981021446
1,2025-03-13 19:04:00+00:00,2025-03-13,2025-03-13 20:00:00+00:00,422211,value_area_bounce,-1,22.514285714286025,19333.75,19330.995000000003,19294.245000000003,19351.995000000003,19361.638547255894,19372.895690113037,19350.38140439875,False,False,False,-11.165797915474286
1,2025-03-14 13:30:00+00:00,2025-03-14,2025-03-14 20:00:00+00:00,423257,value_area_bounce,1,10.513571428571854,19470.06,19484.235,19459.735,19494.035,19459.52,19464.776785714286,19454.263214285715,False,False,False,7350.482885926074
1,2025-03-14 13:55:00+00:00,2025-03-14,2025-03-14 20:00:00+00:00,423282,value_area_bounce,-1,20.768571428571054,19571.69,19572.803125000002,19516.346458333333,19593.974375,19545.44978519207,19555.834070906356,19535.065499477787,False,False,False,-3651.7132986228453
1,2025-03-14 14:05:00+00:00,2025-03-14,2025-03-14 20:00:00+00:00,423292,value_area_bounce,1,30.67500000000005,19529.44,19570.163125,19509.013124999998,19593.094375,19535.996624407515,19551.334124407516,19520.659124407513,False,False,False,12418.04414463718
1,2025-03-14 17:51:00+00:00,2025-03-14,2025-03-14 20:00:00+00:00,423518,value_area_bounce,1,12.48285714285677,19630.69,19664.006875,19623.962291666667,19671.287708333333,19576.535262101148,19582.776690672577,19570.29383352972,False,False,False,4744.599386202945
1,2025-03-14 18:30:00+00:00,2025-03-14,2025-03-14 20:00:00+00:00,423557,value_area_bounce,1,13.294285714285902,19631.69,19615.65875,19613.09625,19631.03375,19580.7044803325,19587.351623189643,19574.05733747536,False,False,False,339.1025968863023
1,2025-03-14 18:55:00+00:00,2025-03-14,2025-03-14 20:00:00+00:00,423582,value_area_bounce,-1,11.532857142856821,19650.56,19617.35145833333,19598.341041666667,19662.97645833333,19584.141477622827,19589.907906194254,19578.3750490514,False,False,False,-1075.1996962599644
1,2025-03-14 19:37:00+00:00,2025-03-14,2025-03-14 20:00:00+00:00,423624,value_area_bounce,1,10.535000000000375,19662.94,19660.08645833333,19657.571041666666,19680.209791666668,19590.503338177474,19595.770838177476,19585.235838177472,False,False,False,1780.275178863768
1,2025-03-17 13:31:00+00:00,2025-03-17,2025-03-17 20:00:00+00:00,424623,value_area_bounce,1,11.557857142856458,19708.31,19684.917500000003,19677.127500000002,19743.3425,19691.023647036185,19696.802575607613,19685.244718464757,False,False,False,5030.136184685479
1,2025-03-17 13:47:00+00:00,2025-03-17,2025-03-17 20:00:00+00:00,424639,value_area_bounce,-1,23.084999999999646,19792.56,19807.3925,19697.925833333335,19807.3925,19769.40200551988,19780.94450551988,19757.859505519882,False,False,False,-11531.420925084542
1,2025-03-17 14:55:00+00:00,2025-03-17,2025-03-17 20:00:00+00:00,424707,value_area_bounce,1,21.285714285714285,19687.31,19728.856875,19670.002708333333,19770.05479166667,19752.755847255525,19763.398704398383,19742.112990112666,False,False,False,1644.5181245613594
1,2025-03-17 14:59:00+00:00,2025-03-17,2025-03-17 20:00:00+00:00,424711,value_area_bounce,1,19.630714285714152,19678.06,19709.481875,19667.55479166667,19769.377708333333,19749.89489840886,19759.710255551716,19740.079541266005,False,False,False,4520.6705000553375
1,2025-03-17 17:00:00+00:00,2025-03-17,2025-03-17 20:00:00+00:00,424832,value_area_bounce,-1,14.249285714285568,19674.81,19662.435,19662.435,19696.185,19720.329261285653,19727.453904142796,19713.20461842851,False,False,False,-1286.7630336884786
1,2025-03-17 18:53:00+00:00,2025-03-17,2025-03-17 20:00:00+00:00,424945,value_area_bounce,-1,12.21142857142851,19934.18,19921.77375,19867.96125,19939.71125,19738.72214068417,19744.827854969884,19732.616426398457,False,False,False,-4826.11253428008
1,2025-03-17 19:12:00+00:00,2025-03-17,2025-03-17 20:00:00+00:00,424964,value_area_bounce,1,13.562142857142785,19916.06,19924.8725,19901.830833333333,19931.455833333333,19744.88920215692,19751.67027358549,19738.10813072835,False,False,False,286.4155884245438
1,2025-03-17 19:13:00+00:00,2025-03-17,2025-03-17 20:00:00+00:00,424965,value_area_bounce,1,13.875,19912.31,19922.84125,19900.34125,19931.27875,19745.169595190953,19752.107095190953,19738.232095190953,False,False,False,1044.7605649106736
1,2025-03-17 19:14:00+00:00,2025-03-17,2025-03-17 20:00:00+00:00,424966,value_area_bounce,1,13.562857142857215,19911.18,19923.435,19901.435,19926.185,19745.470858851873,19752.252287423304,19738.689430280443,False,False,False,3728.590388577808
1,2025-03-17 19:15:00+00:00,2025-03-17,2025-03-17 20:00:00+00:00,424967,value_area_bounce,1,13.937857142857215,19909.06,19924.867916666666,19906.67375,19930.06625,19745.79785151867,19752.7667800901,19738.82892294724,False,False,False,5434.421863987186
1,2025-03-17 19:20:00+00:00,2025-03-17,2025-03-17 20:00:00+00:00,424972,value_area_bounce,1,12.747857142857226,19911.68,19923.982083333336,19903.964583333334,19930.654583333333,19747.1842337229,19753.55816229433,19740.81030515147,False,False,False,1585.092306686753
1,2025-03-17 19:26:00+00:00,2025-03-17,2025-03-17 20:00:00+00:00,424978,value_area_bounce,1,11.5164285714288,19904.43,19908.412916666668,19897.292083333334,19923.982083333336,19748.79130790676,19754.549522192472,19743.033093621045,False,False,False,1043.2918947952942
1,2025-03-17 19:29:00+00:00,2025-03-17,2025-03-17 20:00:00+00:00,424981,value_area_bounce,1,10.970714285714296,19908.56,19924.6225,19907.9975,19945.9975,19749.571519715035,19755.056876857892,19744.086162572177,False,False,False,1134.9081479131312
1,2025-03-17 19:30:00+00:00,2025-03-17,2025-03-17 20:00:00+00:00,424982,value_area_bounce,1,11.268571428571574,19917.18,19924.6225,19907.9975,19945.9975,19749.943778321245,19755.57806403553,19744.30949260696,False,False,False,5265.550322800951
1,2025-03-17 19:48:00+00:00,2025-03-17,2025-03-17 20:00:00+00:00,425000,value_area_bounce,1,10.572142857143003,19901.06,19906.941250000003,19897.67125,19911.57625,19754.445553651552,19759.731625080123,19749.15948222298,False,False,False,3280.6737190387166
1,2025-03-18 13:41:00+00:00,2025-03-18,2025-03-18 20:00:00+00:00,426013,value_area_bounce,1,26.739999999999522,19573.07,19578.80375,19548.267083333332,19678.047916666663,19608.93370543316,19622.303705433158,19595.56370543316,False,False,False,6546.086929560401
1,2025-03-18 13:58:00+00:00,2025-03-18,2025-03-18 20:00:00+00:00,426030,value_area_bounce,1,28.507857142856665,19470.07,19500.481875000005,19456.160208333335,19589.12520833334,19547.211679022934,19561.465607594364,19532.957750451504,False,False,False,246.84893163358993
1,2025-03-18 14:04:00+00:00,2025-03-18,2025-03-18 20:00:00+00:00,426036,value_area_bounce,1,28.05357142857039,19481.57,19577.146041666667,19455.925208333334,19589.268125000002,19531.84268904554,19545.869474759827,19517.815903331255,False,False,False,2873.9731491580606
1,2025-03-18 15:13:00+00:00,2025-03-18,2025-03-18 20:00:00+00:00,426105,value_area_bounce,1,21.42357142857067,19448.7,19486.996041666665,19448.545625,19503.474791666667,19496.857954533214,19507.569740247498,19486.14616881893,False,False,False,2731.9293665966397
1,2025-03-18 16:57:00+00:00,2025-03-18,2025-03-18 20:00:00+00:00,426209,value_area_bounce,1,14.982857142857288,19495.2,19530.939791666664,19482.314791666664,19534.991875,19490.540567921405,19498.031996492835,19483.049139349976,False,False,False,6224.698720735898
1,2025-03-18 17:16:00+00:00,2025-03-18,2025-03-18 20:00:00+00:00,426228,value_area_bounce,-1,15.94571428571388,19518.95,19530.939791666664,19482.314791666664,19534.991875,19491.48805134954,19499.460908492398,19483.515194206684,False,False,False,-1815.2698061087099
1,2025-03-18 17:24:00+00:00,2025-03-18,2025-03-18 20:00:00+00:00,426236,value_area_bounce,1,22.568571428571367,19496.2,19479.141875,19479.141875,19524.035624999997,19491.543432951068,19502.827718665354,19480.259147236782,False,False,False,394.44201813482914
1,2025-03-18 17:28:00+00:00,2025-03-18,2025-03-18 20:00:00+00:00,426240,value_area_bounce,-1,24.70071428571386,19484.7,19479.141875,19479.141875,19519.954375,19491.714743253247,19504.065100396103,19479.364386110392,False,False,False,-2604.971443500582
1,2025-03-18 17:34:00+00:00,2025-03-18,2025-03-18 20:00:00+00:00,426246,value_area_bounce,1,23.83857142857128,19491.45,19487.304375,19475.060625,19515.873125,19491.490214685266,19503.40950039955,19479.57092897098,False,False,False,2345.6149176474623
1,2025-03-18 17:55:00+00:00,2025-03-18,2025-03-18 20:00:00+00:00,426267,value_area_bounce,-1,13.863571428571438,19504.95,19487.127083333336,19487.127083333336,19515.587916666667,19492.39651052427,19499.328296238557,19485.464724809986,False,False,False,-4106.066679792695
1,2025-03-18 18:28:00+00:00,2025-03-18,2025-03-18 20:00:00+00:00,426300,value_area_bounce,-1,14.260000000000218,19494.45,19470.2875,19449.317499999997,19508.7325,19491.600119602517,19498.73011960252,19484.470119602516,False,False,False,-5119.843420807126
1,2025-03-18 18:31:00+00:00,2025-03-18,2025-03-18 20:00:00+00:00,426303,value_area_bounce,-1,15.741428571428644,19507.2,19498.247499999998,19470.2875,19515.722500000003,19491.6691865817,19499.539900867414,19483.798472295988,False,False,False,-2342.014368718951
1,2025-03-18 19:00:00+00:00,2025-03-18,2025-03-18 20:00:00+00:00,426332,value_area_bounce,-1,18.436428571428355,19515.2,19507.16875,19450.161249999997,19517.533750000002,19493.72875418954,19502.94696847525,19484.510539903826,False,False,False,-7155.0332264715835
1,2025-03-18 19:27:00+00:00,2025-03-18,2025-03-18 20:00:00+00:00,426359,value_area_bounce,1,14.088571428571283,19502.45,19518.29875,19498.427916666667,19534.195416666666,19494.793580519872,19501.837866234157,19487.749294805588,False,False,False,4739.990807403019
1,2025-03-18 19:51:00+00:00,2025-03-18,2025-03-18 20:00:00+00:00,426383,value_area_bounce,1,16.105000000000082,19490.2,19508.872083333335,19479.03875,19516.330416666664,19494.382284788036,19502.434784788038,19486.329784788035,False,False,False,9014.292365582542
1,2025-03-19 13:31:00+00:00,2025-03-19,2025-03-19 20:00:00+00:00,427383,value_area_bounce,-1,12.822142857143003,19578.22,19584.531875,19547.764375,19584.531875,19585.3081737167,19591.719245145272,19578.89710228813,False,False,False,-180.88949860562207
1,2025-03-19 13:34:00+00:00,2025-03-19,2025-03-19 20:00:00+00:00,427386,value_area_bounce,-1,16.65214285714345,19561.47,19584.0325,19546.440833333334,19584.0325,19584.970641038013,19593.296712466585,19576.64456960944,False,False,False,-5664.520424711197
1,2025-03-19 13:46:00+00:00,2025-03-19,2025-03-19 20:00:00+00:00,427398,value_area_bounce,1,25.709285714286516,19573.97,19585.541250000002,19549.667916666665,19590.025416666667,19557.288991302958,19570.1436341601,19544.434348445815,False,False,False,5068.177418380408
1,2025-03-19 16:53:00+00:00,2025-03-19,2025-03-19 20:00:00+00:00,427585,value_area_bounce,1,9.580714285714098,19676.35,19679.62125,19670.043749999997,19705.16125,19631.003426809988,19635.793783952846,19626.21306966713,False,False,False,2093.652358490008
1,2025-03-19 17:00:00+00:00,2025-03-19,2025-03-19 20:00:00+00:00,427592,value_area_bounce,1,10.865714285714473,19673.47,19687.271875,19668.678125,19697.896875,19631.69687054423,19637.129727687086,19626.264013401375,False,False,False,2520.56239713789
1,2025-03-19 17:35:00+00:00,2025-03-19,2025-03-19 20:00:00+00:00,427627,value_area_bounce,1,11.455714285714098,19613.85,19658.87479166667,19607.939791666664,19675.853125,19630.45349871652,19636.18135585938,19624.725641573663,False,False,False,3987.51408539836
1,2025-03-19 17:50:00+00:00,2025-03-19,2025-03-19 20:00:00+00:00,427642,value_area_bounce,1,13.410714285714286,19604.35,19609.459375,19588.886458333334,19625.917708333334,19629.672556793917,19636.377913936776,19622.96719965106,False,False,False,1311.3891428140741
1,2025-03-19 18:00:00+00:00,2025-03-19,2025-03-19 20:00:00+00:00,427652,value_area_bounce,1,22.68928571428478,19678.27,19609.084583333333,19590.528749999998,19617.037083333333,19629.312779106298,19640.657421963442,19617.968136249154,False,False,True,2202.70269961086
1,2025-03-19 18:05:00+00:00,2025-03-19,2025-03-19 20:00:00+00:00,427657,value_area_bounce,-1,30.111428571428405,19616.77,19608.060625,19590.191875,19625.929375,19629.810701557988,19644.866415843702,19614.754987272274,False,False,False,-4539.2188893209095
1,2025-03-19 18:21:00+00:00,2025-03-19,2025-03-19 20:00:00+00:00,427673,value_area_bounce,-1,20.99428571428611,19676.35,19628.51166666667,19549.128333333334,19679.028333333335,19633.427031336225,19643.92417419337,19622.92988847908,False,False,False,-11264.827621894423
1,2025-03-19 18:35:00+00:00,2025-03-19,2025-03-19 20:00:00+00:00,427687,value_area_bounce,-1,25.915000000000614,19711.47,19685.481249999997,19643.06875,19719.411249999997,19638.206849256298,19651.164349256298,19625.249349256297,False,False,False,-522.818664661469
1,2025-03-19 18:49:00+00:00,2025-03-19,2025-03-19 20:00:00+00:00,427701,value_area_bounce,-1,26.74071428571447,19741.35,19681.880416666667,19681.880416666667,19747.709583333333,19646.514393901507,19659.884751044363,19633.14403675865,False,False,False,-5233.410264722399
1,2025-03-19 19:59:00+00:00,2025-03-19,2025-03-19 20:00:00+00:00,427771,value_area_bounce,1,24.169285714285643,19743.45,19764.019375000003,19729.79770833333,19866.684374999997,19684.158838315972,19696.243481173115,19672.07419545883,False,False,True,2046.5277626738111
1,2025-03-20 13:31:00+00:00,2025-03-20,2025-03-20 20:00:00+00:00,428763,value_area_bounce,1,11.667857142859377,19587.07,19595.531458333335,19562.51479166667,19612.03979166667,19570.49843162764,19576.332360199067,19564.66450305621,False,False,False,2718.0571419368307
1,2025-03-20 13:51:00+00:00,2025-03-20,2025-03-20 20:00:00+00:00,428783,value_area_bounce,-1,22.623571428572436,19702.02,19663.796875,19614.700624999998,19705.879375000004,19664.0596492961,19675.371435010387,19652.747863581815,False,False,False,-1484.1324068364468
1,2025-03-20 13:55:00+00:00,2025-03-20,2025-03-20 20:00:00+00:00,428787,value_area_bounce,-1,19.932142857143585,19693.4,19704.348125,19653.466875,19711.616875,19672.634076503917,19682.600147932488,19662.668005075346,False,False,False,-4409.33497086528
1,2025-03-20 13:56:00+00:00,2025-03-20,2025-03-20 20:00:00+00:00,428788,value_area_bounce,-1,20.610714285715012,19688.27,19704.348125,19660.735625,19711.616875,19673.742351097422,19684.04770824028,19663.436993954565,False,False,False,-4805.665351467125
1,2025-03-20 16:35:00+00:00,2025-03-20,2025-03-20 20:00:00+00:00,428947,value_area_bounce,1,21.84785714285707,19685.27,19758.123958333337,19681.144791666666,19796.613541666666,19784.44254667391,19795.366475245337,19773.51861810248,False,False,False,4394.033533673051
1,2025-03-20 16:36:00+00:00,2025-03-20,2025-03-20 20:00:00+00:00,428948,value_area_bounce,1,22.008571428571354,19697.9,19758.123958333337,19681.144791666666,19796.613541666666,19783.89184154033,19794.89612725462,19772.887555826044,False,False,False,5383.296589806279
1,2025-03-20 16:50:00+00:00,2025-03-20,2025-03-20 20:00:00+00:00,428962,value_area_bounce,1,17.267142857142712,19679.4,19687.806875000002,19658.778541666667,19753.120625000003,19777.247694333255,19785.881265761825,19768.614122904684,False,False,False,6076.203453397464
1,2025-03-20 18:38:00+00:00,2025-03-20,2025-03-20 20:00:00+00:00,429070,value_area_bounce,1,15.172142857143106,19633.77,19665.997916666667,19627.89041666667,19678.700416666667,19745.89455030638,19753.48062173495,19738.30847887781,False,False,False,5189.873118819145
1,2025-03-20 18:57:00+00:00,2025-03-20,2025-03-20 20:00:00+00:00,429089,value_area_bounce,-1,14.914999999999834,19643.65,19606.719583333335,19594.017083333332,19661.76375,19741.034507298493,19748.492007298493,19733.577007298492,False,False,False,-3312.3391417767116
1,2025-03-20 19:01:00+00:00,2025-03-20,2025-03-20 20:00:00+00:00,429093,value_area_bounce,-1,18.156428571428478,19644.9,19632.124583333334,19598.25125,19649.06125,19739.781088407104,19748.859302692817,19730.70287412139,False,False,False,-2840.7691172419163
1,2025-03-20 19:18:00+00:00,2025-03-20,2025-03-20 20:00:00+00:00,429110,value_area_bounce,-1,12.687142857142785,19663.77,19655.060416666667,19618.96875,19673.10625,19736.59994487628,19742.94351630485,19730.25637344771,False,False,False,-126.53525386338106
1,2025-03-20 19:25:00+00:00,2025-03-20,2025-03-20 20:00:00+00:00,429117,value_area_bounce,-1,14.329999999999927,19645.65,19654.769375000003,19622.979375000003,19670.664375,19735.622042461942,19742.787042461943,19728.45704246194,False,False,False,-4084.6038948775167
1,2025-03-20 19:58:00+00:00,2025-03-20,2025-03-20 20:00:00+00:00,429150,value_area_bounce,-1,18.470000000000123,19681.27,19655.160416666666,19647.452083333337,19685.99375,19730.500819674675,19739.735819674675,19721.265819674674,False,False,False,-1688.8255027382456
1,2025-03-21 13:34:00+00:00,2025-03-21,2025-03-21 20:00:00+00:00,430145,value_area_bounce,-1,28.76071428571361,19456.13,19458.01666666667,19443.416666666668,19477.483333333334,19461.921030471185,19476.301387614043,19447.540673328327,False,False,False,-9192.523606083792
1,2025-03-21 14:08:00+00:00,2025-03-21,2025-03-21 20:00:00+00:00,430179,value_area_bounce,-1,24.344999999999864,19490.38,19436.298958333333,19423.84479166667,19504.796875,19484.6806683079,19496.8531683079,19472.5081683079,False,False,False,-2460.5343021445456
1,2025-03-21 15:13:00+00:00,2025-03-21,2025-03-21 20:00:00+00:00,430244,value_area_bounce,-1,14.827857142857154,19559.38,19545.59875,19497.057083333333,19574.72375,19511.510217495976,19518.924146067406,19504.096288924546,False,False,False,-5732.952601746045
1,2025-03-21 16:35:00+00:00,2025-03-21,2025-03-21 20:00:00+00:00,430326,value_area_bounce,-1,14.642142857142712,19640.5,19652.353958333333,19524.18729166667,19660.364375,19526.0465241503,19533.36759557887,19518.72545272173,False,False,False,-1754.6002611168394
1,2025-03-21 17:11:00+00:00,2025-03-21,2025-03-21 20:00:00+00:00,430362,value_area_bounce,-1,12.589285714285714,19652.5,19659.442708333336,19634.359375,19662.578125,19539.53985235861,19545.83449521575,19533.245209501467,False,False,False,-3293.2292182447054
1,2025-03-21 17:20:00+00:00,2025-03-21,2025-03-21 20:00:00+00:00,430371,value_area_bounce,1,12.83071428571436,19634.88,19659.442708333336,19634.359375,19662.578125,19542.057725971008,19548.473083113866,19535.64236882815,False,False,False,2101.79626512233
1,2025-03-21 17:56:00+00:00,2025-03-21,2025-03-21 20:00:00+00:00,430407,value_area_bounce,-1,13.473571428571502,19664.88,19648.260208333333,19603.05479166667,19668.808125000003,19550.10638206974,19556.843167784027,19543.369596355456,False,False,False,-2719.748081259564
1,2025-03-21 17:58:00+00:00,2025-03-21,2025-03-21 20:00:00+00:00,430409,value_area_bounce,-1,12.215000000000146,19656.13,19648.260208333333,19603.05479166667,19668.808125000003,19550.589349032263,19556.69684903226,19544.481849032265,False,False,False,-2547.338547780202
1,2025-03-21 18:30:00+00:00,2025-03-21,2025-03-21 20:00:00+00:00,430441,value_area_bounce,1,11.393571428571574,19651.38,19664.145625,19644.274375,19669.823125000003,19556.848531179647,19562.54531689393,19551.151745465362,False,False,False,1868.7992361995327
1,2025-03-21 18:46:00+00:00,2025-03-21,2025-03-21 20:00:00+00:00,430457,value_area_bounce,-1,11.525714285714068,19660.38,19658.395625,19651.379375,19670.089375000003,19559.941630140165,19565.704487283023,19554.178772997308,False,False,False,-2129.1859518294536
1,2025-03-21 18:50:00+00:00,2025-03-21,2025-03-21 20:00:00+00:00,430461,value_area_bounce,-1,12.176428571428135,19658.13,19653.718125,19653.718125,19670.089375000003,19560.70909818707,19566.797312472787,19554.620883901356,False,False,False,-2300.9315450418453
1,2025-03-21 19:05:00+00:00,2025-03-21,2025-03-21 20:00:00+00:00,430476,value_area_bounce,1,12.625714285714432,19647.25,19665.411874999998,19642.024375,19665.411874999998,19563.368038067805,19569.680895210662,19557.05518092495,False,False,False,2983.8340554544643
1,2025-03-21 19:35:00+00:00,2025-03-21,2025-03-21 20:00:00+00:00,430506,value_area_bounce,1,9.910714285714286,19639.75,19642.036458333336,19632.630208333336,19670.255208333336,19567.100322959566,19572.055680102425,19562.144965816708,False,False,False,291.7535251998536
1,2025-03-24 13:33:00+00:00,2025-03-24,2025-03-24 20:00:00+00:00,431509,value_area_bounce,-1,11.774285714283906,20064.88,20056.26104166667,20045.796458333334,20081.37604166667,20058.55222687222,20064.439369729364,20052.665084015076,False,False,False,-11908.319444178222
1,2025-03-24 13:42:00+00:00,2025-03-24,2025-03-24 20:00:00+00:00,431518,value_area_bounce,-1,19.62428571428557,20064.75,20055.915416666667,20040.07041666667,20082.323750000003,20065.78435888308,20075.596501740223,20055.972216025937,False,False,False,-4520.857781326178
1,2025-03-24 13:45:00+00:00,2025-03-24,2025-03-24 20:00:00+00:00,431521,value_area_bounce,-1,21.35357142857122,20085.88,20071.760416666668,20055.915416666667,20092.887083333335,20067.20986383255,20077.886649546836,20056.533078118267,False,False,False,-3884.4510989798905
1,2025-03-24 15:02:00+00:00,2025-03-24,2025-03-24 20:00:00+00:00,431598,value_area_bounce,-1,9.285714285714286,20147.63,20145.323750000003,20129.619583333333,20151.605416666665,20114.729106135303,20119.37196327816,20110.086248992444,False,False,False,-1136.8169857982436
1,2025-03-24 16:25:00+00:00,2025-03-24,2025-03-24 20:00:00+00:00,431681,value_area_bounce,-1,8.463571428571283,20161.5,20143.475000000002,20139.135000000002,20171.685,20127.89530009708,20132.127085811364,20123.663514382795,False,False,False,-152.5432549151219
1,2025-03-24 16:28:00+00:00,2025-03-24,2025-03-24 20:00:00+00:00,431684,value_area_bounce,-1,11.437142857142785,20157.63,20154.325000000004,20139.135000000002,20169.515,20128.77459289354,20134.49316432211,20123.05602146497,False,False,False,-2266.8287984712447
1,2025-03-24 16:44:00+00:00,2025-03-24,2025-03-24 20:00:00+00:00,431700,value_area_bounce,1,10.643571428571574,20149.5,20155.53625,20147.84875,20176.03625,20130.159633597388,20135.481419311673,20124.837847883104,False,False,False,32.34418845507332
1,2025-03-24 16:45:00+00:00,2025-03-24,2025-03-24 20:00:00+00:00,431701,value_area_bounce,1,10.840000000000146,20160.75,20155.53625,20147.84875,20176.03625,20130.26566333103,20135.68566333103,20124.845663331027,False,False,False,2313.5647618394446
1,2025-03-24 17:01:00+00:00,2025-03-24,2025-03-24 20:00:00+00:00,431717,value_area_bounce,1,8.144285714286005,20155.63,20155.401041666668,20141.433541666665,20162.384791666667,20131.409854594836,20135.481997451978,20127.337711737695,False,False,False,1659.856356847126
1,2025-03-24 18:07:00+00:00,2025-03-24,2025-03-24 20:00:00+00:00,431783,value_area_bounce,1,9.124285714285568,20140.0,20144.848125,20134.505624999998,20151.743125,20133.07836652315,20137.640509380293,20128.516223666007,False,False,False,1459.950206761113
1,2025-03-24 18:15:00+00:00,2025-03-24,2025-03-24 20:00:00+00:00,431791,value_area_bounce,1,9.125,20134.0,20136.229375000003,20132.781875,20150.019375,20133.091056675938,20137.653556675938,20128.528556675938,False,False,False,1269.7217909897945
1,2025-03-24 19:36:00+00:00,2025-03-24,2025-03-24 20:00:00+00:00,431872,value_area_bounce,1,6.840714285714577,20178.5,20175.963541666664,20173.328125,20194.411458333336,20138.024291090787,20141.444648233646,20134.60393394793,False,False,False,555.9569771567242
1,2025-03-24 19:42:00+00:00,2025-03-24,2025-03-24 20:00:00+00:00,431878,value_area_bounce,1,6.599285714285933,20180.25,20176.62625,20173.99125,20188.48375,20138.361452179102,20141.661095036245,20135.06180932196,False,False,False,298.6239975677631
1,2025-03-24 19:46:00+00:00,2025-03-24,2025-03-24 20:00:00+00:00,431882,value_area_bounce,1,6.735714285714494,20185.75,20193.75375,20177.94375,20195.07125,20138.682029069543,20142.0498862124,20135.314171926686,False,False,False,877.8429763579505
1,2025-03-24 19:48:00+00:00,2025-03-24,2025-03-24 20:00:00+00:00,431884,value_area_bounce,-1,7.834285714285995,20190.38,20193.75375,20179.261250000003,20195.07125,20138.97935521199,20142.896498069134,20135.06221235485,False,False,False,-890.3004901753729
1,2025-03-24 19:50:00+00:00,2025-03-24,2025-03-24 20:00:00+00:00,431886,value_area_bounce,1,7.875714285714431,20195.0,20193.75375,20180.57875,20195.07125,20139.34279566487,20143.280652807727,20135.404938522013,False,False,False,4180.171242154029
1,2025-03-24 19:54:00+00:00,2025-03-24,2025-03-24 20:00:00+00:00,431890,value_area_bounce,1,11.285714285714286,20207.88,20194.010416666664,20182.572916666664,20195.28125,20140.088578628664,20145.731435771522,20134.445721485805,False,False,False,2658.73019075912
1,2025-03-24 19:59:00+00:00,2025-03-24,2025-03-24 20:00:00+00:00,431895,value_area_bounce,-1,13.78285714285708,20175.75,20193.56229166667,20177.518958333334,20193.56229166667,20141.664733104884,20148.55616167631,20134.773304533457,False,False,False,-11621.521781703836
1,2025-03-25 13:34:00+00:00,2025-03-25,2025-03-25 20:00:00+00:00,432890,value_area_bounce,-1,11.013571428571854,20221.63,20218.891666666666,20206.99166666667,20232.775,20225.55639355847,20231.063179272754,20220.049607844183,False,False,False,-2653.0862023262393
1,2025-03-25 13:43:00+00:00,2025-03-25,2025-03-25 20:00:00+00:00,432899,value_area_bounce,-1,19.47285714285707,20194.63,20216.323750000003,20200.509583333333,20232.137916666667,20221.265697230752,20231.00212580218,20211.529268659324,False,False,False,-3247.7946295481565
1,2025-03-25 13:46:00+00:00,2025-03-25,2025-03-25 20:00:00+00:00,432902,value_area_bounce,1,19.552857142856997,20225.25,20225.175625,20214.347291666665,20249.539375,20220.055841283665,20229.832269855095,20210.279412712236,False,False,False,2160.526806723685
1,2025-03-25 13:49:00+00:00,2025-03-25,2025-03-25 20:00:00+00:00,432905,value_area_bounce,1,20.79928571428536,20193.0,20216.376041666666,20183.618958333333,20225.309791666667,20217.35481114958,20227.754454006725,20206.955168292436,False,False,False,518.5160380517691
1,2025-03-25 13:50:00+00:00,2025-03-25,2025-03-25 20:00:00+00:00,432906,value_area_bounce,1,20.594285714285434,20194.63,20215.94375,20182.80625,20224.981249999997,20216.381499355743,20226.678642212886,20206.0843564986,False,False,False,423.9638285148885
1,2025-03-25 14:00:00+00:00,2025-03-25,2025-03-25 20:00:00+00:00,432916,value_area_bounce,-1,17.513571428571076,20225.88,20215.94375,20206.90625,20237.03125,20217.31130868117,20226.068094395458,20208.554522966886,False,False,False,-4566.940743344181
1,2025-03-25 15:50:00+00:00,2025-03-25,2025-03-25 20:00:00+00:00,433026,value_area_bounce,1,7.910714285714286,20282.5,20297.765625,20282.015625,20309.578125,20246.884207261985,20250.839564404843,20242.928850119126,False,False,False,2074.344079383045
1,2025-03-25 16:07:00+00:00,2025-03-25,2025-03-25 20:00:00+00:00,433043,value_area_bounce,1,9.757142857142494,20263.5,20275.395625,20259.71854166667,20282.114375,20248.105731701413,20252.984303129982,20243.227160272843,False,False,False,1133.1264963286164
1,2025-03-25 16:09:00+00:00,2025-03-25,2025-03-25 20:00:00+00:00,433045,value_area_bounce,1,9.855714285713995,20269.25,20275.395625,20259.71854166667,20282.114375,20248.21250971193,20253.14036685479,20243.284652569073,False,False,False,1500.3322934302837
1,2025-03-25 17:17:00+00:00,2025-03-25,2025-03-25 20:00:00+00:00,433113,value_area_bounce,-1,6.1478571428568625,20266.25,20243.484375,20238.296875,20277.203125,20250.79014273097,20253.8640713024,20247.71621415954,False,False,False,-652.9170946457664
1,2025-03-25 17:34:00+00:00,2025-03-25,2025-03-25 20:00:00+00:00,433130,value_area_bounce,1,8.883571428571356,20239.0,20236.18375,20236.18375,20278.227916666667,20250.538189827705,20254.97997554199,20246.096404113418,False,False,False,862.3583485629476
1,2025-03-25 17:40:00+00:00,2025-03-25,2025-03-25 20:00:00+00:00,433136,value_area_bounce,1,9.257857142856924,20240.5,20236.18375,20236.18375,20278.227916666667,20250.3825407865,20255.01146935793,20245.75361221507,False,False,False,41.434052063529975
1,2025-03-25 18:00:00+00:00,2025-03-25,2025-03-25 20:00:00+00:00,433156,value_area_bounce,1,8.151428571428498,20236.75,20235.833125,20229.520625,20245.301875,20249.886235249338,20253.961949535053,20245.810520963623,False,False,False,1343.699520754434
1,2025-03-25 18:01:00+00:00,2025-03-25,2025-03-25 20:00:00+00:00,433157,value_area_bounce,1,8.124285714285568,20235.25,20238.386666666665,20232.293333333335,20247.526666666665,20249.847399706327,20253.90954256347,20245.785256849183,False,False,False,1645.208493436575
1,2025-03-25 18:08:00+00:00,2025-03-25,2025-03-25 20:00:00+00:00,433164,value_area_bounce,1,8.010000000000218,20241.0,20233.985416666666,20232.084583333333,20243.489583333336,20249.523556900844,20253.528556900845,20245.518556900843,False,False,False,2530.4478943508093
1,2025-03-25 18:35:00+00:00,2025-03-25,2025-03-25 20:00:00+00:00,433191,value_area_bounce,-1,8.320714285714141,20250.0,20255.026041666664,20234.682291666664,20259.546875,20249.925710458247,20254.086067601103,20245.76535331539,False,False,False,-901.8350782809015
1,2025-03-25 18:53:00+00:00,2025-03-25,2025-03-25 20:00:00+00:00,433209,value_area_bounce,1,8.837857142856851,20249.0,20252.765625,20236.942708333336,20255.026041666664,20249.71205962178,20254.130988193207,20245.29313105035,False,False,False,765.4874951933082
1,2025-03-25 19:12:00+00:00,2025-03-25,2025-03-25 20:00:00+00:00,433228,value_area_bounce,-1,7.606428571428426,20252.13,20253.0625,20239.9375,20254.9375,20249.970437915836,20253.77365220155,20246.16722363012,False,False,False,-2234.797406082688
1,2025-03-25 19:15:00+00:00,2025-03-25,2025-03-25 20:00:00+00:00,433231,value_area_bounce,-1,7.767857142857143,20250.5,20253.114583333336,20241.010416666664,20256.572916666664,20249.985994046143,20253.86992261757,20246.102065474715,False,False,False,-2104.582953905933
1,2025-03-25 19:58:00+00:00,2025-03-25,2025-03-25 20:00:00+00:00,433274,value_area_bounce,-1,9.875,20302.75,20305.33645833333,20269.386041666665,20308.101875,20253.59203258888,20258.52953258888,20248.65453258888,False,False,False,-2791.6336842109295
1,2025-03-26 13:36:00+00:00,2025-03-26,2025-03-26 20:00:00+00:00,434272,value_area_bounce,-1,14.938571428570867,20273.43,20270.411249999997,20249.090416666666,20288.68625,20265.245775279396,20272.71506099368,20257.776489565113,False,False,False,-3708.8546435704043
1,2025-03-26 13:40:00+00:00,2025-03-26,2025-03-26 20:00:00+00:00,434276,value_area_bounce,-1,18.089285714285715,20285.050000000003,20270.411249999997,20252.136250000003,20288.68625,20271.65118951613,20280.695832373272,20262.60654665899,False,False,False,-1507.3969071595993
1,2025-03-26 15:30:00+00:00,2025-03-26,2025-03-26 20:00:00+00:00,434386,value_area_bounce,1,13.053571428571429,20113.18,20130.846875000003,20103.659375000003,20136.284375000003,20160.593993139897,20167.120778854183,20154.06720742561,False,False,False,4601.24767228024
1,2025-03-26 16:21:00+00:00,2025-03-26,2025-03-26 20:00:00+00:00,434437,value_area_bounce,1,12.197857142856394,20011.800000000003,20015.840000000004,19994.026666666672,20064.920000000002,20132.051088398133,20138.15001696956,20125.952159826706,False,False,False,1507.9574281611226
1,2025-03-26 16:33:00+00:00,2025-03-26,2025-03-26 20:00:00+00:00,434449,value_area_bounce,-1,11.84785714285733,20013.300000000003,20014.27395833334,19997.565625000003,20026.80520833334,20127.24179653484,20133.165725106268,20121.31786796341,False,False,False,-754.5647874080428
1,2025-03-26 17:02:00+00:00,2025-03-26,2025-03-26 20:00:00+00:00,434478,value_area_bounce,1,14.357142857144416,19976.93,20010.4925,19975.6175,20018.2425,20114.147890478474,20121.326461907047,20106.969319049902,False,False,False,4602.787487982036
1,2025-03-26 17:28:00+00:00,2025-03-26,2025-03-26 20:00:00+00:00,434504,value_area_bounce,1,13.580000000000187,19951.93,19965.81125,19944.90625,19979.747916666667,20101.434750859265,20108.224750859266,20094.644750859265,False,False,False,1971.4771056678524
1,2025-03-26 18:33:00+00:00,2025-03-26,2025-03-26 20:00:00+00:00,434569,value_area_bounce,-1,11.384285714285527,19947.050000000003,19910.838125000002,19901.916875000003,19949.496875000004,20074.975356890656,20080.6674997478,20069.283214033512,False,False,False,-2480.9890716184645
1,2025-03-26 19:25:00+00:00,2025-03-26,2025-03-26 20:00:00+00:00,434621,value_area_bounce,-1,10.75642857142988,19899.550000000003,19884.85875,19875.40625,19906.914583333335,20055.506947651265,20060.88516193698,20050.12873336555,False,False,False,-4049.6788782048807
1,2025-03-26 19:33:00+00:00,2025-03-26,2025-03-26 20:00:00+00:00,434629,value_area_bounce,-1,12.09714285714342,19894.300000000003,19883.712708333333,19876.603958333333,19900.299791666668,20052.70069281177,20058.74926424034,20046.6521213832,False,False,False,-1790.6960242846446
1,2025-03-26 19:59:00+00:00,2025-03-26,2025-03-26 20:00:00+00:00,434655,value_area_bounce,-1,13.996428571428883,19938.300000000003,19947.4925,19900.3675,19954.7425,20043.60848494833,20050.606699234046,20036.610270662615,False,False,False,-4419.6513589782135
1,2025-03-27 13:43:00+00:00,2025-03-27,2025-03-27 20:00:00+00:00,435659,value_area_bounce,1,29.937142857142785,19801.4,19784.80625,19772.881250000002,19862.31875,19815.496649501212,19830.465220929782,19800.528078072643,False,False,False,4101.839215249674
1,2025-03-27 14:00:00+00:00,2025-03-27,2025-03-27 20:00:00+00:00,435676,opening_range_breakout,1,27.004285714285547,19929.65,19823.998958333337,19773.082291666666,19855.821875,19838.74245641937,19852.244599276513,19825.24031356223,False,False,False,7841.148017142739
1,2025-03-27 14:07:00+00:00,2025-03-27,2025-03-27 20:00:00+00:00,435683,value_area_bounce,-1,25.32642857142855,19904.15,19910.623958333337,19821.384375,19917.488541666666,19850.64980548376,19863.313019769477,19837.986591198045,False,False,False,-3050.5750977817506
1,2025-03-27 16:03:00+00:00,2025-03-27,2025-03-27 20:00:00+00:00,435799,value_area_bounce,1,15.057857142856976,19901.15,19982.386250000003,19900.89875,19993.25125,19907.280176396183,19914.80910496761,19899.751247824755,False,False,False,6621.317371497523
1,2025-03-27 16:07:00+00:00,2025-03-27,2025-03-27 20:00:00+00:00,435803,value_area_bounce,-1,15.175000000000052,19917.77,19900.89875,19873.73625,19933.49375,19907.336349387555,19914.923849387556,19899.748849387553,False,False,False,-765.8312681751131
1,2025-03-27 16:31:00+00:00,2025-03-27,2025-03-27 20:00:00+00:00,435827,value_area_bounce,-1,14.808571428571408,19927.65,19897.775208333333,19888.04604166667,19931.82729166667,19910.143167854614,19917.5474535689,19902.73888214033,False,False,False,-1609.6651258373379
1,2025-03-27 16:35:00+00:00,2025-03-27,2025-03-27 20:00:00+00:00,435831,value_area_bounce,-1,14.513571428571336,19909.77,19888.04604166667,19873.45229166667,19926.962708333333,19910.394255513867,19917.651041228153,19903.13746979958,False,False,False,-4635.868810302976
1,2025-03-27 17:06:00+00:00,2025-03-27,2025-03-27 20:00:00+00:00,435862,value_area_bounce,1,15.151428571428498,19870.52,19926.863125000003,19869.161875,19978.153125,19907.286381710757,19914.862095996472,19899.710667425043,False,False,False,4509.246388856114
1,2025-03-27 17:39:00+00:00,2025-03-27,2025-03-27 20:00:00+00:00,435895,value_area_bounce,1,16.577857142856633,19858.27,19869.769791666666,19843.943541666667,19875.508958333336,19903.936806588114,19912.225735159544,19895.647878016684,False,False,False,901.6885692363935
1,2025-03-27 18:00:00+00:00,2025-03-27,2025-03-27 20:00:00+00:00,435916,value_area_bounce,1,14.875,19861.4,19871.0875,19843.5375,19876.597500000003,19901.606324452878,19909.043824452878,19894.168824452878,False,False,False,3673.2925915075994
1,2025-03-27 18:24:00+00:00,2025-03-27,2025-03-27 20:00:00+00:00,435940,value_area_bounce,-1,14.061428571428353,19888.27,19893.884375,19855.728125,19914.696875,19901.090573030007,19908.12128731572,19894.059858744295,False,False,False,-538.3202547070437
1,2025-03-27 18:55:00+00:00,2025-03-27,2025-03-27 20:00:00+00:00,435971,value_area_bounce,-1,13.642857142857142,19902.65,19895.66125,19892.71875,19913.316250000003,19901.43866827123,19908.260096842656,19894.6172396998,False,False,False,-2776.9283221681935
1,2025-03-27 19:01:00+00:00,2025-03-27,2025-03-27 20:00:00+00:00,435977,value_area_bounce,1,13.920714285714505,19891.65,19894.77,19885.77,19912.77,19901.205751723246,19908.166108866102,19894.24539458039,False,False,False,654.9293844407662
1,2025-03-27 19:36:00+00:00,2025-03-27,2025-03-27 20:00:00+00:00,436012,value_area_bounce,1,13.900714285714068,19906.02,19925.15541666667,19898.17625,19955.98875,19902.44654778139,19909.396904924248,19895.496190638532,False,False,False,2083.6636232321976
1,2025-03-28 13:37:00+00:00,2025-03-28,2025-03-28 20:00:00+00:00,437033,value_area_bounce,-1,23.675714285714225,19729.25,19693.834166666667,19678.119166666667,19740.979166666668,19713.132486550632,19724.97034369349,19701.294629407774,False,False,False,-1590.1684171531642
1,2025-03-28 13:41:00+00:00,2025-03-28,2025-03-28 20:00:00+00:00,437037,value_area_bounce,-1,27.095714285714035,19736.75,19693.834166666667,19693.834166666667,19746.2175,19722.657607273537,19736.205464416395,19709.10975013068,False,False,False,-4964.543111585612
1,2025-03-28 13:43:00+00:00,2025-03-28,2025-03-28 20:00:00+00:00,437039,value_area_bounce,-1,32.35499999999956,19733.120000000003,19693.834166666667,19693.834166666667,19746.2175,19727.026467239677,19743.20396723968,19710.848967239675,False,False,False,-5140.852186491853
1,2025-03-28 14:00:00+00:00,2025-03-28,2025-03-28 20:00:00+00:00,437056,value_area_bounce,1,25.68499999999975,19690.0,19693.834166666667,19678.119166666667,19746.2175,19721.256316886454,19734.098816886453,19708.413816886456,False,False,False,996.5132375442395
1,2025-03-28 15:10:00+00:00,2025-03-28,2025-03-28 20:00:00+00:00,437126,value_area_bounce,1,19.24571428571497,19441.620000000003,19456.604375000003,19425.302291666667,19494.166875000003,19577.264397840205,19586.887254983063,19567.641540697346,False,False,False,6767.698831425
1,2025-03-28 17:17:00+00:00,2025-03-28,2025-03-28 20:00:00+00:00,437253,value_area_bounce,1,12.749285714286088,19328.120000000003,19349.385625000003,19318.729375000003,19363.010625000003,19507.150331054465,19513.524973911608,19500.775688197322,False,False,False,2657.9791918091696
1,2025-03-28 17:38:00+00:00,2025-03-28,2025-03-28 20:00:00+00:00,437274,value_area_bounce,1,11.990714285714473,19292.0,19296.532708333332,19281.054375,19319.750208333335,19496.687817239275,19502.68317438213,19490.69246009642,False,False,False,1262.0149399180032
1,2025-03-28 18:35:00+00:00,2025-03-28,2025-03-28 20:00:00+00:00,437331,value_area_bounce,-1,11.383571428571615,19313.75,19320.28125,19296.74125,19323.22375,19475.86996726704,19481.561752981328,19470.178181552754,False,False,False,-1246.433216968695
1,2025-03-28 19:10:00+00:00,2025-03-28,2025-03-28 20:00:00+00:00,437366,value_area_bounce,-1,11.749285714286088,19312.120000000003,19318.593125,19298.803125,19323.540625,19466.771278016633,19472.645920873776,19460.89663515949,False,False,False,-109.86284253285226
1,2025-03-28 19:20:00+00:00,2025-03-28,2025-03-28 20:00:00+00:00,437376,value_area_bounce,-1,12.740000000000562,19298.870000000003,19311.171875,19296.329375,19318.593125,19463.96712132548,19470.33712132548,19457.59712132548,False,False,False,-1752.6166380458146
1,2025-03-28 19:22:00+00:00,2025-03-28,2025-03-28 20:00:00+00:00,437378,value_area_bounce,1,12.44571428571466,19304.5,19311.171875,19296.329375,19318.593125,19463.345897585627,19469.568754728483,19457.12304044277,False,False,False,1356.9270473418774
1,2025-03-31 13:42:00+00:00,2025-03-31,2025-03-31 20:00:00+00:00,438403,value_area_bounce,1,36.045000000000336,18903.140000000003,18912.745,18866.394999999997,19014.715000000004,18925.158447417332,18943.18094741733,18907.135947417333,False,False,False,11563.227845744223
1,2025-03-31 14:52:00+00:00,2025-03-31,2025-03-31 20:00:00+00:00,438473,value_area_bounce,1,23.909285714284383,18969.890000000003,18971.405625000003,18952.780625000003,19008.655625000003,18941.747337440403,18953.701980297545,18929.792694583262,False,False,False,9160.89256605371
1,2025-03-31 17:02:00+00:00,2025-03-31,2025-03-31 20:00:00+00:00,438603,value_area_bounce,1,14.811428571427573,19076.76,19122.879791666666,19068.254791666666,19122.879791666666,18990.159559581236,18997.56527386695,18982.753845295523,False,False,False,2167.9081593566507
1,2025-03-31 17:24:00+00:00,2025-03-31,2025-03-31 20:00:00+00:00,438625,value_area_bounce,1,17.378571428572677,19087.76,19112.160625,19083.76104166667,19128.388958333333,18997.02048306648,19005.709768780765,18988.331197352196,False,False,False,5443.420158862896
1,2025-03-31 18:00:00+00:00,2025-03-31,2025-03-31 20:00:00+00:00,438661,value_area_bounce,1,16.176428571429692,19092.390000000003,19086.786875,19066.188958333336,19099.145625,19004.15861416167,19012.246828447387,18996.070399875956,False,False,False,55.82681498660713
1,2025-03-31 18:45:00+00:00,2025-03-31,2025-03-31 20:00:00+00:00,438706,value_area_bounce,-1,17.72785714285627,19205.51,19199.036875,19078.330625,19215.131041666667,19025.559199659965,19034.423128231392,19016.695271088538,False,False,False,-1777.5171482137998
1,2025-04-01 13:33:00+00:00,2025-04-01,2025-04-01 20:00:00+00:00,439774,value_area_bounce,-1,18.588571428571022,19235.19,19248.1575,19220.6075,19256.4225,19230.84805857973,19240.142344294014,19221.553772865445,False,False,False,-4212.41292918612
1,2025-04-01 13:41:00+00:00,2025-04-01,2025-04-01 20:00:00+00:00,439782,value_area_bounce,-1,32.12571428571391,19242.69,19248.809791666667,19209.53895833333,19256.66395833333,19222.744413432298,19238.807270575155,19206.68155628944,False,False,False,-2227.0630024742886
1,2025-04-01 13:43:00+00:00,2025-04-01,2025-04-01 20:00:00+00:00,439784,value_area_bounce,1,34.34857142857124,19246.19,19248.809791666667,19209.53895833333,19256.66395833333,19223.906443282794,19241.08072899708,19206.73215756851,False,False,False,6994.867467097001
1,2025-04-01 13:44:00+00:00,2025-04-01,2025-04-01 20:00:00+00:00,439785,value_area_bounce,-1,33.17928571428534,19249.56,19248.809791666667,19209.53895833333,19256.66395833333,19225.107566239745,19241.69720909689,19208.517923382602,False,False,False,-2471.304915969822
1,2025-04-01 13:46:00+00:00,2025-04-01,2025-04-01 20:00:00+00:00,439787,value_area_bounce,-1,31.67928571428534,19249.19,19248.809791666667,19221.32020833333,19256.66395833333,19228.138624300183,19243.978267157327,19212.29898144304,False,False,False,-7766.454248608789
1,2025-04-01 13:54:00+00:00,2025-04-01,2025-04-01 20:00:00+00:00,439795,value_area_bounce,-1,27.62571428571391,19255.44,19252.262916666667,19205.950416666667,19257.40875,19244.47853511743,19258.291392260286,19230.66567797457,False,False,False,-7863.228815556036
1,2025-04-01 13:55:00+00:00,2025-04-01,2025-04-01 20:00:00+00:00,439796,value_area_bounce,-1,27.38499999999944,19248.94,19252.262916666667,19205.950416666667,19262.55458333333,19244.70090009624,19258.39340009624,19231.008400096238,False,False,False,-8447.824972432414
1,2025-04-01 14:02:00+00:00,2025-04-01,2025-04-01 20:00:00+00:00,439803,value_area_bounce,1,30.04285714285626,19216.81,19252.262916666667,19205.950416666667,19262.55458333333,19242.931225979013,19257.95265455044,19227.909797407585,False,False,False,160.83268972462247
1,2025-04-01 14:03:00+00:00,2025-04-01,2025-04-01 20:00:00+00:00,439804,value_area_bounce,1,32.17642857142788,19248.19,19252.262916666667,19211.09625,19262.55458333333,19242.742372242807,19258.830586528522,19226.65415795709,False,False,False,2590.7441448329805
1,2025-04-01 14:05:00+00:00,2025-04-01,2025-04-01 20:00:00+00:00,439806,value_area_bounce,1,33.872857142856446,19239.94,19236.825416666667,19211.09625,19262.55458333333,19242.08833443624,19259.02476300767,19225.151905864812,False,False,False,1511.3285884150787
1,2025-04-01 14:08:00+00:00,2025-04-01,2025-04-01 20:00:00+00:00,439809,opening_range_breakout,-1,34.891428571427504,19179.94,19235.57,19201.85,19252.43,19238.61368746628,19256.059401751994,19221.167973180567,False,False,False,-11276.965963692002
1,2025-04-01 15:30:00+00:00,2025-04-01,2025-04-01 20:00:00+00:00,439891,value_area_bounce,-1,16.330714285714098,19410.31,19294.740833333333,19251.849166666667,19414.8375,19261.367332436315,19269.532689579173,19253.201975293458,False,False,False,-11266.161129644272
1,2025-04-01 16:50:00+00:00,2025-04-01,2025-04-01 20:00:00+00:00,439971,value_area_bounce,1,16.419285714285902,19404.06,19458.959583333333,19391.75875,19483.39625,19306.682646623674,19314.892289480817,19298.473003766532,False,False,False,8050.318149160979
1,2025-04-01 16:59:00+00:00,2025-04-01,2025-04-01 20:00:00+00:00,439980,value_area_bounce,-1,17.339285714285715,19412.94,19373.43125,19355.10375,19434.52291666667,19309.974830089806,19318.644472946948,19301.305187232665,False,False,False,-1891.6795266617296
1,2025-04-01 17:43:00+00:00,2025-04-01,2025-04-01 20:00:00+00:00,440024,value_area_bounce,-1,14.93499999999949,19385.56,19380.998125,19364.054375,19411.496874999997,19319.46912016983,19326.93662016983,19312.00162016983,False,False,False,-3484.0703495747143
1,2025-04-02 13:33:00+00:00,2025-04-02,2025-04-02 20:00:00+00:00,441154,value_area_bounce,1,18.705000000000446,19244.550000000003,19201.61125,19195.012916666667,19237.902083333334,19203.20824387871,19212.560743878712,19193.85574387871,False,False,False,5996.014692818807
1,2025-04-02 13:42:00+00:00,2025-04-02,2025-04-02 20:00:00+00:00,441163,value_area_bounce,-1,32.20357142857107,19333.17,19346.088749999995,19206.28875,19354.82625,19287.47866076817,19303.580446482458,19271.376875053884,False,False,False,-16456.71809853497
1,2025-04-02 15:12:00+00:00,2025-04-02,2025-04-02 20:00:00+00:00,441253,value_area_bounce,-1,17.026428571428237,19455.550000000003,19448.044791666667,19426.32729166667,19462.523125,19398.61872523403,19407.131939519746,19390.105510948317,False,False,False,-2282.5918919906744
1,2025-04-02 15:41:00+00:00,2025-04-02,2025-04-02 20:00:00+00:00,441282,value_area_bounce,-1,17.909285714284383,19533.800000000003,19544.326041666667,19459.794791666667,19555.596875000003,19416.607622046686,19425.562264903827,19407.652979189545,False,False,False,-1192.9791605851133
1,2025-04-02 15:43:00+00:00,2025-04-02,2025-04-02 20:00:00+00:00,441284,value_area_bounce,-1,17.52571428571329,19541.550000000003,19544.326041666667,19459.794791666667,19555.596875000003,19417.96264806321,19426.72550520607,19409.199790920353,False,False,False,-2434.700627150455
1,2025-04-02 15:52:00+00:00,2025-04-02,2025-04-02 20:00:00+00:00,441293,value_area_bounce,1,21.393571428572095,19492.800000000003,19544.326041666667,19476.701041666667,19555.596875000003,19422.699966799504,19433.39675251379,19412.00318108522,False,False,False,1018.6222437630831
1,2025-04-02 15:55:00+00:00,2025-04-02,2025-04-02 20:00:00+00:00,441296,value_area_bounce,1,21.750714285714952,19515.42,19544.326041666667,19482.33645833334,19555.596875000003,19424.366874713363,19435.24223185622,19413.491517570506,False,False,False,7104.94974207977
1,2025-04-02 18:02:00+00:00,2025-04-02,2025-04-02 20:00:00+00:00,441423,value_area_bounce,1,17.170000000000332,19588.550000000003,19586.9825,19572.7325,19686.7325,19494.04300102111,19502.62800102111,19485.45800102111,False,False,False,2218.905846010235
1,2025-04-02 18:36:00+00:00,2025-04-02,2025-04-02 20:00:00+00:00,441457,value_area_bounce,1,19.37071428571341,19531.300000000003,19587.690625000003,19519.669791666667,19608.096875000003,19496.88505397017,19506.57041111303,19487.199696827312,False,False,False,10580.374382751455
1,2025-04-02 18:47:00+00:00,2025-04-02,2025-04-02 20:00:00+00:00,441468,value_area_bounce,-1,15.007142857141194,19528.42,19543.008125,19490.88479166667,19543.008125,19498.23813768485,19505.74170911342,19490.73456625628,False,False,False,-1995.1982133629172
1,2025-04-02 19:02:00+00:00,2025-04-02,2025-04-02 20:00:00+00:00,441483,value_area_bounce,1,19.776428571428237,19511.92,19544.11625,19498.441250000003,19544.11625,19498.57634814117,19508.464562426885,19488.688133855456,False,False,False,2344.7288211209493
1,2025-04-02 19:10:00+00:00,2025-04-02,2025-04-02 20:00:00+00:00,441491,value_area_bounce,1,20.340000000000664,19511.550000000003,19516.71125,19498.441250000003,19544.11625,19499.011840051244,19509.181840051246,19488.841840051242,False,False,False,5012.652258663491
1,2025-04-03 13:53:00+00:00,2025-04-03,2025-04-03 20:00:00+00:00,442551,value_area_bounce,-1,44.8671428571423,18850.710000000003,18816.789375,18816.789375,18886.156458333335,18852.282691320706,18874.716262749276,18829.849119892137,False,False,False,-2251.426076969512
1,2025-04-03 13:55:00+00:00,2025-04-03,2025-04-03 20:00:00+00:00,442553,value_area_bounce,-1,41.6199999999995,18851.460000000003,18858.06625,18809.77875,18887.03875,18852.778815989197,18873.5888159892,18831.968815989196,False,False,False,-14969.592225463719
1,2025-04-03 17:35:00+00:00,2025-04-03,2025-04-03 20:00:00+00:00,442773,value_area_bounce,1,18.43071428571316,18721.84,18715.631875000003,18710.850625000003,18758.663125000003,18751.29478558773,18760.510142730585,18742.07942844487,False,False,False,1777.678832285042
1,2025-04-03 19:08:00+00:00,2025-04-03,2025-04-03 20:00:00+00:00,442866,value_area_bounce,-1,20.579285714286275,18687.59,18688.875000000004,18639.778333333335,18702.265000000003,18737.301771236434,18747.59141409358,18727.01212837929,False,False,False,-3587.254221104934
1,2025-04-03 19:52:00+00:00,2025-04-03,2025-04-03 20:00:00+00:00,442910,value_area_bounce,1,22.61571428571447,18561.460000000003,18560.378125,18537.519375,18606.095625,18721.65757334516,18732.965430488017,18710.349716202305,False,False,False,3232.8243382023043
1,2025-04-03 19:54:00+00:00,2025-04-03,2025-04-03 20:00:00+00:00,442912,value_area_bounce,1,23.632857142857706,18570.710000000003,18560.378125,18537.519375,18598.47604166667,18720.755564929306,18732.571993500736,18708.939136357876,False,False,False,2505.8243376216005
1,2025-04-04 13:32:00+00:00,2025-04-04,2025-04-04 20:00:00+00:00,443910,value_area_bounce,-1,41.98642857142867,18015.4,18047.838541666664,18000.428125,18074.93020833333,18048.274620421987,18069.2678347077,18027.281406136273,False,False,False,-875.3075389842534
1,2025-04-04 13:51:00+00:00,2025-04-04,2025-04-04 20:00:00+00:00,443929,value_area_bounce,-1,53.90714285714213,17985.15,17904.67666666667,17871.33666666667,18004.696666666667,17962.7369543317,17989.69052576027,17935.78338290313,False,False,False,-16862.964626514316
1,2025-04-04 14:57:00+00:00,2025-04-04,2025-04-04 20:00:00+00:00,443995,value_area_bounce,1,53.502857142857465,17729.9,17844.720833333333,17694.654166666667,17900.995833333334,17870.963497983117,17897.714926554545,17844.21206941169,False,False,False,13259.335753242864
1,2025-04-04 14:58:00+00:00,2025-04-04,2025-04-04 20:00:00+00:00,443996,value_area_bounce,1,53.056428571428896,17758.15,17857.22,17728.28,17912.480000000003,17869.56659020844,17896.094804494154,17843.038375922726,False,False,False,7428.625060744086
1,2025-04-04 15:00:00+00:00,2025-04-04,2025-04-04 20:00:00+00:00,443998,value_area_bounce,1,54.48142857142894,17736.530000000002,17749.370000000003,17714.863333333335,17904.65,17866.33008241206,17893.570796697775,17839.089368126344,False,False,False,23429.09963729477
1,2025-04-04 15:01:00+00:00,2025-04-04,2025-04-04 20:00:00+00:00,443999,value_area_bounce,1,62.48500000000032,17826.95,17749.370000000003,17714.863333333335,17904.65,17865.575922585555,17896.818422585555,17834.333422585554,False,False,False,19646.63536356111
1,2025-04-04 15:42:00+00:00,2025-04-04,2025-04-04 20:00:00+00:00,444040,value_area_bounce,1,48.04214285714339,17798.530000000002,17950.108333333337,17741.025,17982.275,17866.63320546331,17890.65427689188,17842.612134034738,False,False,False,11185.105533570644
1,2025-04-04 15:46:00+00:00,2025-04-04,2025-04-04 20:00:00+00:00,444044,value_area_bounce,1,45.83500000000043,17805.780000000002,17952.497083333335,17783.087916666667,17983.29875,17864.491360816013,17887.408860816013,17841.573860816014,False,False,False,10417.709286722307
1,2025-04-04 15:47:00+00:00,2025-04-04,2025-04-04 20:00:00+00:00,444045,value_area_bounce,1,46.780714285714566,17840.15,17959.303125,17784.371875,17972.759375,17864.18358835726,17887.573945500117,17840.793231214404,False,False,False,11452.538164846754
1,2025-04-04 15:55:00+00:00,2025-04-04,2025-04-04 20:00:00+00:00,444053,value_area_bounce,1,42.808571428571405,17847.4,17937.191666666666,17811.358333333337,17974.941666666666,17862.931526575543,17884.335812289828,17841.527240861258,False,False,False,1586.9468521492026
1,2025-04-04 16:37:00+00:00,2025-04-04,2025-04-04 20:00:00+00:00,444095,value_area_bounce,1,31.752142857143035,17665.280000000002,17783.114375000005,17654.226875,17860.446875,17837.13942448957,17853.015495918142,17821.263353061,False,False,False,10048.370103823527
1,2025-04-04 17:25:00+00:00,2025-04-04,2025-04-04 20:00:00+00:00,444143,value_area_bounce,1,25.5014285714286,17598.65,17606.269375000003,17587.530208333337,17681.22604166667,17806.23441072508,17818.985125010793,17793.483696439365,False,False,False,9040.81437125856
1,2025-04-04 18:05:00+00:00,2025-04-04,2025-04-04 20:00:00+00:00,444183,value_area_bounce,-1,35.49571428571419,17698.9,17657.253958333335,17559.33729166667,17718.451875000002,17791.08360389454,17808.8314610374,17773.335746751683,False,False,False,-11432.56860208722
1,2025-04-04 19:07:00+00:00,2025-04-04,2025-04-04 20:00:00+00:00,444245,value_area_bounce,1,31.00571428571441,17469.530000000002,17521.306666666667,17451.22666666667,17529.093333333334,17754.257506345224,17769.76036348808,17738.75464920237,False,False,False,5526.030816826078
1,2025-04-04 19:17:00+00:00,2025-04-04,2025-04-04 20:00:00+00:00,444255,value_area_bounce,-1,34.38214285714327,17530.780000000002,17510.030208333337,17461.247708333336,17534.421458333334,17748.96667973178,17766.157751160354,17731.775608303207,False,False,False,-9066.621773667204
1,2025-04-07 13:33:00+00:00,2025-04-07,2025-04-07 20:00:00+00:00,445276,value_area_bounce,1,50.95857142857,16791.59,16784.082708333335,16738.488958333335,16996.85354166667,16789.4459631083,16814.925248822587,16763.966677394015,False,False,False,2882.371274850616
1,2025-04-07 13:34:00+00:00,2025-04-07,2025-04-07 20:00:00+00:00,445277,value_area_bounce,1,53.90714285714135,16784.47,16784.082708333335,16738.488958333335,16981.655625000003,16786.45561147448,16813.40918290305,16759.50204004591,False,False,False,6956.472018355671
1,2025-04-07 14:00:00+00:00,2025-04-07,2025-04-07 20:00:00+00:00,445303,opening_range_breakout,1,73.43285714285646,17215.72,16694.268333333333,16590.415,16876.011666666665,16813.830405926976,16850.546834498404,16777.113977355548,False,False,False,44503.73786954955
1,2025-04-07 14:06:00+00:00,2025-04-07,2025-04-07 20:00:00+00:00,445309,value_area_bounce,-1,78.20642857142775,17170.390000000003,17079.105416666665,16708.334583333337,17193.18875,16865.879282943664,16904.98249722938,16826.77606865795,False,False,False,-15441.427400964443
1,2025-04-07 17:02:00+00:00,2025-04-07,2025-04-07 20:00:00+00:00,445485,value_area_bounce,-1,72.90642857142795,17213.140000000003,17168.405625000003,17097.936875000003,17281.155625000003,17190.53570706745,17226.988921353164,17154.082492781738,False,False,False,-350.9853306674245
1,2025-04-07 18:23:00+00:00,2025-04-07,2025-04-07 20:00:00+00:00,445566,value_area_bounce,-1,63.13642857142726,17632.890000000003,17592.176458333335,17567.655625000003,17665.738958333335,17228.23968397462,17259.807898260337,17196.671469688907,False,False,False,-837.8671373841587
1,2025-04-07 18:34:00+00:00,2025-04-07,2025-04-07 20:00:00+00:00,445577,value_area_bounce,1,56.5178571428561,17535.59,17593.577500000003,17495.660833333335,17613.160833333335,17233.272383229832,17261.53131180126,17205.013454658405,False,False,False,2522.5362409392674
1,2025-04-07 18:35:00+00:00,2025-04-07,2025-04-07 20:00:00+00:00,445578,value_area_bounce,1,58.2678571428561,17570.890000000003,17593.577500000003,17495.660833333335,17613.160833333335,17233.862427885415,17262.996356456842,17204.728499313987,False,False,False,4803.723727337339
1,2025-04-07 19:18:00+00:00,2025-04-07,2025-04-07 20:00:00+00:00,445621,value_area_bounce,1,50.682857142856456,17446.390000000003,17480.950625,17407.131875000003,17613.824375000004,17247.62684145726,17272.968270028687,17222.28541288583,False,False,False,5175.194446960718
1,2025-04-07 19:40:00+00:00,2025-04-07,2025-04-07 20:00:00+00:00,445643,value_area_bounce,-1,53.92357142856963,17415.640000000003,17426.624375000003,17319.22854166667,17437.363958333335,17253.32683269679,17280.288618411072,17226.365046982504,False,False,False,-2053.838232625745
1,2025-04-07 19:48:00+00:00,2025-04-07,2025-04-07 20:00:00+00:00,445651,value_area_bounce,1,48.944999999999446,17375.390000000003,17425.921250000003,17329.733750000003,17436.608750000003,17254.57703110626,17279.04953110626,17230.10453110626,False,False,False,252.02763367202624
1,2025-04-08 13:31:00+00:00,2025-04-08,2025-04-08 20:00:00+00:00,446654,value_area_bounce,-1,31.04999999999979,17994.58,17994.008125,17864.183125,18048.101875,18025.754341222473,18041.279341222475,18010.22934122247,False,False,False,-10691.75429256126
1,2025-04-08 13:35:00+00:00,2025-04-08,2025-04-08 20:00:00+00:00,446658,value_area_bounce,-1,40.48357142857198,18002.45,18006.039375,17937.001875,18052.064375,18029.365239890947,18049.607025605234,18009.12345417666,False,False,False,-29984.556456748956
1,2025-04-08 13:48:00+00:00,2025-04-08,2025-04-08 20:00:00+00:00,446671,value_area_bounce,-1,51.1642857142867,18000.08,18046.333125,17973.226875,18046.333125,18016.807913664208,18042.39005652135,17991.225770807065,False,False,False,-56.668822996382005
1,2025-04-08 13:49:00+00:00,2025-04-08,2025-04-08 20:00:00+00:00,446672,value_area_bounce,-1,49.75071428571547,17984.7,18046.333125,17973.226875,18046.333125,18016.193446708683,18041.06880385154,17991.318089565826,False,False,False,-6327.995751466787
1,2025-04-08 14:02:00+00:00,2025-04-08,2025-04-08 20:00:00+00:00,446685,opening_range_breakout,1,43.56000000000053,18162.08,18009.071875,17943.204791666667,18065.529375000002,18047.15837401208,18068.93837401208,18025.37837401208,False,False,False,8366.363914862992
1,2025-04-08 17:14:00+00:00,2025-04-08,2025-04-08 20:00:00+00:00,446877,value_area_bounce,1,43.818571428571886,17476.58,17598.42375,17464.257083333338,17682.277916666666,17926.97042107833,17948.879706792617,17905.061135364045,False,False,False,8471.950350666903
1,2025-04-08 17:18:00+00:00,2025-04-08,2025-04-08 20:00:00+00:00,446881,value_area_bounce,1,46.406428571429,17533.33,17598.42375,17497.79875,17682.277916666666,17918.1710181341,17941.374232419814,17894.967803848387,False,False,False,8316.380730456032
1,2025-04-08 17:35:00+00:00,2025-04-08,2025-04-08 20:00:00+00:00,446898,value_area_bounce,1,48.48428571428589,17462.2,17473.603125,17388.520624999997,17587.046458333338,17884.525271912767,17908.76741476991,17860.283129055624,False,False,False,267.57135082482455
1,2025-04-08 17:45:00+00:00,2025-04-08,2025-04-08 20:00:00+00:00,446908,value_area_bounce,-1,56.721428571428724,17549.08,17463.484375,17437.821875,17566.134375,17869.022083299067,17897.38279758478,17840.661369013353,False,False,False,-7774.2132131165345
1,2025-04-08 19:25:00+00:00,2025-04-08,2025-04-08 20:00:00+00:00,447008,value_area_bounce,1,44.550000000000054,17149.33,17380.567708333336,17126.273958333335,17397.520625,17737.998396326588,17760.27339632659,17715.723396326586,False,False,False,12566.494613750432
1,2025-04-08 19:41:00+00:00,2025-04-08,2025-04-08 20:00:00+00:00,447024,value_area_bounce,1,46.72285714285759,17006.58,17113.812916666666,16965.477083333335,17198.576250000002,17703.162280708275,17726.523709279703,17679.800852136847,False,False,False,5610.418993850334
1,2025-04-08 19:50:00+00:00,2025-04-08,2025-04-08 20:00:00+00:00,447033,value_area_bounce,1,56.731428571429205,16983.83,17106.96875,16964.466249999998,17208.75625,17680.101076902036,17708.46679118775,17651.73536261632,False,False,False,669.533986220431
1,2025-04-09 14:05:00+00:00,2025-04-09,2025-04-09 20:00:00+00:00,448068,value_area_bounce,-1,60.12000000000106,17345.99,17363.222500000003,17181.4725,17399.572500000002,17299.672733291813,17329.732733291814,17269.61273329181,False,False,False,-6575.857512364015
1,2025-04-09 14:23:00+00:00,2025-04-09,2025-04-09 20:00:00+00:00,448086,value_area_bounce,1,56.11428571428665,17356.74,17277.059999999998,17277.059999999998,17398.126666666667,17300.295714405387,17328.35285726253,17272.238571548245,False,False,False,4382.67686703799
1,2025-04-09 14:24:00+00:00,2025-04-09,2025-04-09 20:00:00+00:00,448087,value_area_bounce,-1,55.09928571428645,17331.86,17277.059999999998,17277.059999999998,17398.126666666667,17301.417766910996,17328.967409768138,17273.868124053854,False,False,False,-5593.9484490021505
1,2025-04-09 14:37:00+00:00,2025-04-09,2025-04-09 20:00:00+00:00,448100,value_area_bounce,-1,47.87642857142912,17352.99,17279.785,17279.785,17377.518333333333,17312.09054371009,17336.028757995802,17288.152329424374,False,False,False,-6810.553433619675
1,2025-04-09 15:04:00+00:00,2025-04-09,2025-04-09 20:00:00+00:00,448127,value_area_bounce,1,43.6478571428579,17189.24,17315.258541666666,17156.753125,17358.487291666668,17287.45558796024,17309.27951653167,17265.63165938881,False,False,False,13782.462371454621
1,2025-04-09 15:47:00+00:00,2025-04-09,2025-04-09 20:00:00+00:00,448170,value_area_bounce,1,37.39714285714321,17267.61,17309.252708333333,17192.629791666666,17330.456875,17280.203386755806,17298.90195818438,17261.504815327233,False,False,False,8007.514404627757
1,2025-04-09 16:47:00+00:00,2025-04-09,2025-04-09 20:00:00+00:00,448230,value_area_bounce,-1,29.633571428571354,17361.61,17359.55625,17300.151250000003,17389.25875,17286.517023928674,17301.33380964296,17271.700238214387,False,False,False,-1832.8288884745339
1,2025-04-09 17:19:00+00:00,2025-04-09,2025-04-09 20:00:00+00:00,448262,value_area_bounce,1,91.82928571428627,17862.91,17358.644375,17346.758958333332,17465.613125,17309.667874024493,17355.582516881637,17263.75323116735,False,False,False,9458.38699458993
1,2025-04-09 19:58:00+00:00,2025-04-09,2025-04-09 20:00:00+00:00,448421,value_area_bounce,-1,51.765000000000455,19165.11,19074.591249999998,19029.11625,19211.01625,17994.313196338182,18020.19569633818,17968.430696338182,False,False,False,-15317.371006534868
1,2025-04-09 19:59:00+00:00,2025-04-09,2025-04-09 20:00:00+00:00,448422,value_area_bounce,-1,54.327142857143244,19156.24,19074.591249999998,19029.11625,19188.278749999998,18001.318032885538,18028.48160431411,17974.154461456965,False,False,False,-12405.520747223296
1,2025-04-10 13:30:00+00:00,2025-04-10,2025-04-10 20:00:00+00:00,449413,value_area_bounce,1,29.513571428571076,18702.69,18685.701458333333,18643.983958333334,18727.418958333335,18680.77,18695.526785714286,18666.013214285715,False,False,False,4652.670322120736
1,2025-04-10 13:32:00+00:00,2025-04-10,2025-04-10 20:00:00+00:00,449415,value_area_bounce,1,39.1349999999997,18709.31,18678.748541666668,18637.03104166667,18706.560208333336,18666.197284702932,18685.764784702933,18646.62978470293,False,False,False,9896.62762422887
1,2025-04-10 13:39:00+00:00,2025-04-10,2025-04-10 20:00:00+00:00,449422,value_area_bounce,-1,63.62571428571391,18660.36,18678.748541666668,18664.842708333334,18727.418958333335,18671.77700694545,18703.589864088306,18639.964149802592,False,False,False,-9523.219809573331
1,2025-04-10 13:46:00+00:00,2025-04-10,2025-04-10 20:00:00+00:00,449429,value_area_bounce,1,62.82357142857082,18653.31,18678.556875000002,18641.881875,18761.075624999998,18647.198834111412,18678.610619825697,18615.787048397127,False,False,False,17061.818284612218
1,2025-04-10 13:50:00+00:00,2025-04-10,2025-04-10 20:00:00+00:00,449433,value_area_bounce,1,62.969999999999345,18710.44,18678.556875000002,18641.881875,18715.231874999998,18651.125451235635,18682.610451235636,18619.640451235635,False,False,False,9606.420548121929
1,2025-04-10 13:53:00+00:00,2025-04-10,2025-04-10 20:00:00+00:00,449436,value_area_bounce,1,58.824285714285516,18638.06,18678.556875000002,18623.544374999998,18696.894375,18649.636219987184,18679.048362844325,18620.224077130042,False,False,False,6160.388661622795
1,2025-04-10 16:30:00+00:00,2025-04-10,2025-04-10 20:00:00+00:00,449593,value_area_bounce,1,73.76285714285794,17973.06,18116.809374999997,17955.713125000002,18277.905625,18404.176733458095,18441.058162029523,18367.295304886666,False,False,False,13994.78139723698
1,2025-04-10 17:24:00+00:00,2025-04-10,2025-04-10 20:00:00+00:00,449647,value_area_bounce,1,52.860714285713975,18021.44,17982.594375,17982.594375,18136.344375,18325.325826001674,18351.75618314453,18298.895468858816,False,False,False,4311.513972488694
1,2025-04-10 17:34:00+00:00,2025-04-10,2025-04-10 20:00:00+00:00,449657,value_area_bounce,-1,54.03499999999959,18156.31,18136.344375,18001.813125,18174.781875,18317.963044852262,18344.98054485226,18290.945544852264,False,False,False,-5394.436635909786
1,2025-04-10 17:37:00+00:00,2025-04-10,2025-04-10 20:00:00+00:00,449660,value_area_bounce,-1,53.39571428571331,18186.94,18136.344375,18021.031875,18213.219375,18316.565498253323,18343.26335539618,18289.867641110468,False,False,False,-9809.803336352214
1,2025-04-10 17:39:00+00:00,2025-04-10,2025-04-10 20:00:00+00:00,449662,value_area_bounce,-1,53.84142857142797,18162.44,18136.344375,18021.031875,18232.438125,18315.722247223726,18342.64296150944,18288.801532938014,False,False,False,-5722.944529415647
1,2025-04-10 18:08:00+00:00,2025-04-10,2025-04-10 20:00:00+00:00,449691,value_area_bounce,-1,52.477142857143136,18309.19,18238.189166666667,18096.639166666668,18356.147500000003,18314.970565525226,18341.209136953796,18288.731994096655,False,False,False,-15264.5655232352
1,2025-04-10 18:56:00+00:00,2025-04-10,2025-04-10 20:00:00+00:00,449739,value_area_bounce,1,53.9521428571422,18399.81,18404.978750000002,18343.528749999998,18527.878750000003,18324.484916489266,18351.460987917835,18297.508845060696,False,False,False,855.4363135444528
1,2025-04-10 19:00:00+00:00,2025-04-10,2025-04-10 20:00:00+00:00,449743,value_area_bounce,1,58.731428571428424,18468.31,18404.978750000002,18389.61625,18527.878750000003,18325.630270554084,18354.9959848398,18296.26455626837,False,False,False,7918.433115035672
1,2025-04-10 19:05:00+00:00,2025-04-10,2025-04-10 20:00:00+00:00,449748,value_area_bounce,-1,54.08428571428495,18466.44,18404.978750000002,18389.61625,18497.15375,18327.737867965552,18354.780010822695,18300.69572510841,False,False,False,-1391.8298641605552
1,2025-04-10 19:31:00+00:00,2025-04-10,2025-04-10 20:00:00+00:00,449774,value_area_bounce,1,57.852142857143136,18334.69,18342.972500000003,18330.5475,18442.3725,18330.59831604702,18359.52438747559,18301.67224461845,False,False,False,3357.589670960521
1,2025-04-10 19:33:00+00:00,2025-04-10,2025-04-10 20:00:00+00:00,449776,value_area_bounce,1,56.67142857142893,18353.44,18342.972500000003,18330.5475,18442.3725,18330.65056115417,18358.986275439882,18302.314846868456,False,False,False,8575.848811589063
1,2025-04-10 19:50:00+00:00,2025-04-10,2025-04-10 20:00:00+00:00,449793,value_area_bounce,1,53.910714285713766,18292.36,18341.108125,18219.386875,18445.440625,18324.922808857424,18351.87816600028,18297.96745171457,False,False,False,5749.616997526258
1,2025-04-10 19:55:00+00:00,2025-04-10,2025-04-10 20:00:00+00:00,449798,value_area_bounce,1,63.57642857142829,18340.44,18336.816250000003,18268.532916666667,18456.312083333334,18325.022599586802,18356.810813872515,18293.23438530109,False,False,False,14323.453650125586
1,2025-04-11 13:34:00+00:00,2025-04-11,2025-04-11 20:00:00+00:00,450797,value_area_bounce,1,40.43571428571496,18290.79,18292.80541666667,18233.760416666664,18361.69125,18282.43241913494,18302.650276277796,18262.214561992085,False,False,False,1064.4556799244483
1,2025-04-11 13:35:00+00:00,2025-04-11,2025-04-11 20:00:00+00:00,450798,value_area_bounce,-1,42.04285714285782,18299.29,18262.31604166667,18252.751458333332,18329.268125000002,18286.50385286137,18307.525281432798,18265.48242428994,False,False,False,-3385.8278787236914
1,2025-04-11 13:38:00+00:00,2025-04-11,2025-04-11 20:00:00+00:00,450801,value_area_bounce,1,51.4800000000006,18347.84,18293.7775,18250.485833333332,18319.752500000002,18292.773803369906,18318.513803369908,18267.033803369904,False,False,False,5470.816351042166
1,2025-04-11 13:40:00+00:00,2025-04-11,2025-04-11 20:00:00+00:00,450803,value_area_bounce,-1,58.03785714285706,18322.79,18316.746875,18258.142291666667,18325.118958333333,18307.554716261417,18336.573644832846,18278.535787689987,False,False,False,-4969.654661566812
1,2025-04-11 15:08:00+00:00,2025-04-11,2025-04-11 20:00:00+00:00,450891,value_area_bounce,1,53.99428571428533,18272.29,18330.382708333334,18241.293125,18355.836875,18344.441045577245,18371.43818843439,18317.4439027201,False,False,False,4092.8792403548127
1,2025-04-11 17:07:00+00:00,2025-04-11,2025-04-11 20:00:00+00:00,451010,value_area_bounce,-1,32.5557142857142,18629.42,18634.845208333332,18550.221875,18645.423125,18382.58387500918,18398.861732152036,18366.30601786632,False,False,False,-2416.747620302879
1,2025-04-11 17:36:00+00:00,2025-04-11,2025-04-11 20:00:00+00:00,451039,value_area_bounce,1,36.7121428571432,18546.42,18633.454791666667,18545.972708333335,18649.360625,18397.313374598165,18415.669446026735,18378.957303169595,False,False,False,6304.9214004845235
1,2025-04-11 17:37:00+00:00,2025-04-11,2025-04-11 20:00:00+00:00,451040,value_area_bounce,1,34.631428571429105,18565.92,18633.454791666667,18545.972708333335,18649.360625,18397.832153625364,18415.14786791108,18380.516439339648,False,False,False,5214.754142003454
1,2025-04-11 17:56:00+00:00,2025-04-11,2025-04-11 20:00:00+00:00,451059,value_area_bounce,-1,36.25785714285718,18689.67,18685.189583333333,18557.488749999997,18731.62625,18417.144033183493,18435.272961754923,18399.015104612063,False,False,False,-1949.1019825379626
1,2025-04-11 18:51:00+00:00,2025-04-11,2025-04-11 20:00:00+00:00,451114,value_area_bounce,-1,26.426428571427873,18630.04,18680.680416666662,18633.617916666662,18680.680416666662,18447.937647231945,18461.15086151766,18434.72443294623,False,False,False,-3401.5752937929774
1,2025-04-11 18:53:00+00:00,2025-04-11,2025-04-11 20:00:00+00:00,451116,value_area_bounce,1,27.96214285714216,18656.42,18670.222083333334,18633.617916666662,18680.680416666662,18448.93339247237,18462.91446390094,18434.9523210438,False,False,False,363.5845381069928
1,2025-04-11 19:00:00+00:00,2025-04-11,2025-04-11 20:00:00+00:00,451123,value_area_bounce,1,30.807857142855937,18640.92,18682.20125,18629.722083333334,18682.20125,18451.653775146635,18467.057703718063,18436.249846575207,False,False,False,487.2148657549683
1,2025-04-11 19:05:00+00:00,2025-04-11,2025-04-11 20:00:00+00:00,451128,value_area_bounce,-1,30.574999999999168,18651.17,18634.492916666662,18620.180416666662,18667.88875,18453.943138541188,18469.230638541187,18438.65563854119,False,False,False,-3840.088847400103
1,2025-04-11 19:47:00+00:00,2025-04-11,2025-04-11 20:00:00+00:00,451170,value_area_bounce,1,25.88428571428553,18706.67,18699.743125,18688.263958333337,18728.441041666665,18472.498229425237,18485.44037228238,18459.556086568093,False,False,False,4100.487773012054
1,2025-04-11 19:50:00+00:00,2025-04-11,2025-04-11 20:00:00+00:00,451173,value_area_bounce,-1,26.78857142857175,18695.79,18701.774375,18685.368125,18718.180625,18473.86019998208,18487.254485696365,18460.465914267792,False,False,False,-25.64928667733011
1,2025-04-11 19:55:00+00:00,2025-04-11,2025-04-11 20:00:00+00:00,451178,value_area_bounce,-1,27.47857142857148,18709.42,18701.00875,18685.092083333337,18712.94625,18476.630409595695,18490.36969530998,18462.89112388141,False,False,False,-2212.3391987799337
1,2025-04-14 13:31:00+00:00,2025-04-14,2025-04-14 20:00:00+00:00,452159,value_area_bounce,-1,16.582857142856092,19076.82,19108.677291666667,19061.152291666665,19120.558541666665,19102.675123948437,19110.966552519865,19094.383695377008,False,False,False,-3871.2022523656296
1,2025-04-14 13:32:00+00:00,2025-04-14,2025-04-14 20:00:00+00:00,452160,value_area_bounce,-1,19.475714285712975,19075.82,19096.79604166667,19065.112708333334,19120.558541666665,19097.28620612222,19107.024063265075,19087.548348979362,False,False,False,-13625.49956733835
1,2025-04-14 15:00:00+00:00,2025-04-14,2025-04-14 20:00:00+00:00,452248,value_area_bounce,-1,23.420714285714503,18988.82,18969.833125,18917.943125,19021.723125000004,18988.70626296621,19000.416620109067,18976.995905823354,False,False,False,-13011.779024701242
1,2025-04-14 16:01:00+00:00,2025-04-14,2025-04-14 20:00:00+00:00,452309,value_area_bounce,1,26.305714285713943,18748.45,18915.456875,18736.313125,18951.285625,18942.97421480424,18956.127071947096,18929.82135766138,False,False,False,4192.149480205197
1,2025-04-14 16:20:00+00:00,2025-04-14,2025-04-14 20:00:00+00:00,452328,value_area_bounce,-1,38.15285714285632,18737.95,18707.485833333332,18644.01583333333,18749.799166666668,18917.967581252487,18937.044009823916,18898.89115268106,False,False,False,-203.73648542384944
1,2025-04-14 17:02:00+00:00,2025-04-14,2025-04-14 20:00:00+00:00,452370,value_area_bounce,1,35.62642857142782,18724.32,18723.871875,18708.142708333333,18763.19479166667,18888.309476621474,18906.12269090719,18870.49626233576,False,False,False,231.07752105441637
1,2025-04-14 17:06:00+00:00,2025-04-14,2025-04-14 20:00:00+00:00,452374,value_area_bounce,1,38.04071428571375,18709.7,18706.294166666667,18699.832500000004,18751.525833333333,18885.175052310024,18904.19540945288,18866.154695167166,False,False,False,2129.568770284465
1,2025-04-14 17:31:00+00:00,2025-04-14,2025-04-14 20:00:00+00:00,452399,value_area_bounce,-1,24.40785714285708,18717.32,18699.832500000004,18699.832500000004,18751.525833333333,18874.81672036779,18887.02064893922,18862.612791796364,False,False,False,-5361.921847799915
1,2025-04-14 19:01:00+00:00,2025-04-14,2025-04-14 20:00:00+00:00,452489,value_area_bounce,-1,16.419285714285643,18904.45,18898.763958333333,18872.106458333335,18907.649791666667,18867.601554113535,18875.811196970677,18859.391911256393,False,False,False,-743.229927587058
1,2025-04-14 19:02:00+00:00,2025-04-14,2025-04-14 20:00:00+00:00,452490,value_area_bounce,-1,16.160714285714285,18903.2,18898.763958333333,18872.106458333335,18907.649791666667,18867.664752035562,18875.74510917842,18859.584394892703,False,False,False,-143.97016389181522
1,2025-04-14 19:22:00+00:00,2025-04-14,2025-04-14 20:00:00+00:00,452510,value_area_bounce,-1,17.96071428571408,18925.82,18899.425208333334,18878.098125,18929.283125,18869.803727362538,18878.784084505394,18860.82337021968,False,False,False,-2106.8369818989154
1,2025-04-14 19:25:00+00:00,2025-04-14,2025-04-14 20:00:00+00:00,452513,value_area_bounce,-1,18.22857142857122,18926.07,18898.243125,18877.749375,18935.131875,18870.14118239249,18879.255468106774,18861.026896678206,False,False,False,-1641.0119424317031
1,2025-04-14 19:29:00+00:00,2025-04-14,2025-04-14 20:00:00+00:00,452517,value_area_bounce,-1,19.43428571428558,18918.7,18898.00375,18882.400416666667,18929.21041666667,18870.57981580824,18880.29695866538,18860.862672951098,False,False,False,-857.9691821955821
1,2025-04-15 13:35:00+00:00,2025-04-15,2025-04-15 20:00:00+00:00,453543,value_area_bounce,-1,22.268571428571573,18856.140000000003,18888.842083333333,18833.454583333332,18894.99625,18878.292482885234,18889.42676859952,18867.15819717095,False,False,False,-7892.456465848678
1,2025-04-15 13:36:00+00:00,2025-04-15,2025-04-15 20:00:00+00:00,453544,value_area_bounce,-1,24.812857142857215,18865.640000000003,18870.37958333333,18790.37541666667,18870.37958333333,18877.463631715073,18889.870060286503,18865.057203143642,False,False,False,-12572.983214005257
1,2025-04-15 14:25:00+00:00,2025-04-15,2025-04-15 20:00:00+00:00,453593,opening_range_breakout,-1,39.03428571428646,18835.140000000003,18974.23479166667,18900.918125,18983.399375,18927.450007270945,18946.96715012809,18907.9328644138,False,False,False,-5453.776345880086
1,2025-04-15 14:30:00+00:00,2025-04-15,2025-04-15 20:00:00+00:00,453598,value_area_bounce,1,40.73428571428615,18883.640000000003,18974.23479166667,18882.588958333334,18983.399375,18920.229707895785,18940.59685075293,18899.862565038642,False,False,False,3490.867746617626
1,2025-04-15 14:46:00+00:00,2025-04-15,2025-04-15 20:00:00+00:00,453614,value_area_bounce,1,31.0264285714272,18916.77,18974.23479166667,18873.424375000002,18983.399375,18917.15174294529,18932.664957231005,18901.638528659576,False,False,False,9383.857588570014
1,2025-04-15 15:25:00+00:00,2025-04-15,2025-04-15 20:00:00+00:00,453653,value_area_bounce,-1,19.991428571428383,18916.27,18906.738749999997,18886.808749999997,18926.668749999997,18917.802911992683,18927.798626278396,18907.80719770697,False,False,False,-6273.120729880214
1,2025-04-15 15:35:00+00:00,2025-04-15,2025-04-15 20:00:00+00:00,453663,value_area_bounce,1,21.501428571427823,18914.77,18906.738749999997,18901.75625,18931.651250000003,18917.44598200438,18928.196696290095,18906.695267718667,False,False,False,563.1105282177534
1,2025-04-15 15:40:00+00:00,2025-04-15,2025-04-15 20:00:00+00:00,453668,value_area_bounce,1,21.892857142857142,18901.77,18908.90541666667,18896.46791666667,18929.634583333333,18916.68279786023,18927.629226431658,18905.736369288803,False,False,False,4598.982246763309
1,2025-04-15 17:26:00+00:00,2025-04-15,2025-04-15 20:00:00+00:00,453774,value_area_bounce,1,21.24928571428609,18820.77,18839.711875,18805.830625000002,18893.921875,18911.7222036623,18922.346846519442,18901.097560805156,False,False,False,561.7679777269232
1,2025-04-15 17:28:00+00:00,2025-04-15,2025-04-15 20:00:00+00:00,453776,value_area_bounce,1,21.34785714285733,18816.890000000003,18832.48354166667,18812.07729166667,18893.70229166667,18911.101846372687,18921.775774944115,18900.42791780126,False,False,False,1664.0733371386636
1,2025-04-15 17:30:00+00:00,2025-04-15,2025-04-15 20:00:00+00:00,453778,value_area_bounce,1,21.927857142857516,18840.52,18832.48354166667,18812.07729166667,18893.70229166667,18910.400945645782,18921.36487421721,18899.437017074353,False,False,False,4333.510515917489
1,2025-04-15 17:45:00+00:00,2025-04-15,2025-04-15 20:00:00+00:00,453793,value_area_bounce,-1,18.734285714286152,18839.52,18853.576666666668,18807.23,18853.576666666668,18907.400930287877,18916.76807314502,18898.033787430733,False,False,False,-4419.835281779627
1,2025-04-15 18:07:00+00:00,2025-04-15,2025-04-15 20:00:00+00:00,453815,value_area_bounce,1,20.248571428572177,18824.77,18816.911458333336,18800.063541666666,18837.128958333335,18902.263045471624,18912.38733118591,18892.138759757338,False,False,False,3261.2302731656214
1,2025-04-15 18:25:00+00:00,2025-04-15,2025-04-15 20:00:00+00:00,453833,value_area_bounce,1,18.229285714285652,18807.52,18814.910833333335,18801.895833333336,18853.955833333337,18897.518669777837,18906.63331263498,18888.404026920696,False,False,False,3058.381194628244
1,2025-04-15 19:23:00+00:00,2025-04-15,2025-04-15 20:00:00+00:00,453891,value_area_bounce,-1,15.393571428571054,18854.02,18845.301458333335,18842.22854166667,18872.957708333335,18891.790398590554,18899.48718430484,18884.09361287627,False,False,False,-908.3464768088762
1,2025-04-15 19:28:00+00:00,2025-04-15,2025-04-15 20:00:00+00:00,453896,value_area_bounce,1,14.317857142857454,18832.52,18845.301458333335,18829.936875000003,18860.66604166667,18891.240964878798,18898.399893450227,18884.08203630737,False,False,False,890.3985835653791
1,2025-04-15 19:29:00+00:00,2025-04-15,2025-04-15 20:00:00+00:00,453897,value_area_bounce,1,14.362857142857267,18842.140000000003,18845.48354166667,18830.198125000003,18860.768958333334,18891.139621972616,18898.321050544044,18883.958193401188,False,False,False,2955.750410578492
1,2025-04-15 19:32:00+00:00,2025-04-15,2025-04-15 20:00:00+00:00,453900,value_area_bounce,1,15.639285714286027,18850.640000000003,18843.936875000003,18833.811875000003,18861.655625000003,18890.84808122316,18898.667724080304,18883.02843836602,False,False,False,3428.8696584473464
1,2025-04-15 19:42:00+00:00,2025-04-15,2025-04-15 20:00:00+00:00,453910,value_area_bounce,1,16.587857142856333,18838.27,18836.343125000003,18833.811875000003,18859.124375000003,18889.850349749373,18898.1442783208,18881.556421177946,False,False,False,247.43659160931395
1,2025-04-15 19:50:00+00:00,2025-04-15,2025-04-15 20:00:00+00:00,453918,value_area_bounce,1,16.596428571427946,18846.640000000003,18837.046250000003,18827.358750000003,18853.192083333335,18888.824108854806,18897.12232314052,18880.52589456909,False,False,False,4247.4515724839
1,2025-04-16 13:35:00+00:00,2025-04-16,2025-04-16 20:00:00+00:00,454923,value_area_bounce,1,24.93000000000003,18518.1,18522.184583333335,18500.589583333334,18532.982083333336,18510.841224005577,18523.306224005577,18498.376224005577,False,False,False,11621.8632070959
1,2025-04-16 13:45:00+00:00,2025-04-16,2025-04-16 20:00:00+00:00,454933,value_area_bounce,-1,28.7728571428566,18488.85,18510.547916666663,18457.797916666663,18528.13125,18522.654493356353,18537.040921927783,18508.268064784923,False,False,False,-4368.16144753368
1,2025-04-16 13:50:00+00:00,2025-04-16,2025-04-16 20:00:00+00:00,454938,value_area_bounce,1,29.026428571428237,18478.85,18510.547916666663,18457.797916666663,18523.735416666663,18515.20440368407,18529.717617969785,18500.691189398356,False,False,False,4994.2203463943315
1,2025-04-16 13:56:00+00:00,2025-04-16,2025-04-16 20:00:00+00:00,454944,value_area_bounce,1,28.598571428571763,18435.980000000003,18485.777083333334,18419.49291666667,18521.932083333333,18502.042802586235,18516.34208830052,18487.74351687195,False,False,False,1712.1579182835108
1,2025-04-16 15:03:00+00:00,2025-04-16,2025-04-16 20:00:00+00:00,455011,value_area_bounce,1,19.55857142857089,18505.230000000003,18509.084375,18487.209375,18536.428125,18487.91613762614,18497.695423340425,18478.136851911855,False,False,False,784.8571206631045
1,2025-04-16 16:35:00+00:00,2025-04-16,2025-04-16 20:00:00+00:00,455103,value_area_bounce,-1,16.401428571428237,18469.980000000003,18466.308125000003,18443.756041666667,18479.839375000003,18494.16762605679,18502.368340342506,18485.966911771076,False,False,False,-689.6091113630232
1,2025-04-16 17:23:00+00:00,2025-04-16,2025-04-16 20:00:00+00:00,455151,value_area_bounce,-1,14.692857142856935,18432.980000000003,18448.372500000005,18437.237500000003,18459.5075,18488.211645360276,18495.558073931705,18480.865216788847,False,False,False,-2411.1047262488
1,2025-04-16 19:12:00+00:00,2025-04-16,2025-04-16 20:00:00+00:00,455260,value_area_bounce,1,19.996428571428364,18064.230000000003,18137.50625,18021.263750000006,18211.478750000002,18391.927472819083,18401.9256871048,18381.929258533368,False,False,False,776.393917936768
1,2025-04-17 13:37:00+00:00,2025-04-17,2025-04-17 20:00:00+00:00,456305,value_area_bounce,1,30.232857142857807,18311.66,18307.612083333333,18286.224583333333,18393.162083333333,18325.694549336808,18340.810977908237,18310.578120765378,False,False,False,5229.960737580825
1,2025-04-17 13:40:00+00:00,2025-04-17,2025-04-17 20:00:00+00:00,456308,value_area_bounce,1,31.607142857143117,18303.79,18306.819375,18276.677708333333,18382.173541666663,18317.23311383851,18333.03668526708,18301.429542409936,False,False,False,11076.027444776446
1,2025-04-17 14:08:00+00:00,2025-04-17,2025-04-17 20:00:00+00:00,456336,value_area_bounce,1,34.38071428571415,18298.91,18332.642291666663,18290.17979166667,18353.873541666668,18325.695149604126,18342.88550674698,18308.50479246127,False,False,False,11275.580309486051
1,2025-04-17 14:09:00+00:00,2025-04-17,2025-04-17 20:00:00+00:00,456337,value_area_bounce,1,34.62142857142836,18302.91,18332.642291666663,18290.17979166667,18353.873541666668,18324.99438194484,18342.305096230557,18307.683667659127,False,False,False,10479.93958597143
1,2025-04-17 14:10:00+00:00,2025-04-17,2025-04-17 20:00:00+00:00,456338,value_area_bounce,1,34.764285714285506,18315.16,18297.256875,18290.17979166667,18353.873541666668,18324.562997235127,18341.94514009227,18307.180854377984,False,False,False,8495.953402078572
1,2025-04-17 15:38:00+00:00,2025-04-17,2025-04-17 20:00:00+00:00,456426,value_area_bounce,-1,23.954999999999927,18269.04,18278.222291666665,18215.201458333337,18297.128541666665,18280.07445511943,18292.05195511943,18268.09695511943,False,False,False,-4700.400573173216
1,2025-04-17 15:51:00+00:00,2025-04-17,2025-04-17 20:00:00+00:00,456439,value_area_bounce,1,25.95714285714322,18273.29,18278.222291666665,18253.013958333337,18297.128541666665,18278.608348069174,18291.586919497746,18265.629776640602,False,False,False,1954.780042461044
1,2025-04-17 15:52:00+00:00,2025-04-17,2025-04-17 20:00:00+00:00,456440,value_area_bounce,-1,25.197857142857433,18255.91,18278.222291666665,18246.711875,18290.826458333337,18278.52080153652,18291.11973010795,18265.921872965093,False,False,False,-4969.653979759306
1,2025-04-17 15:55:00+00:00,2025-04-17,2025-04-17 20:00:00+00:00,456443,value_area_bounce,1,26.590000000000146,18258.16,18279.191666666666,18251.508333333335,18295.801666666666,18277.940794718303,18291.235794718305,18264.6457947183,False,False,False,285.2698788795883
1,2025-04-17 16:05:00+00:00,2025-04-17,2025-04-17 20:00:00+00:00,456453,value_area_bounce,1,30.16142857142872,18270.41,18254.851875,18234.996874999997,18279.670625,18276.048964029327,18291.129678315043,18260.96824974361,False,False,False,2091.5322674187596
1,2025-04-17 16:06:00+00:00,2025-04-17,2025-04-17 20:00:00+00:00,456454,value_area_bounce,-1,30.71214285714294,18261.04,18255.665,18239.915,18281.915,18275.992088526204,18291.348159954774,18260.636017097633,False,False,False,-4316.932017336012
1,2025-04-17 16:10:00+00:00,2025-04-17,2025-04-17 20:00:00+00:00,456458,value_area_bounce,-1,34.007142857143016,18274.79,18255.774375,18241.493125,18284.336875,18276.57438798023,18293.5779594088,18259.570816551655,False,False,False,-8208.292471681692
1,2025-04-17 16:12:00+00:00,2025-04-17,2025-04-17 20:00:00+00:00,456460,value_area_bounce,-1,38.24428571428559,18232.41,18255.774375,18241.493125,18284.336875,18276.27688779982,18295.399030656965,18257.154744942676,False,False,False,-9576.832344008864
1,2025-04-17 16:43:00+00:00,2025-04-17,2025-04-17 20:00:00+00:00,456491,value_area_bounce,-1,22.860714285714234,18278.16,18303.665,18209.165,18317.165,18281.206625212904,18292.63698235576,18269.776268070047,False,False,False,-6531.07436599595
1,2025-04-17 18:26:00+00:00,2025-04-17,2025-04-17 20:00:00+00:00,456594,value_area_bounce,-1,16.16214285714315,18380.79,18350.4775,18338.2275,18405.6025,18292.697792074174,18300.778863502746,18284.6167206456,False,False,False,-5123.9692230947
1,2025-04-17 18:40:00+00:00,2025-04-17,2025-04-17 20:00:00+00:00,456608,value_area_bounce,-1,17.66785714285678,18380.79,18380.081666666665,18351.498333333337,18392.331666666665,18295.070742519587,18303.904671091015,18286.23681394816,False,False,False,-416.32397247154586
1,2025-04-17 18:46:00+00:00,2025-04-17,2025-04-17 20:00:00+00:00,456614,value_area_bounce,1,18.880714285714152,18378.66,18385.70229166667,18372.013958333333,18402.812708333335,18296.14882840049,18305.589185543347,18286.708471257636,False,False,False,3051.8331952434955
1,2025-04-17 19:15:00+00:00,2025-04-17,2025-04-17 20:00:00+00:00,456643,value_area_bounce,1,16.54999999999979,18273.04,18305.993125,18259.836875,18378.524375,18298.012156402663,18306.287156402665,18289.73715640266,False,False,False,1611.441642420229
1,2025-04-17 19:41:00+00:00,2025-04-17,2025-04-17 20:00:00+00:00,456669,value_area_bounce,1,20.232142857142858,18288.54,18281.263124999998,18264.121874999997,18309.831875,18296.896954570802,18307.013025999375,18286.78088314223,False,False,False,272.296607490066
1,2025-04-17 19:43:00+00:00,2025-04-17,2025-04-17 20:00:00+00:00,456671,value_area_bounce,-1,20.875,18294.29,18281.263124999998,18269.835625,18309.831875,18296.918297981698,18307.355797981698,18286.480797981698,False,False,False,-811.0307300744339
1,2025-04-17 19:54:00+00:00,2025-04-17,2025-04-17 20:00:00+00:00,456682,value_area_bounce,1,21.704285714285497,18274.16,18282.732083333336,18253.96791666667,18303.277916666666,18295.693734328725,18306.54587718587,18284.84159147158,False,False,False,1204.7273532188303
1,2025-04-21 13:35:00+00:00,2025-04-21,2025-04-21 20:00:00+00:00,457683,value_area_bounce,-1,17.601428571428187,18019.06,18042.103958333333,18016.927291666667,18045.25104166667,18040.0215190108,18048.822233296512,18031.220804725086,False,False,False,-3315.146882689359
1,2025-04-21 13:47:00+00:00,2025-04-21,2025-04-21 20:00:00+00:00,457695,value_area_bounce,1,27.936428571428355,17966.06,17991.06,17960.72666666667,18030.06,18010.63542090458,18024.60363519029,17996.667206618866,False,False,False,1292.9104988792517
1,2025-04-21 13:50:00+00:00,2025-04-21,2025-04-21 20:00:00+00:00,457698,value_area_bounce,-1,28.540714285714007,17989.06,18002.33604166667,17958.974791666667,18021.607708333333,18009.200251385773,18023.47060852863,17994.929894242916,False,False,False,-2259.129247511068
1,2025-04-21 14:00:00+00:00,2025-04-21,2025-04-21 20:00:00+00:00,457708,opening_range_breakout,-1,23.64142857142802,17870.06,17994.8725,17930.7475,18009.1225,17991.994770415695,18003.81548470141,17980.17405612998,False,False,False,-13460.785541028277
1,2025-04-21 15:06:00+00:00,2025-04-21,2025-04-21 20:00:00+00:00,457774,value_area_bounce,1,15.83071428571436,17827.18,17821.14875,17810.08625,17832.21125,17903.286837341653,17911.20219448451,17895.371480198795,False,False,False,1923.2346757513217
1,2025-04-21 16:49:00+00:00,2025-04-21,2025-04-21 20:00:00+00:00,457877,value_area_bounce,-1,11.26071428571465,17734.06,17719.440208333333,17716.013125,17746.856875,17849.56602243954,17855.196379582398,17843.93566529668,False,False,False,-3239.263310859049
1,2025-04-21 17:17:00+00:00,2025-04-21,2025-04-21 20:00:00+00:00,457905,value_area_bounce,1,12.477142857142878,17645.56,17650.345833333333,17632.460833333338,17733.809166666666,17834.801611240542,17841.040182669112,17828.563039811972,False,False,False,3136.59978647525
1,2025-04-21 18:06:00+00:00,2025-04-21,2025-04-21 20:00:00+00:00,457954,value_area_bounce,1,11.661428571428717,17622.81,17652.435208333336,17618.174791666665,17668.008125,17811.058608988125,17816.88932327384,17805.22789470241,False,False,False,1455.5220794600277
1,2025-04-21 19:00:00+00:00,2025-04-21,2025-04-21 20:00:00+00:00,458008,value_area_bounce,1,12.33642857142851,17630.31,17636.52375,17610.02375,17649.77375,17790.654964055775,17796.82317834149,17784.48674977006,False,False,False,1410.2953188676738
1,2025-04-21 19:07:00+00:00,2025-04-21,2025-04-21 20:00:00+00:00,458015,value_area_bounce,-1,12.747857142856706,17652.81,17636.52375,17626.58625,17666.33625,17787.90613090912,17794.28005948055,17781.53220233769,False,False,False,-687.9063030104696
1,2025-04-21 19:16:00+00:00,2025-04-21,2025-04-21 20:00:00+00:00,458024,value_area_bounce,-1,13.247857142856706,17657.93,17659.71125,17626.58625,17669.64875,17785.317422180993,17791.941350752422,17778.693493609564,False,False,False,-91.53117482215634
1,2025-04-22 13:30:00+00:00,2025-04-22,2025-04-22 20:00:00+00:00,459058,value_area_bounce,-1,11.017857142857403,18016.49,18039.418333333335,18020.918333333335,18048.668333333335,18029.19666666667,18034.705595238098,18023.687738095243,False,False,False,-6197.177998547419
1,2025-04-22 13:32:00+00:00,2025-04-22,2025-04-22 20:00:00+00:00,459060,value_area_bounce,-1,15.088571428571802,18042.49,18036.613958333335,18027.657708333332,18045.570208333334,18036.33217950838,18043.876465222664,18028.787893794095,False,False,False,-4162.968921702709
1,2025-04-22 13:33:00+00:00,2025-04-22,2025-04-22 20:00:00+00:00,459061,value_area_bounce,-1,16.758571428571617,18029.61,18035.55625,18029.991250000003,18043.90375,18035.654539857253,18044.03382557154,18027.275254142965,False,False,False,-6411.785937549545
1,2025-04-22 13:36:00+00:00,2025-04-22,2025-04-22 20:00:00+00:00,459064,value_area_bounce,1,19.27642857142876,18029.11,18034.305,18021.12166666667,18044.85166666667,18029.193780743255,18038.83199502897,18019.55556645754,False,False,False,239.18605910133192
1,2025-04-22 13:37:00+00:00,2025-04-22,2025-04-22 20:00:00+00:00,459065,value_area_bounce,1,21.008571428571617,18046.24,18034.305,18021.12166666667,18044.85166666667,18029.998415220885,18040.502700935172,18019.4941295066,False,False,False,8477.408281323555
1,2025-04-22 13:39:00+00:00,2025-04-22,2025-04-22 20:00:00+00:00,459067,value_area_bounce,1,24.670000000000073,18055.99,18036.39625,18024.20875,18043.70875,18032.056749789546,18044.391749789545,18019.721749789547,False,False,False,18383.601861823874
1,2025-04-22 15:55:00+00:00,2025-04-22,2025-04-22 20:00:00+00:00,459203,value_area_bounce,1,13.373571428571138,18226.11,18274.37541666667,18225.12541666667,18282.58375,18161.38853536079,18168.075321075077,18154.701749646505,False,False,False,2061.529449819521
1,2025-04-22 16:07:00+00:00,2025-04-22,2025-04-22 20:00:00+00:00,459215,value_area_bounce,-1,27.833571428571304,18333.49,18321.9625,18240.902500000004,18335.472500000003,18181.14468551358,18195.061471227866,18167.227899799294,False,False,False,-4905.159042594956
1,2025-04-22 17:09:00+00:00,2025-04-22,2025-04-22 20:00:00+00:00,459277,value_area_bounce,-1,17.399285714285984,18370.61,18365.063125,18327.250625,18380.188125,18227.105814556053,18235.805457413197,18218.40617169891,False,False,False,-710.3445899964942
1,2025-04-22 17:34:00+00:00,2025-04-22,2025-04-22 20:00:00+00:00,459302,value_area_bounce,1,32.60285714285731,18173.99,18229.553333333333,18143.846666666668,18336.68666666667,18226.15519770917,18242.456626280597,18209.853769137742,False,False,False,1406.6657806477697
1,2025-04-22 19:06:00+00:00,2025-04-22,2025-04-22 20:00:00+00:00,459394,value_area_bounce,-1,12.186428571428353,18273.86,18249.365,18249.365,18291.035000000003,18222.553286937346,18228.64650122306,18216.460072651633,False,False,False,-660.022288984737
1,2025-04-22 19:37:00+00:00,2025-04-22,2025-04-22 20:00:00+00:00,459425,value_area_bounce,1,17.455714285714357,18173.24,18173.054583333334,18161.002916666668,18275.49375,18221.33555667716,18230.06341382002,18212.607699534303,False,False,False,227.23829611830456
1,2025-04-23 13:30:00+00:00,2025-04-23,2025-04-23 20:00:00+00:00,460438,value_area_bounce,-1,11.049999999999793,18856.9,18847.40625,18830.010416666664,18868.28125,18860.626666666667,18866.15166666667,18855.101666666666,False,False,False,-1718.5012629374078
1,2025-04-23 13:39:00+00:00,2025-04-23,2025-04-23 20:00:00+00:00,460447,value_area_bounce,-1,45.332857142856874,18893.7,18858.34375,18840.11875,18894.793749999997,18889.623280679058,18912.289709250486,18866.95685210763,False,False,False,-12811.03100867878
1,2025-04-23 13:44:00+00:00,2025-04-23,2025-04-23 20:00:00+00:00,460452,value_area_bounce,-1,58.611428571428405,18929.7,18931.24375,18858.34375,18931.24375,18900.89744837013,18930.203162655846,18871.591734084417,False,False,False,-96.19573670326736
1,2025-04-23 14:04:00+00:00,2025-04-23,2025-04-23 20:00:00+00:00,460472,value_area_bounce,1,51.41357142857201,18960.9,18932.942708333336,18903.736458333333,18981.619791666668,18927.660553270645,18953.367338984932,18901.95376755636,False,False,False,46.290779583757285
1,2025-04-23 14:05:00+00:00,2025-04-23,2025-04-23 20:00:00+00:00,460473,value_area_bounce,-1,50.467142857143436,18940.03,18943.88125,18895.777083333334,18972.74375,18928.223067063995,18953.456638492567,18902.989495635422,False,False,False,-4500.1912163722845
1,2025-04-23 14:07:00+00:00,2025-04-23,2025-04-23 20:00:00+00:00,460475,value_area_bounce,-1,46.42285714285754,18929.53,18945.828125,18898.651041666668,18974.134375,18929.136741311086,18952.348169882513,18905.92531273966,False,False,False,-10718.44382636626
1,2025-04-23 14:50:00+00:00,2025-04-23,2025-04-23 20:00:00+00:00,460518,value_area_bounce,-1,23.567142857143285,18977.9,18943.675833333335,18880.009166666663,18999.384166666663,18949.515725216614,18961.299296645186,18937.73215378804,False,False,False,-6577.2602398301415
1,2025-04-23 15:53:00+00:00,2025-04-23,2025-04-23 20:00:00+00:00,460581,value_area_bounce,1,25.897857142857383,18724.9,18804.114375,18721.902291666665,18874.581875,18918.60082227596,18931.54975084739,18905.65189370453,False,False,False,19.407038952188486
1,2025-04-23 16:28:00+00:00,2025-04-23,2025-04-23 20:00:00+00:00,460616,value_area_bounce,1,24.388571428571076,18724.15,18739.11,18713.35,18807.80333333333,18890.392515716598,18902.586801430883,18878.198230002312,False,False,False,5119.122282039316
1,2025-04-23 17:53:00+00:00,2025-04-23,2025-04-23 20:00:00+00:00,460701,value_area_bounce,1,21.338571428571804,18813.28,18830.770624999997,18786.659375000003,18860.178125,18869.957713003092,18880.626998717376,18859.288427288808,False,False,False,7599.286544188859
1,2025-04-23 18:18:00+00:00,2025-04-23,2025-04-23 20:00:00+00:00,460726,value_area_bounce,-1,20.144285714286006,18820.03,18780.639583333337,18752.264583333337,18827.93125,18867.595978744852,18877.668121601993,18857.52383588771,False,False,False,-2457.794618939167
1,2025-04-23 18:23:00+00:00,2025-04-23,2025-04-23 20:00:00+00:00,460731,value_area_bounce,-1,22.966428571428487,18807.65,18826.040625,18779.894791666666,18839.884375,18867.202917707476,18878.686131993192,18855.71970342176,False,False,False,-1521.188871593119
1,2025-04-23 19:33:00+00:00,2025-04-23,2025-04-23 20:00:00+00:00,460801,value_area_bounce,1,24.16714285714235,18711.9,18744.175625,18700.026041666664,18782.018125000002,18849.344511272364,18861.428082700935,18837.260939843793,False,False,False,8398.04193029429
1,2025-04-24 14:00:00+00:00,2025-04-24,2025-04-24 20:00:00+00:00,461848,opening_range_breakout,1,18.96214285714216,18967.1,18769.9575,18730.724166666667,18858.2325,18830.920158280856,18840.401229709427,18821.439086852286,False,False,False,8292.611092376103
1,2025-04-24 15:23:00+00:00,2025-04-24,2025-04-24 20:00:00+00:00,461931,value_area_bounce,-1,15.014999999999677,19057.6,19051.582499999997,19016.2675,19066.7175,18950.628708267377,18958.136208267377,18943.121208267377,False,False,False,-5423.041068733535
1,2025-04-24 15:58:00+00:00,2025-04-24,2025-04-24 20:00:00+00:00,461966,value_area_bounce,-1,18.43571428571522,19073.85,19060.072500000002,19037.302499999998,19082.8425,18969.567088733344,18978.7849458762,18960.349231590488,False,False,False,-899.9163473651906
1,2025-04-24 17:22:00+00:00,2025-04-24,2025-04-24 20:00:00+00:00,462050,value_area_bounce,1,15.373571428572177,19138.6,19149.506875,19130.974374999998,19155.684374999997,19007.127419343982,19014.81420505827,18999.440633629696,False,False,False,910.116506077735
1,2025-04-24 17:23:00+00:00,2025-04-24,2025-04-24 20:00:00+00:00,462051,value_area_bounce,1,15.14142857142932,19142.1,19149.506875,19130.974374999998,19155.684374999997,19007.479636485557,19015.05035077127,18999.908922199844,False,False,False,3888.1673505974695
1,2025-04-24 17:33:00+00:00,2025-04-24,2025-04-24 20:00:00+00:00,462061,value_area_bounce,-1,14.506428571428062,19143.85,19149.506875,19127.885625000003,19155.684374999997,19011.165331783595,19018.418546069308,19003.912117497883,False,False,False,-2500.3609207214513
1,2025-04-25 13:31:00+00:00,2025-04-25,2025-04-25 20:00:00+00:00,463199,value_area_bounce,-1,12.491428571428644,19190.24,19213.112083333333,19151.35125,19213.112083333333,19206.163434343438,19212.40914862915,19199.917720057725,False,False,False,-3068.673620622163
1,2025-04-25 13:39:00+00:00,2025-04-25,2025-04-25 20:00:00+00:00,463207,value_area_bounce,-1,23.509285714285788,19236.620000000003,19249.68875,19178.238750000004,19249.68875,19220.22923653752,19231.983879394666,19208.474593680377,False,False,False,-525.2347242555124
1,2025-04-25 13:40:00+00:00,2025-04-25,2025-04-25 20:00:00+00:00,463208,value_area_bounce,-1,25.044285714285643,19240.74,19249.68875,19184.192916666667,19249.68875,19222.214875003112,19234.737017860254,19209.69273214597,False,False,False,-2580.0835617694024
1,2025-04-25 14:03:00+00:00,2025-04-25,2025-04-25 20:00:00+00:00,463231,value_area_bounce,-1,29.133571428571877,19207.99,19169.980625000004,19138.263125000005,19217.556875000002,19202.547077867235,19217.113863581522,19187.980292152948,False,False,False,-2870.162352046629
1,2025-04-25 14:04:00+00:00,2025-04-25,2025-04-25 20:00:00+00:00,463232,value_area_bounce,-1,29.7400000000003,19199.74,19169.980625000004,19138.263125000005,19217.556875000002,19202.782280743573,19217.652280743572,19187.912280743574,False,False,False,-5799.939323909985
1,2025-04-25 17:53:00+00:00,2025-04-25,2025-04-25 20:00:00+00:00,463461,value_area_bounce,1,27.741428571429164,19308.370000000003,19355.010208333337,19307.28479166667,19402.735625,19260.3722713954,19274.242985681114,19246.50155710969,False,False,False,1901.0786027806957
1,2025-04-25 18:02:00+00:00,2025-04-25,2025-04-25 20:00:00+00:00,463470,value_area_bounce,1,22.782857142857342,19335.120000000003,19427.620000000003,19322.620000000003,19450.120000000003,19262.139207250522,19273.53063582195,19250.747778679095,False,False,False,9990.281537776926
1,2025-04-25 18:56:00+00:00,2025-04-25,2025-04-25 20:00:00+00:00,463524,value_area_bounce,-1,14.552857142856997,19395.120000000003,19355.713750000003,19340.963750000003,19399.963750000003,19275.042329630138,19282.318758201567,19267.76590105871,False,False,False,-1083.9522223031909
1,2025-04-25 19:17:00+00:00,2025-04-25,2025-04-25 20:00:00+00:00,463545,value_area_bounce,1,13.29428571428564,19408.870000000003,19421.773125,19396.046875,19424.111875000002,19279.98729166547,19286.634434522613,19273.34014880833,False,False,False,1329.767452968251
1,2025-04-25 19:20:00+00:00,2025-04-25,2025-04-25 20:00:00+00:00,463548,value_area_bounce,1,14.00499999999998,19398.370000000003,19401.901250000003,19387.49875,19414.246250000004,19280.585260263902,19287.5877602639,19273.582760263904,False,False,False,2801.039813046864
1,2025-04-28 13:30:00+00:00,2025-04-28,2025-04-28 20:00:00+00:00,464563,value_area_bounce,1,9.960714285713559,19470.42,19467.884583333333,19446.697083333333,19467.884583333333,19459.71,19464.690357142856,19454.729642857143,False,False,False,5677.643376870679
1,2025-04-28 13:32:00+00:00,2025-04-28,2025-04-28 20:00:00+00:00,464565,value_area_bounce,-1,13.984999999998763,19443.29,19454.385625000003,19454.385625000003,19468.548125,19455.665690519334,19462.658190519334,19448.673190519334,False,False,False,-3839.7344028865996
1,2025-04-28 13:38:00+00:00,2025-04-28,2025-04-28 20:00:00+00:00,464571,value_area_bounce,1,24.639999999999677,19425.17,19454.456458333334,19412.633541666662,19469.664791666662,19427.99520414301,19440.31520414301,19415.67520414301,False,False,False,10232.37387370417
1,2025-04-28 13:40:00+00:00,2025-04-28,2025-04-28 20:00:00+00:00,464573,value_area_bounce,1,28.30999999999949,19437.67,19454.456458333334,19412.633541666662,19469.664791666662,19426.026774936174,19440.181774936173,19411.871774936175,False,False,False,7930.206452806288
1,2025-04-28 16:51:00+00:00,2025-04-28,2025-04-28 20:00:00+00:00,464764,value_area_bounce,-1,13.987142857143096,19224.79,19218.38375,19199.94625,19233.13375,19350.86069529002,19357.85426671859,19343.867123861448,False,False,False,-1109.5923852751448
1,2025-04-28 17:06:00+00:00,2025-04-28,2025-04-28 20:00:00+00:00,464779,value_area_bounce,-1,15.525714285714846,19221.17,19218.38375,19203.63375,19229.44625,19345.11363259643,19352.876489739287,19337.35077545357,False,False,False,-1645.2758219827083
1,2025-04-28 18:16:00+00:00,2025-04-28,2025-04-28 20:00:00+00:00,464849,value_area_bounce,-1,12.133571428571615,19272.29,19275.42916666667,19207.677499999998,19291.064166666663,19326.29755686588,19332.364342580167,19320.230771151593,False,False,False,-1140.7660969043268
1,2025-04-28 19:00:00+00:00,2025-04-28,2025-04-28 20:00:00+00:00,464893,value_area_bounce,-1,11.482142857142858,19329.29,19328.114374999997,19297.503125,19338.318124999998,19325.459440341914,19331.200511770487,19319.71836891334,False,False,False,-2221.6149820667565
1,2025-04-28 19:59:00+00:00,2025-04-28,2025-04-28 20:00:00+00:00,464952,value_area_bounce,-1,16.514999999999677,19429.42,19412.415,19370.415,19433.415,19335.938191635956,19344.195691635956,19327.680691635956,False,False,False,-6831.891236551066
1,2025-04-29 18:10:00+00:00,2025-04-29,2025-04-29 20:00:00+00:00,466223,value_area_bounce,-1,11.687857142856956,19564.29,19466.519166666665,19454.935833333337,19564.9775,19446.30906427172,19452.15299284315,19440.465135700295,False,False,False,-1226.0652852641274
1,2025-04-29 18:45:00+00:00,2025-04-29,2025-04-29 20:00:00+00:00,466258,value_area_bounce,-1,10.952142857142722,19565.54,19565.086875,19563.055625,19581.336875,19455.10340625565,19460.579477684223,19449.627334827077,False,False,False,-2547.9516319244594
1,2025-04-29 19:00:00+00:00,2025-04-29,2025-04-29 20:00:00+00:00,466273,value_area_bounce,1,12.23285714285677,19564.29,19569.149375,19561.024375,19581.336875,19458.286850039527,19464.403278610956,19452.170421468098,False,False,False,1323.0914520040085
1,2025-04-29 19:07:00+00:00,2025-04-29,2025-04-29 20:00:00+00:00,466280,value_area_bounce,1,14.27214285714243,19572.92,19562.295625,19562.295625,19586.756875,19459.917763988447,19467.05383541702,19452.781692559875,False,False,False,1257.9900432898644
1,2025-04-29 19:14:00+00:00,2025-04-29,2025-04-29 20:00:00+00:00,466287,value_area_bounce,1,15.324999999999948,19565.29,19568.966875,19562.295625,19582.309375,19461.59662648816,19469.25912648816,19453.934126488162,False,False,False,652.3979465806779
1,2025-04-29 19:20:00+00:00,2025-04-29,2025-04-29 20:00:00+00:00,466293,value_area_bounce,1,16.626428571429642,19557.67,19562.9725,19548.942499999997,19572.325833333332,19462.973396050893,19471.286610336607,19454.66018176518,False,False,False,1867.8463858604455
1,2025-04-29 19:46:00+00:00,2025-04-29,2025-04-29 20:00:00+00:00,466319,value_area_bounce,1,13.507857142857704,19550.54,19558.880624999998,19545.32854166667,19564.301458333335,19467.15871770551,19473.91264627694,19460.40478913408,False,False,False,3630.628910897046
1,2025-04-29 19:48:00+00:00,2025-04-29,2025-04-29 20:00:00+00:00,466321,value_area_bounce,1,13.82071428571466,19559.17,19558.880624999998,19545.32854166667,19564.301458333335,19467.494014001688,19474.404371144545,19460.58365685883,False,False,False,2750.3294951938124
1,2025-04-29 19:55:00+00:00,2025-04-29,2025-04-29 20:00:00+00:00,466328,value_area_bounce,-1,15.882857142857704,19549.42,19559.836875,19545.930625,19570.961875,19469.512675577207,19477.454104148637,19461.571247005777,False,False,False,-4324.103206863818
1,2025-04-29 19:57:00+00:00,2025-04-29,2025-04-29 20:00:00+00:00,466330,value_area_bounce,-1,15.58785714285789,19560.54,19559.836875,19545.930625,19570.961875,19469.92511537153,19477.719043942958,19462.131186800103,False,False,False,-5210.357303613674
1,2025-04-30 13:30:00+00:00,2025-04-30,2025-04-30 20:00:00+00:00,467323,value_area_bounce,-1,18.517857142857142,19144.83,19177.46125,19172.89875,19209.39875,19165.790000000005,19175.048928571432,19156.531071428577,False,False,False,-10753.052359637855
1,2025-04-30 13:48:00+00:00,2025-04-30,2025-04-30 20:00:00+00:00,467341,value_area_bounce,1,31.697142857143003,19105.960000000003,19167.76729166667,19103.32354166667,19210.72979166667,19128.474421742067,19144.322993170637,19112.625850313496,False,False,False,12539.473136821234
1,2025-04-30 13:49:00+00:00,2025-04-30,2025-04-30 20:00:00+00:00,467342,value_area_bounce,1,30.134285714285788,19117.33,19167.76729166667,19103.32354166667,19210.72979166667,19127.917095332312,19142.984238189456,19112.849952475168,False,False,False,10791.005664150565
1,2025-04-30 14:54:00+00:00,2025-04-30,2025-04-30 20:00:00+00:00,467407,value_area_bounce,-1,26.34214285714318,19225.210000000003,19232.772708333338,19149.751875,19249.376875,19142.557844596813,19155.728916025386,19129.38677316824,False,False,False,-6177.881732576106
1,2025-04-30 16:10:00+00:00,2025-04-30,2025-04-30 20:00:00+00:00,467483,value_area_bounce,-1,20.561428571428355,19330.210000000003,19323.29291666667,19315.511250000003,19350.528750000005,19198.42172634809,19208.702440633802,19188.141012062377,False,False,False,-2502.2570267980955
1,2025-04-30 16:37:00+00:00,2025-04-30,2025-04-30 20:00:00+00:00,467510,value_area_bounce,1,16.99428571428611,19322.58,19333.991250000003,19300.303750000003,19358.053750000003,19208.079599224773,19216.576742081917,19199.58245636763,False,False,False,8062.146687625631
1,2025-04-30 17:11:00+00:00,2025-04-30,2025-04-30 20:00:00+00:00,467544,value_area_bounce,1,17.795714285714503,19279.08,19296.32,19256.9,19331.36,19218.510750217072,19227.40860735993,19209.612893074216,False,False,False,277.6185847395577
1,2025-04-30 18:30:00+00:00,2025-04-30,2025-04-30 20:00:00+00:00,467623,value_area_bounce,1,20.398571428571554,19405.960000000003,19434.194375000003,19402.756875000003,19455.152708333335,19254.01103864923,19264.210324363517,19243.811752934944,False,False,False,2430.451615429099
1,2025-04-30 18:31:00+00:00,2025-04-30,2025-04-30 20:00:00+00:00,467624,value_area_bounce,1,20.23785714285727,19418.960000000003,19434.194375000003,19402.756875000003,19455.152708333335,19254.47939269484,19264.59832126627,19244.360464123412,False,False,False,2851.7776942866753
1,2025-04-30 19:30:00+00:00,2025-04-30,2025-04-30 20:00:00+00:00,467683,value_area_bounce,1,17.785714285714285,19394.710000000003,19414.371666666666,19393.871666666666,19428.038333333338,19270.94694498884,19279.839802131697,19262.05408784598,False,False,False,1752.3746024768159
1,2025-04-30 19:31:00+00:00,2025-04-30,2025-04-30 20:00:00+00:00,467684,value_area_bounce,1,17.616428571428646,19393.960000000003,19414.371666666666,19393.871666666666,19428.038333333338,19271.176584368408,19279.98479865412,19262.368370082695,False,False,False,5193.22244827902
1,2025-04-30 19:32:00+00:00,2025-04-30,2025-04-30 20:00:00+00:00,467685,value_area_bounce,1,17.616428571428646,19398.460000000003,19414.371666666666,19393.871666666666,19428.038333333338,19271.439456647484,19280.247670933197,19262.63124236177,False,False,False,4358.025945611776
1,2025-04-30 19:33:00+00:00,2025-04-30,2025-04-30 20:00:00+00:00,467686,value_area_bounce,1,17.4735714285715,19397.33,19413.533125,19395.095625,19428.897708333338,19271.69660865573,19280.433394370015,19262.959822941444,False,False,False,3640.798212530466
1,2025-04-30 19:36:00+00:00,2025-04-30,2025-04-30 20:00:00+00:00,467689,value_area_bounce,1,16.70214285714298,19394.210000000003,19414.57916666667,19393.8725,19427.520833333336,19272.403729114914,19280.754800543487,19264.05265768634,False,False,False,1851.7632195558283
1,2025-04-30 19:37:00+00:00,2025-04-30,2025-04-30 20:00:00+00:00,467690,value_area_bounce,1,17.36285714285727,19412.58,19414.57916666667,19393.8725,19427.520833333336,19272.66812621853,19281.34955478996,19263.986697647102,False,False,False,3191.3740079371373
1,2025-04-30 19:40:00+00:00,2025-04-30,2025-04-30 20:00:00+00:00,467693,value_area_bounce,1,17.05928571428584,19405.210000000003,19409.402500000004,19393.8725,19427.520833333336,19273.54518615123,19282.074829008372,19265.01554329409,False,False,False,5085.2606731374735
1,2025-05-01 13:30:00+00:00,2025-05-01,2025-05-01 20:00:00+00:00,468703,value_area_bounce,-1,11.375714285714432,19870.28,19886.078125,19872.765625,19894.953125,19879.02666666667,19884.714523809525,19873.33880952381,False,False,False,-7056.586851614223
1,2025-05-01 13:36:00+00:00,2025-05-01,2025-05-01 20:00:00+00:00,468709,value_area_bounce,1,23.96785714285735,19864.78,19850.305833333332,19847.067499999997,19879.450833333332,19855.354909548056,19867.338838119485,19843.370980976626,False,False,False,606.8389035930413
1,2025-05-01 13:37:00+00:00,2025-05-01,2025-05-01 20:00:00+00:00,468710,value_area_bounce,1,25.047857142857538,19864.53,19850.305833333332,19847.067499999997,19879.450833333332,19856.076205539448,19868.60013411088,19843.552276968017,False,False,False,4050.659012089659
1,2025-05-01 13:43:00+00:00,2025-05-01,2025-05-01 20:00:00+00:00,468716,value_area_bounce,1,31.520714285714607,19821.65,19851.399791666667,19821.512708333332,19864.208541666667,19844.84905089198,19860.609408034838,19829.08869374912,False,False,False,976.7717196314379
1,2025-05-01 13:44:00+00:00,2025-05-01,2025-05-01 20:00:00+00:00,468717,value_area_bounce,1,31.54785714285728,19841.4,19851.399791666667,19817.243125,19864.208541666667,19844.53772046005,19860.31164903148,19828.763791888625,False,False,False,5549.908185028818
1,2025-05-01 14:01:00+00:00,2025-05-01,2025-05-01 20:00:00+00:00,468734,value_area_bounce,1,31.594285714285174,19824.9,19851.472291666665,19814.771875,19867.201041666667,19849.720942124262,19865.518084981406,19833.92379926712,False,False,False,1517.6317276193258
1,2025-05-01 14:05:00+00:00,2025-05-01,2025-05-01 20:00:00+00:00,468738,value_area_bounce,1,33.4735714285715,19851.78,19851.175416666665,19814.25625,19866.997916666667,19847.24929847101,19863.986084185297,19830.512512756726,False,False,False,8791.774278597111
1,2025-05-01 14:06:00+00:00,2025-05-01,2025-05-01 20:00:00+00:00,468739,value_area_bounce,-1,33.38428571428579,19835.15,19851.175416666665,19819.53041666667,19866.997916666667,19847.17857028638,19863.870713143526,19830.486427429238,False,False,False,-1181.842523001037
1,2025-05-01 15:24:00+00:00,2025-05-01,2025-05-01 20:00:00+00:00,468817,value_area_bounce,-1,14.5,19990.03,19952.545625,19922.181041666663,19995.056041666663,19881.696502427458,19888.946502427458,19874.446502427458,False,False,False,-3697.011468064028
1,2025-05-01 15:25:00+00:00,2025-05-01,2025-05-01 20:00:00+00:00,468818,value_area_bounce,-1,14.473571428571242,19991.65,19954.78,19927.28,19993.28,19882.32114556332,19889.557931277606,19875.084359849036,False,False,False,-4755.48533921332
1,2025-05-01 16:05:00+00:00,2025-05-01,2025-05-01 20:00:00+00:00,468858,value_area_bounce,1,21.302857142857516,19886.03,19966.352916666663,19870.102916666663,19990.415416666663,19890.815674628844,19901.467103200273,19880.164246057415,False,False,False,1195.618424946912
1,2025-05-01 16:25:00+00:00,2025-05-01,2025-05-01 20:00:00+00:00,468878,value_area_bounce,1,22.300714285713962,19873.53,19883.769166666665,19835.970833333333,19917.910833333335,19888.63745012296,19899.787807265817,19877.4870929801,False,False,False,1187.9545848163361
1,2025-05-01 16:41:00+00:00,2025-05-01,2025-05-01 20:00:00+00:00,468894,value_area_bounce,1,14.526428571428758,19873.78,19882.535625,19863.680625,19910.818124999998,19888.19952771099,19895.462741996704,19880.936313425274,False,False,False,3516.183789650325
1,2025-05-01 17:27:00+00:00,2025-05-01,2025-05-01 20:00:00+00:00,468940,value_area_bounce,-1,10.188571428570867,19897.4,19869.598541666666,19834.47520833333,19913.502708333333,19888.09239214029,19893.186677854574,19882.998106426006,False,False,False,-2648.478471247368
1,2025-05-01 18:00:00+00:00,2025-05-01,2025-05-01 20:00:00+00:00,468973,value_area_bounce,1,13.724285714285154,19892.28,19921.43125,19885.389583333337,19935.847916666666,19888.236268866243,19895.098411723386,19881.3741260091,False,False,False,995.8536577516672
1,2025-05-01 18:24:00+00:00,2025-05-01,2025-05-01 20:00:00+00:00,468997,value_area_bounce,-1,11.990714285714473,19913.53,19891.722916666666,19861.827083333337,19917.347916666666,19890.03331409639,19896.028671239244,19884.037956953533,False,False,False,-4517.738720243869
1,2025-05-01 18:26:00+00:00,2025-05-01,2025-05-01 20:00:00+00:00,468999,value_area_bounce,-1,12.865000000000562,19902.03,19891.722916666666,19861.827083333337,19917.347916666666,19890.142037933645,19896.574537933644,19883.709537933646,False,False,False,-5327.738345398962
1,2025-05-01 18:46:00+00:00,2025-05-01,2025-05-01 20:00:00+00:00,469019,value_area_bounce,-1,11.855714285715035,19937.28,19928.8575,19918.3425,19949.8875,19891.589617784557,19897.517474927416,19885.6617606417,False,False,False,-117.90234718539341
1,2025-05-01 19:06:00+00:00,2025-05-01,2025-05-01 20:00:00+00:00,469039,value_area_bounce,1,12.231428571428946,19917.78,19928.764375,19907.974374999998,19936.560625,19892.70883739479,19898.824551680507,19886.593123109076,False,False,False,3496.386113874609
1,2025-05-01 19:13:00+00:00,2025-05-01,2025-05-01 20:00:00+00:00,469046,value_area_bounce,1,14.143571428571054,19912.65,19927.280208333337,19904.165625,19933.884375,19892.784151145763,19899.855936860047,19885.71236543148,False,False,False,128.38764112410854
1,2025-05-01 19:18:00+00:00,2025-05-01,2025-05-01 20:00:00+00:00,469051,value_area_bounce,1,12.48285714285677,19922.9,19927.280208333337,19914.071875,19947.092708333337,19892.983234261326,19899.224662832756,19886.741805689897,False,False,False,2306.291954151543
1,2025-05-01 19:19:00+00:00,2025-05-01,2025-05-01 20:00:00+00:00,469052,value_area_bounce,1,12.464999999999625,19922.9,19927.280208333337,19914.071875,19947.092708333337,19893.03401608607,19899.266516086067,19886.80151608607,False,False,False,3270.292646648639
1,2025-05-01 19:23:00+00:00,2025-05-01,2025-05-01 20:00:00+00:00,469056,value_area_bounce,1,12.545714285713725,19917.4,19927.280208333337,19910.769791666666,19940.488541666666,19893.2156607534,19899.488517896258,19886.942803610546,False,False,False,301.07703108161877
1,2025-05-01 19:46:00+00:00,2025-05-01,2025-05-01 20:00:00+00:00,469079,value_area_bounce,1,12.160000000000375,19910.78,19919.139583333337,19905.514583333337,19928.222916666666,19893.97342183231,19900.053421832312,19887.89342183231,False,False,False,2019.7249285941089
1,2025-05-01 19:47:00+00:00,2025-05-01,2025-05-01 20:00:00+00:00,469080,value_area_bounce,1,12.535000000000375,19919.65,19917.498958333337,19906.613541666666,19926.207291666666,19894.01596547925,19900.283465479253,19887.74846547925,False,False,False,4332.951092115357
1,2025-05-01 19:50:00+00:00,2025-05-01,2025-05-01 20:00:00+00:00,469083,value_area_bounce,-1,16.294285714285902,19874.78,19917.498958333337,19906.613541666666,19926.207291666666,19894.100550208368,19902.24769306551,19885.953407351226,False,False,False,-338.9786526132025
1,2025-05-02 13:31:00+00:00,2025-05-02,2025-05-02 20:00:00+00:00,470084,value_area_bounce,1,14.270000000000177,20017.140000000003,19997.588750000003,19992.56291666667,20037.795416666668,20003.88602604495,20011.02102604495,19996.751026044953,False,False,False,3890.593919536199
1,2025-05-02 13:33:00+00:00,2025-05-02,2025-05-02 20:00:00+00:00,470086,value_area_bounce,-1,15.815714285714941,20019.01,20010.51625,19996.45375,20024.57875,20011.44185744207,20019.34971458493,20003.534000299212,False,False,False,-225.8508216990026
1,2025-05-02 13:34:00+00:00,2025-05-02,2025-05-02 20:00:00+00:00,470087,value_area_bounce,-1,17.219285714286475,19996.390000000003,19999.208958333336,19999.208958333336,20021.448541666665,20009.849237658367,20018.45888051551,20001.239594801224,False,False,False,-4783.746832894986
1,2025-05-02 13:39:00+00:00,2025-05-02,2025-05-02 20:00:00+00:00,470092,value_area_bounce,1,24.14071428571489,19999.26,20016.125625,19979.608958333334,20020.690208333333,19992.094925672634,20004.16528281549,19980.024568529778,False,False,False,5058.390157021182
1,2025-05-02 13:44:00+00:00,2025-05-02,2025-05-02 20:00:00+00:00,470097,value_area_bounce,1,27.13571428571387,20009.640000000003,20016.125625,19993.302708333333,20016.125625,19996.599051604313,20010.16690874717,19983.031194461455,False,False,False,5426.375360983169
1,2025-05-02 13:54:00+00:00,2025-05-02,2025-05-02 20:00:00+00:00,470107,value_area_bounce,1,28.8964285714267,19983.390000000003,20007.605000000003,19982.455,20042.815000000002,19989.89206835358,20004.340282639292,19975.443854067868,False,False,False,9702.940792866744
1,2025-05-02 13:55:00+00:00,2025-05-02,2025-05-02 20:00:00+00:00,470108,value_area_bounce,1,28.860714285712415,20003.26,20007.605000000003,19982.455,20042.815000000002,19990.063145090426,20004.493502233283,19975.63278794757,False,False,False,9131.61418743958
1,2025-05-02 14:01:00+00:00,2025-05-02,2025-05-02 20:00:00+00:00,470114,value_area_bounce,1,26.769285714284965,19994.890000000003,20007.605000000003,19977.425000000003,20042.815000000002,19989.06085994539,20002.445502802533,19975.67621708825,False,False,False,5130.949989873936
1,2025-05-02 15:31:00+00:00,2025-05-02,2025-05-02 20:00:00+00:00,470204,value_area_bounce,1,14.272857142856603,20070.390000000003,20054.693125,20051.719375,20075.509375,20029.364618812877,20036.501047384307,20022.228190241447,False,False,False,3876.249023376057
1,2025-05-02 17:21:00+00:00,2025-05-02,2025-05-02 20:00:00+00:00,470314,value_area_bounce,1,11.366428571428903,20142.390000000003,20145.301875,20139.666041666667,20170.663125000003,20062.142183265492,20067.825397551205,20056.45896897978,False,False,False,3918.9912715145
1,2025-05-02 17:35:00+00:00,2025-05-02,2025-05-02 20:00:00+00:00,470328,value_area_bounce,1,13.18000000000133,20118.51,20115.909166666665,20107.424166666664,20152.6775,20063.96010782782,20070.55010782782,20057.37010782782,False,False,False,1373.4371186954395
1,2025-05-02 17:50:00+00:00,2025-05-02,2025-05-02 20:00:00+00:00,470343,value_area_bounce,-1,12.044285714285381,20112.390000000003,20116.675,20111.934999999998,20128.525,20066.026697710513,20072.048840567655,20060.00455485337,False,False,False,-2523.885325955599
1,2025-05-02 18:42:00+00:00,2025-05-02,2025-05-02 20:00:00+00:00,470395,value_area_bounce,-1,8.089285714285714,20164.640000000003,20157.629375,20141.411875,20168.441041666665,20072.759616440155,20076.804259297296,20068.714973583013,False,False,False,-1261.4295858518976
1,2025-05-02 18:45:00+00:00,2025-05-02,2025-05-02 20:00:00+00:00,470398,value_area_bounce,-1,8.09714285714186,20165.390000000003,20157.681666666667,20145.365,20169.998333333333,20073.203305674855,20077.251877103427,20069.154734246284,False,False,False,-1492.8110041961868
1,2025-05-02 19:34:00+00:00,2025-05-02,2025-05-02 20:00:00+00:00,470447,value_area_bounce,1,10.421428571430235,20120.890000000003,20133.223333333335,20115.49,20136.77,20078.560016543026,20083.770730828743,20073.34930225731,False,False,False,455.11039129044116
1,2025-05-02 19:38:00+00:00,2025-05-02,2025-05-02 20:00:00+00:00,470451,value_area_bounce,1,11.18000000000133,20121.890000000003,20119.796250000003,20117.108750000003,20138.608750000003,20078.901270979808,20084.491270979808,20073.311270979808,False,False,False,4114.136668083894
1,2025-05-06 13:31:00+00:00,2025-05-06,2025-05-06 20:00:00+00:00,472809,value_area_bounce,1,12.794285714285902,19734.18,19712.312500000004,19703.987500000003,19737.287500000002,19718.378264279403,19724.775407136545,19711.98112142226,False,False,False,6074.03724724922
1,2025-05-06 13:46:00+00:00,2025-05-06,2025-05-06 20:00:00+00:00,472824,value_area_bounce,-1,21.072142857142484,19742.050000000003,19768.800000000003,19740.800000000003,19768.800000000003,19750.80447534838,19761.34054677695,19740.26840391981,False,False,False,-3988.8674421555006
1,2025-05-06 16:20:00+00:00,2025-05-06,2025-05-06 20:00:00+00:00,472978,value_area_bounce,-1,25.87071428571497,19857.050000000003,19814.864375,19808.890625,19862.654375000002,19790.919262722382,19803.85461986524,19777.983905579524,False,False,False,-2920.622061058811
1,2025-05-06 17:20:00+00:00,2025-05-06,2025-05-06 20:00:00+00:00,473038,value_area_bounce,-1,13.009285714285527,19807.800000000003,19811.325833333336,19790.075833333336,19829.034166666665,19797.79613095314,19804.300773810282,19791.291488095994,False,False,True,-2548.4228304890557
1,2025-05-06 19:18:00+00:00,2025-05-06,2025-05-06 20:00:00+00:00,473156,value_area_bounce,-1,10.955000000000187,19854.800000000003,19842.28958333334,19837.997916666667,19859.456250000003,19801.49963116844,19806.97713116844,19796.02213116844,False,False,False,-1568.5728724006324
1,2025-05-07 13:31:00+00:00,2025-05-07,2025-05-07 20:00:00+00:00,474189,value_area_bounce,1,13.892857142857403,19834.640000000003,19800.685833333337,19788.860833333336,19836.160833333335,19809.70094839358,19816.647376965007,19802.754519822152,False,False,False,340.59987883901067
1,2025-05-07 13:32:00+00:00,2025-05-07,2025-05-07 20:00:00+00:00,474190,value_area_bounce,-1,14.687857142857736,19819.390000000003,19820.39416666667,19800.685833333337,19840.1025,19815.26507217437,19822.6090007458,19807.92114360294,False,False,False,-6885.994064884881
1,2025-05-07 13:33:00+00:00,2025-05-07,2025-05-07 20:00:00+00:00,474191,value_area_bounce,-1,15.87500000000052,19826.76,19824.335833333338,19808.569166666668,19840.1025,19818.40708099237,19826.34458099237,19810.46958099237,False,False,False,-8223.223028205468
1,2025-05-07 13:48:00+00:00,2025-05-07,2025-05-07 20:00:00+00:00,474206,value_area_bounce,-1,22.299285714284842,19823.01,19803.183750000004,19788.371250000004,19829.846250000002,19820.081676367376,19831.231319224516,19808.932033510235,False,False,False,-6891.599890804019
1,2025-05-07 13:53:00+00:00,2025-05-07,2025-05-07 20:00:00+00:00,474211,value_area_bounce,-1,23.743571428571677,19813.26,19802.944375000003,19779.95229166667,19825.936458333337,19817.758574304775,19829.630360019062,19805.886788590487,False,False,False,-7937.0473089329935
1,2025-05-07 16:06:00+00:00,2025-05-07,2025-05-07 20:00:00+00:00,474344,value_area_bounce,-1,14.220714285715076,19750.890000000003,19729.900625,19709.70270833333,19755.869375,19798.342856391155,19805.453213534012,19791.232499248297,False,False,False,-1571.3983323419873
1,2025-05-07 16:21:00+00:00,2025-05-07,2025-05-07 20:00:00+00:00,474359,value_area_bounce,-1,15.114999999999002,19743.76,19762.125833333335,19741.744166666667,19770.860833333336,19796.213241422207,19803.770741422206,19788.655741422208,False,False,False,-977.6219769418271
1,2025-05-07 18:12:00+00:00,2025-05-07,2025-05-07 20:00:00+00:00,474470,value_area_bounce,1,34.74071428571499,19639.390000000003,19640.15229166667,19611.85604166667,19781.633541666666,19783.51231436216,19800.882671505016,19766.141957219304,False,False,False,4404.346001136032
1,2025-05-07 18:47:00+00:00,2025-05-07,2025-05-07 20:00:00+00:00,474505,value_area_bounce,-1,28.257857142857183,19727.76,19673.957708333335,19603.551458333335,19736.54104166667,19770.206797525287,19784.335726096717,19756.077868953857,False,False,False,-5095.795424875875
1,2025-05-07 19:11:00+00:00,2025-05-07,2025-05-07 20:00:00+00:00,474529,value_area_bounce,-1,25.653571428571013,19759.01,19696.10895833333,19652.17145833333,19769.338125,19768.330760184363,19781.157545898648,19755.503974470077,False,False,False,-2248.6767961198066
1,2025-05-07 19:54:00+00:00,2025-05-07,2025-05-07 20:00:00+00:00,474572,value_area_bounce,-1,57.76642857142828,19821.890000000003,19787.640833333335,19690.93416666667,19835.994166666667,19775.44182872288,19804.325043008594,19746.558614437166,False,False,False,-830.951807209316
1,2025-05-08 13:30:00+00:00,2025-05-08,2025-05-08 20:00:00+00:00,475568,value_area_bounce,1,9.187857142857476,20091.69,20089.738125000003,20081.356874999998,20103.706875,20086.23,20090.82392857143,20081.63607142857,False,False,False,5423.0346214009105
1,2025-05-08 13:37:00+00:00,2025-05-08,2025-05-08 20:00:00+00:00,475575,value_area_bounce,1,16.832857142857392,20059.56,20088.005833333336,20053.280833333334,20111.15583333333,20058.994071683752,20067.41050025518,20050.577643112323,False,False,False,2614.748290701974
1,2025-05-08 13:41:00+00:00,2025-05-08,2025-05-08 20:00:00+00:00,475579,value_area_bounce,1,22.29714285714285,20052.19,20087.186875,20048.430625,20108.718125,20053.268169069288,20064.416740497858,20042.119597640718,False,False,False,5139.634440327298
1,2025-05-08 13:51:00+00:00,2025-05-08,2025-05-08 20:00:00+00:00,475589,value_area_bounce,1,20.660000000000373,20013.94,20047.66395833333,19996.684791666667,20057.859791666666,20043.334380241147,20053.66438024115,20033.004380241146,False,False,False,4081.5227919564322
1,2025-05-08 13:52:00+00:00,2025-05-08,2025-05-08 20:00:00+00:00,475590,value_area_bounce,1,20.580000000000187,20006.69,20047.66395833333,19996.684791666667,20057.859791666666,20041.988574960276,20052.278574960277,20031.698574960275,False,False,False,4294.52043779002
1,2025-05-08 13:55:00+00:00,2025-05-08,2025-05-08 20:00:00+00:00,475593,value_area_bounce,1,18.78428571428646,20012.44,20047.66395833333,19996.684791666667,20057.859791666666,20039.26394969704,20048.656092554185,20029.871806839896,False,False,False,4730.795712834983
1,2025-05-08 14:00:00+00:00,2025-05-08,2025-05-08 20:00:00+00:00,475598,value_area_bounce,1,21.002857142858506,20025.19,20047.66395833333,20006.880624999998,20057.859791666666,20036.7320851124,20047.233513683826,20026.23065654097,False,False,False,8299.570472085674
1,2025-05-08 14:22:00+00:00,2025-05-08,2025-05-08 20:00:00+00:00,475620,opening_range_breakout,-1,21.06428571428478,19983.69,20047.9975,19996.7475,20058.2475,20020.381949167644,20030.91409202479,20009.8498063105,False,False,False,-758.6990096539548
1,2025-05-08 14:36:00+00:00,2025-05-08,2025-05-08 20:00:00+00:00,475634,value_area_bounce,-1,18.322857142856396,19998.94,20011.83604166667,19962.46104166667,20011.83604166667,20017.8608443102,20027.022272881626,20008.69941573877,False,False,False,-2138.7508343364348
1,2025-05-08 14:44:00+00:00,2025-05-08,2025-05-08 20:00:00+00:00,475642,value_area_bounce,1,20.938571428570867,19994.94,19995.377708333333,19970.690208333333,20011.83604166667,20015.263842404507,20025.733128118794,20004.79455669022,False,False,False,5375.591778001415
1,2025-05-08 15:06:00+00:00,2025-05-08,2025-05-08 20:00:00+00:00,475664,value_area_bounce,1,34.4507142857149,19960.19,19985.533333333333,19951.013333333332,20031.559999999998,19999.19163153318,20016.41698867604,19981.96627439032,False,False,False,3486.0793354246
1,2025-05-08 17:42:00+00:00,2025-05-08,2025-05-08 20:00:00+00:00,475820,value_area_bounce,1,11.937857142856956,20201.81,20225.012916666667,20194.75458333333,20231.064583333333,20079.07359336976,20085.04252194119,20073.10466479833,False,False,False,1910.586763928401
1,2025-05-08 17:50:00+00:00,2025-05-08,2025-05-08 20:00:00+00:00,475828,value_area_bounce,1,10.928571428571429,20202.06,20222.262916666667,20197.09625,20231.700416666667,20080.90927326546,20086.373558979747,20075.444987551175,False,False,False,2605.9761964545332
1,2025-05-08 17:52:00+00:00,2025-05-08,2025-05-08 20:00:00+00:00,475830,value_area_bounce,1,10.312142857143044,20210.31,20225.24208333333,20203.40875,20238.887916666667,20081.358275438044,20086.514346866614,20076.202204009474,False,False,False,4273.86742727011
1,2025-05-08 18:06:00+00:00,2025-05-08,2025-05-08 20:00:00+00:00,475844,value_area_bounce,1,13.061428571429133,20171.44,20194.153749999998,20168.613749999997,20213.30875,20084.909684396327,20091.44039868204,20078.378970110614,False,False,False,537.3826094237763
1,2025-05-08 18:16:00+00:00,2025-05-08,2025-05-08 20:00:00+00:00,475854,value_area_bounce,-1,11.257142857143792,20200.56,20192.778541666667,20174.341041666667,20208.143125,20086.949464275527,20092.5780357041,20081.320892846954,False,False,False,-796.6552292326954
1,2025-05-08 19:06:00+00:00,2025-05-08,2025-05-08 20:00:00+00:00,475904,value_area_bounce,1,12.410714285714286,20202.06,20195.071874999998,20190.45770833333,20220.449791666666,20097.302760698494,20103.508117841353,20091.097403555636,False,False,False,1269.0595162689106
1,2025-05-08 19:14:00+00:00,2025-05-08,2025-05-08 20:00:00+00:00,475912,value_area_bounce,1,10.73357142857068,20199.56,20195.071874999998,20190.45770833333,20218.142708333333,20098.78966799712,20104.156453711406,20093.422882282834,False,False,False,427.1209354192405
1,2025-05-08 19:17:00+00:00,2025-05-08,2025-05-08 20:00:00+00:00,475915,value_area_bounce,1,10.497857142856446,20195.56,20200.779791666668,20187.312291666665,20218.736458333333,20099.40072330193,20104.64965187336,20094.1517947305,False,False,False,919.5004789717469
1,2025-05-08 19:47:00+00:00,2025-05-08,2025-05-08 20:00:00+00:00,475945,value_area_bounce,1,15.65714285714291,20164.56,20202.07020833333,20147.94520833333,20229.13270833333,20107.416830575272,20115.245402003842,20099.5882591467,False,False,False,1727.719047839145
1,2025-05-09 13:30:00+00:00,2025-05-09,2025-05-09 20:00:00+00:00,476948,value_area_bounce,1,8.894285714285745,20175.19,20159.066041666665,20147.982708333337,20170.149375,20168.97333333333,20173.420476190473,20164.52619047619,False,False,False,2653.4713549985945
1,2025-05-09 13:32:00+00:00,2025-05-09,2025-05-09 20:00:00+00:00,476950,value_area_bounce,1,11.091428571428489,20170.57,20168.37541666667,20158.19625,20172.737916666665,20167.14762122107,20172.693335506785,20161.601906935353,False,False,False,2326.207650778949
1,2025-05-09 13:33:00+00:00,2025-05-09,2025-05-09 20:00:00+00:00,476951,value_area_bounce,1,12.0114285714283,20172.57,20168.37541666667,20159.650416666664,20172.737916666665,20167.403926969888,20173.409641255603,20161.398212684173,False,False,False,6066.651979783785
1,2025-05-09 13:42:00+00:00,2025-05-09,2025-05-09 20:00:00+00:00,476960,value_area_bounce,-1,18.22214285714264,20168.32,20169.417083333334,20155.442083333335,20178.73375,20176.73880303687,20185.849874465443,20167.6277316083,False,False,False,-6312.222801856475
1,2025-05-09 13:51:00+00:00,2025-05-09,2025-05-09 20:00:00+00:00,476969,value_area_bounce,1,16.68357142857115,20159.32,20169.72125,20157.325416666667,20179.637916666667,20170.762489518107,20179.104275232392,20162.420703803822,False,False,False,3947.3224372170607
1,2025-05-09 13:55:00+00:00,2025-05-09,2025-05-09 20:00:00+00:00,476973,value_area_bounce,1,17.187857142857215,20159.32,20170.3775,20151.6275,20179.7525,20167.42098931963,20176.01491789106,20158.8270607482,False,False,False,3099.4856771443146
1,2025-05-09 13:57:00+00:00,2025-05-09,2025-05-09 20:00:00+00:00,476975,value_area_bounce,1,17.268571428571573,20164.32,20170.3775,20148.5025,20173.5025,20167.00205871589,20175.636344430175,20158.367773001606,False,False,False,5376.089250879178
1,2025-05-09 14:11:00+00:00,2025-05-09,2025-05-09 20:00:00+00:00,476989,value_area_bounce,-1,15.502142857143294,20170.07,20170.3775,20129.7525,20179.7525,20170.414585219998,20178.16565664857,20162.663513791427,False,False,False,-3154.7733679460425
1,2025-05-09 15:45:00+00:00,2025-05-09,2025-05-09 20:00:00+00:00,477083,value_area_bounce,1,16.579285714285497,20067.32,20070.919583333332,20043.777083333334,20070.919583333332,20100.107839656852,20108.397482513996,20091.818196799708,False,False,False,4010.216971432798
1,2025-05-09 16:03:00+00:00,2025-05-09,2025-05-09 20:00:00+00:00,477101,value_area_bounce,-1,11.839285714285714,20057.94,20046.318958333333,20046.318958333333,20075.748125,20098.43053732153,20104.35018017867,20092.510894464387,False,False,False,-2343.1089311177657
1,2025-05-09 16:15:00+00:00,2025-05-09,2025-05-09 20:00:00+00:00,477113,value_area_bounce,1,15.90214285714293,20038.07,20046.710625,20034.444375,20075.331875,20094.414221995718,20102.36529342429,20086.463150567146,False,False,False,7844.960139063563
1,2025-05-09 17:22:00+00:00,2025-05-09,2025-05-09 20:00:00+00:00,477180,value_area_bounce,1,15.812857142857215,20030.94,20026.6325,19996.572500000002,20031.6425,20081.123855863883,20089.030284435314,20073.217427292453,False,False,False,1332.6932855159744
1,2025-05-09 17:23:00+00:00,2025-05-09,2025-05-09 20:00:00+00:00,477181,value_area_bounce,-1,17.312857142857215,20015.44,20012.77375,20003.94625,20030.42875,20080.830493861748,20089.486922433178,20072.174065290317,False,False,False,-937.8092655044338
1,2025-05-09 17:31:00+00:00,2025-05-09,2025-05-09 20:00:00+00:00,477189,value_area_bounce,-1,17.571428571428573,20019.44,20027.361041666667,20005.404375,20027.361041666667,20079.627086227458,20088.41280051317,20070.841371941744,False,False,False,-5341.464380529795
1,2025-05-09 18:31:00+00:00,2025-05-09,2025-05-09 20:00:00+00:00,477249,value_area_bounce,1,10.070714285714141,20059.32,20062.293749999997,20049.63875,20074.94875,20076.845957284557,20081.881314427414,20071.8106001417,False,False,False,2924.497636185166
1,2025-05-09 18:36:00+00:00,2025-05-09,2025-05-09 20:00:00+00:00,477254,value_area_bounce,1,9.276428571428498,20055.82,20062.293749999997,20049.63875,20074.94875,20076.676907446177,20081.315121731892,20072.038693160463,False,False,False,1232.6736048822277
1,2025-05-09 18:52:00+00:00,2025-05-09,2025-05-09 20:00:00+00:00,477270,value_area_bounce,-1,8.95571428571436,20055.69,20054.3825,20042.6325,20062.215833333335,20076.239163361264,20080.717020504122,20071.761306218406,False,False,False,-933.9008533014224
1,2025-05-09 19:21:00+00:00,2025-05-09,2025-05-09 20:00:00+00:00,477299,value_area_bounce,-1,11.295000000000073,20073.94,20066.918333333335,20045.291666666664,20085.841666666667,20076.53908068831,20082.18658068831,20070.891580688312,False,False,False,-1256.624774425171
1,2025-05-09 19:25:00+00:00,2025-05-09,2025-05-09 20:00:00+00:00,477303,value_area_bounce,-1,10.65285714285736,20078.94,20066.918333333335,20050.698333333334,20085.841666666667,20076.558151067395,20081.884579638823,20071.231722495966,False,False,False,-230.9873079271249
1,2025-05-09 19:26:00+00:00,2025-05-09,2025-05-09 20:00:00+00:00,477304,value_area_bounce,-1,10.528571428571793,20077.94,20066.918333333335,20050.698333333334,20083.138333333332,20076.564727991325,20081.82901370561,20071.30044227704,False,False,False,-661.935594342181
1,2025-05-09 19:27:00+00:00,2025-05-09,2025-05-09 20:00:00+00:00,477305,value_area_bounce,-1,10.60857142857172,20081.19,20066.793124999997,20048.963541666664,20087.169791666667,20076.573715175597,20081.878000889883,20071.26942946131,False,False,False,-1585.587687365437
1,2025-05-09 19:29:00+00:00,2025-05-09,2025-05-09 20:00:00+00:00,477307,value_area_bounce,-1,10.161428571428717,20080.44,20066.793124999997,20048.963541666664,20087.169791666667,20076.59161848544,20081.672332771155,20071.510904199724,False,False,False,-3948.607654046099
1,2025-05-09 19:42:00+00:00,2025-05-09,2025-05-09 20:00:00+00:00,477320,value_area_bounce,1,11.714285714285714,20081.69,20076.403124999997,20074.001875,20102.816874999997,20076.565785845924,20082.422928703065,20070.708642988782,False,False,True,1538.085609085485
1,2025-05-09 19:44:00+00:00,2025-05-09,2025-05-09 20:00:00+00:00,477322,value_area_bounce,1,10.795714285714505,20083.82,20076.403124999997,20076.403124999997,20100.415625,20076.59332194358,20081.991179086435,20071.195464800723,False,False,False,3920.0236795836477
1,2025-05-09 19:50:00+00:00,2025-05-09,2025-05-09 20:00:00+00:00,477328,value_area_bounce,1,11.349285714285932,20078.32,20076.403124999997,20074.001875,20100.415625,20076.46831120658,20082.142954063722,20070.793668349437,False,False,False,723.5546455104693
1,2025-05-09 19:53:00+00:00,2025-05-09,2025-05-09 20:00:00+00:00,477331,value_area_bounce,1,11.98357142857172,20079.07,20076.403124999997,20069.199374999997,20088.409375,20076.44739690334,20082.439182617625,20070.455611189052,False,False,False,2400.1233467265793
1,2025-05-09 19:55:00+00:00,2025-05-09,2025-05-09 20:00:00+00:00,477333,value_area_bounce,-1,14.473571428571502,20061.69,20076.403124999997,20069.199374999997,20088.409375,20076.444770813367,20083.681556527652,20069.20798509908,False,False,False,-302.21154511974646
1,2025-05-12 13:43:00+00:00,2025-05-12,2025-05-12 20:00:00+00:00,478312,value_area_bounce,1,30.438571428571645,20693.66,20758.401875,20686.083124999997,20766.43729166667,20736.64453102211,20751.863816736397,20721.425245307822,False,False,False,612.2150015858356
1,2025-05-12 13:44:00+00:00,2025-05-12,2025-05-12 20:00:00+00:00,478313,value_area_bounce,1,28.03642857142872,20705.16,20758.401875,20686.083124999997,20766.43729166667,20734.739097853508,20748.757312139223,20720.720883567792,False,False,False,1504.4236349196217
1,2025-05-12 13:47:00+00:00,2025-05-12,2025-05-12 20:00:00+00:00,478316,value_area_bounce,1,25.705714285714357,20700.16,20710.189374999998,20678.04770833333,20758.401875,20730.13440012712,20742.98725726998,20717.281542984263,False,False,False,8180.209665313254
1,2025-05-12 13:55:00+00:00,2025-05-12,2025-05-12 20:00:00+00:00,478324,value_area_bounce,-1,25.705714285714357,20725.03,20709.908124999998,20678.01645833333,20757.745625,20730.730274724847,20743.583131867705,20717.87741758199,False,False,False,-114.6798366113253
1,2025-05-12 15:39:00+00:00,2025-05-12,2025-05-12 20:00:00+00:00,478428,value_area_bounce,-1,13.409285714285422,20710.41,20713.455,20700.705,20721.105000000003,20717.312584384283,20724.017227241424,20710.60794152714,False,False,True,-271.71749006191794
1,2025-05-12 16:03:00+00:00,2025-05-12,2025-05-12 20:00:00+00:00,478452,value_area_bounce,1,13.634285714285786,20702.16,20697.970625,20691.414375,20715.45395833333,20715.93899639599,20722.756139253135,20709.121853538847,False,False,False,4329.453081860471
1,2025-05-12 18:29:00+00:00,2025-05-12,2025-05-12 20:00:00+00:00,478598,value_area_bounce,-1,7.571428571428571,20852.31,20852.857083333336,20837.64875,20852.857083333336,20738.482393817474,20742.268108103188,20734.69667953176,False,False,False,-762.0715382944871
1,2025-05-12 18:44:00+00:00,2025-05-12,2025-05-12 20:00:00+00:00,478613,value_area_bounce,-1,7.109285714285891,20852.18,20853.248333333333,20838.99166666667,20857.321666666667,20740.705303042512,20744.259945899656,20737.15066018537,False,False,False,-657.209663203624
1,2025-05-12 19:04:00+00:00,2025-05-12,2025-05-12 20:00:00+00:00,478633,value_area_bounce,1,10.522857142856862,20843.43,20853.435208333336,20834.993125,20866.608125000002,20744.13931974746,20749.40074831889,20738.87789117603,False,False,False,2584.7402774330585
1,2025-05-12 19:16:00+00:00,2025-05-12,2025-05-12 20:00:00+00:00,478645,value_area_bounce,1,9.107142857142858,20838.68,20853.435208333336,20829.723958333336,20856.06979166667,20745.967580078395,20750.521151506968,20741.414008649823,False,False,False,1720.3245017218715
1,2025-05-12 19:27:00+00:00,2025-05-12,2025-05-12 20:00:00+00:00,478656,value_area_bounce,1,9.64142857142828,20813.93,20840.262291666666,20811.281875,20842.896875000002,20747.417379187948,20752.23809347366,20742.596664902234,False,False,False,35.6756967184765
1,2025-05-12 19:37:00+00:00,2025-05-12,2025-05-12 20:00:00+00:00,478666,value_area_bounce,1,10.192857142856676,20811.68,20812.704375,20808.026875000003,20836.091875,20748.751994007467,20753.848422578896,20743.655565436038,False,False,False,113.87644375545494
1,2025-05-13 13:31:00+00:00,2025-05-13,2025-05-13 20:00:00+00:00,479680,value_area_bounce,1,11.67928571428534,20929.59,20915.392083333332,20915.392083333332,20933.93375,20918.05709540756,20923.896738264702,20912.217452550416,False,False,False,1535.3538410711772
1,2025-05-13 16:13:00+00:00,2025-05-13,2025-05-13 20:00:00+00:00,479842,value_area_bounce,1,11.169999999999813,21215.210000000003,21213.39125,21196.517916666668,21217.609583333335,21107.987916683214,21113.572916683213,21102.402916683215,False,False,False,4112.848685825967
1,2025-05-13 17:00:00+00:00,2025-05-13,2025-05-13 20:00:00+00:00,479889,value_area_bounce,-1,7.7492857142860885,21242.59,21225.230625000004,21184.295625,21245.698125000003,21123.038718107524,21126.913360964667,21119.16407525038,False,False,False,-2923.718813771083
1,2025-05-13 17:15:00+00:00,2025-05-13,2025-05-13 20:00:00+00:00,479904,value_area_bounce,1,9.060714285715221,21244.460000000003,21238.923125,21234.058958333335,21258.37979166667,21127.47408330048,21132.004440443336,21122.943726157624,False,False,False,1281.74874138356
1,2025-05-13 17:43:00+00:00,2025-05-13,2025-05-13 20:00:00+00:00,479932,value_area_bounce,-1,8.167857142858079,21249.460000000003,21241.866250000003,21228.887083333335,21256.699583333335,21135.35649853479,21139.44042710622,21131.272569963363,False,False,False,-1321.5551621163977
1,2025-05-13 17:52:00+00:00,2025-05-13,2025-05-13 20:00:00+00:00,479941,value_area_bounce,-1,8.47285714285733,21247.09,21241.866250000003,21228.887083333335,21258.553750000003,21137.61715903156,21141.85358760299,21133.380730460132,False,False,False,-982.538430111515
1,2025-05-13 18:44:00+00:00,2025-05-13,2025-05-13 20:00:00+00:00,479993,value_area_bounce,1,8.08142857142801,21215.710000000003,21220.616250000003,21214.928750000003,21231.991250000003,21147.93340952405,21151.974123809763,21143.892695238334,False,False,False,96.57287975796612
1,2025-05-13 18:53:00+00:00,2025-05-13,2025-05-13 20:00:00+00:00,480002,value_area_bounce,1,8.117142857142296,21223.09,21227.898125,21220.579375,21236.680625,21149.10321062063,21153.1617820492,21145.04463919206,False,False,False,848.8183371991205
1,2025-05-13 19:43:00+00:00,2025-05-13,2025-05-13 20:00:00+00:00,480052,value_area_bounce,-1,8.589285714285714,21248.710000000003,21249.105000000003,21244.845,21255.495000000003,21157.80996964791,21162.104612505053,21153.51532679077,False,False,False,-1313.021175013451
1,2025-05-13 19:50:00+00:00,2025-05-13,2025-05-13 20:00:00+00:00,480059,value_area_bounce,-1,9.731428571428946,21239.960000000003,21249.183750000004,21242.91375,21255.45375,21159.126435683746,21163.99214996946,21154.26072139803,False,False,False,-777.7930997596181
1,2025-05-14 13:39:00+00:00,2025-05-14,2025-05-14 20:00:00+00:00,481068,value_area_bounce,-1,17.37428571428609,21300.72,21255.9075,21240.4075,21306.2825,21294.990774911348,21303.67791776849,21286.303632054205,False,False,False,-3973.2685123504043
1,2025-05-14 13:40:00+00:00,2025-05-14,2025-05-14 20:00:00+00:00,481069,value_area_bounce,-1,18.704285714286275,21290.1,21255.9075,21240.4075,21306.2825,21294.834042052298,21304.186184909442,21285.481899195154,False,False,False,-3172.5777673402226
1,2025-05-14 13:49:00+00:00,2025-05-14,2025-05-14 20:00:00+00:00,481078,value_area_bounce,1,21.62428571428609,21235.1,21292.016875,21218.371041666665,21292.016875,21279.831943800727,21290.64408665787,21269.019800943584,False,False,False,38.371065308499055
1,2025-05-14 13:51:00+00:00,2025-05-14,2025-05-14 20:00:00+00:00,481080,value_area_bounce,1,23.713571428571804,21250.6,21291.745000000003,21222.888333333332,21291.745000000003,21275.47083201489,21287.327617729174,21263.614046300605,False,False,False,1007.8572006484369
1,2025-05-14 13:58:00+00:00,2025-05-14,2025-05-14 20:00:00+00:00,481087,value_area_bounce,1,24.872857142857224,21233.22,21290.6575,21219.915833333336,21290.6575,21264.234602888457,21276.671031459886,21251.798174317028,False,False,False,6324.275443259723
1,2025-05-14 14:06:00+00:00,2025-05-14,2025-05-14 20:00:00+00:00,481095,value_area_bounce,1,22.291428571429215,21267.1,21247.12416666667,21225.357500000002,21290.6575,21261.395360827897,21272.54107511361,21250.249646542183,False,False,True,6363.705450250933
1,2025-05-14 15:09:00+00:00,2025-05-14,2025-05-14 20:00:00+00:00,481158,value_area_bounce,1,14.98928571428561,21256.47,21257.480208333334,21254.089791666665,21287.993958333333,21260.759169461297,21268.25381231844,21253.264526604155,False,False,False,8962.542772146135
1,2025-05-14 15:10:00+00:00,2025-05-14,2025-05-14 20:00:00+00:00,481159,value_area_bounce,1,15.319999999999709,21263.47,21257.480208333334,21247.308958333335,21281.213125000002,21260.74912363095,21268.40912363095,21253.08912363095,False,False,False,8344.37427721014
1,2025-05-14 16:39:00+00:00,2025-05-14,2025-05-14 20:00:00+00:00,481248,value_area_bounce,-1,9.884285714285527,21307.85,21303.06375,21293.31375,21312.81375,21272.00104255493,21276.943185412074,21267.058899697786,False,False,False,-4466.156830997035
1,2025-05-14 16:45:00+00:00,2025-05-14,2025-05-14 20:00:00+00:00,481254,value_area_bounce,1,11.52714285714267,21300.97,21302.496875,21297.25770833333,21318.214375,21272.62472315922,21278.388294587792,21266.86115173065,False,False,False,4175.51369101625
1,2025-05-14 17:31:00+00:00,2025-05-14,2025-05-14 20:00:00+00:00,481300,value_area_bounce,1,14.400714285714846,21253.22,21299.410625,21248.725625,21303.634375,21271.47084494157,21278.671202084428,21264.270487798713,False,False,False,4721.803857391178
1,2025-05-14 17:35:00+00:00,2025-05-14,2025-05-14 20:00:00+00:00,481304,value_area_bounce,1,13.124285714286088,21253.22,21299.410625,21244.501875,21303.634375,21271.181658732356,21277.7438015895,21264.619515875213,False,False,False,1795.528534190873
1,2025-05-14 18:10:00+00:00,2025-05-14,2025-05-14 20:00:00+00:00,481339,value_area_bounce,-1,8.241428571428385,21274.72,21249.50625,21210.547916666663,21284.56875,21271.68192344188,21275.802637727593,21267.561209156167,False,False,False,-2903.6816634771103
1,2025-05-14 18:16:00+00:00,2025-05-14,2025-05-14 20:00:00+00:00,481345,value_area_bounce,-1,10.089999999999625,21281.72,21284.85,21250.35,21296.35,21271.853484352832,21276.89848435283,21266.808484352834,False,False,False,-64.69172159451591
1,2025-05-14 18:20:00+00:00,2025-05-14,2025-05-14 20:00:00+00:00,481349,value_area_bounce,-1,9.982142857142858,21287.22,21287.174375,21265.464375,21292.601875,21272.00496849899,21276.996039927562,21267.013897070417,False,False,False,-654.1819251872248
1,2025-05-14 18:30:00+00:00,2025-05-14,2025-05-14 20:00:00+00:00,481359,value_area_bounce,1,10.080000000000187,21286.1,21286.1625,21274.9125,21291.7875,21272.17970983164,21277.21970983164,21267.139709831637,False,False,False,944.7305813071652
1,2025-05-14 18:34:00+00:00,2025-05-14,2025-05-14 20:00:00+00:00,481363,value_area_bounce,1,13.044999999999813,21317.1,21286.1625,21278.6625,21291.7875,21272.470163687696,21278.992663687695,21265.947663687697,False,False,False,3855.579844640879
1,2025-05-14 18:38:00+00:00,2025-05-14,2025-05-14 20:00:00+00:00,481367,value_area_bounce,-1,15.759285714285527,21278.35,21282.75625,21277.38125,21296.19375,21272.795475256426,21280.67511811357,21264.91583239928,False,False,False,-3476.615017563755
1,2025-05-14 19:30:00+00:00,2025-05-14,2025-05-14 20:00:00+00:00,481419,value_area_bounce,1,11.401428571428758,21286.72,21297.495000000003,21282.585,21306.015,21274.46230353742,21280.163017823135,21268.761589251706,False,False,False,1325.4877646024672
1,2025-05-14 19:44:00+00:00,2025-05-14,2025-05-14 20:00:00+00:00,481433,value_area_bounce,1,9.830714285714098,21271.97,21284.05875,21263.38375,21290.26125,21274.57864615059,21279.494003293446,21269.66328900773,False,False,False,85.73670220991323
1,2025-05-14 19:48:00+00:00,2025-05-14,2025-05-14 20:00:00+00:00,481437,value_area_bounce,1,10.742142857142296,21272.85,21283.360625,21269.141875,21287.423125,21274.518497465913,21279.889568894483,21269.147426037343,False,False,False,2554.6690434888296
1,2025-05-14 19:49:00+00:00,2025-05-14,2025-05-14 20:00:00+00:00,481438,value_area_bounce,1,11.099285714285154,21277.85,21283.360625,21269.141875,21285.391875,21274.520279622135,21280.069922479277,21268.970636764992,False,False,False,2564.1170434875944
1,2025-05-15 13:30:00+00:00,2025-05-15,2025-05-15 20:00:00+00:00,482439,value_area_bounce,-1,9.499285714285568,21212.22,21226.99125,21205.864583333336,21226.99125,21217.426666666666,21222.17630952381,21212.677023809523,False,False,False,-3405.6399469732714
1,2025-05-15 13:31:00+00:00,2025-05-15,2025-05-15 20:00:00+00:00,482440,value_area_bounce,1,10.829999999999927,21238.72,21216.427916666667,21211.146249999998,21226.99125,21222.393002283105,21227.808002283105,21216.978002283104,False,False,False,1738.68609707209
1,2025-05-15 13:36:00+00:00,2025-05-15,2025-05-15 20:00:00+00:00,482445,value_area_bounce,-1,15.59714285714264,21227.22,21217.105625,21195.886875,21235.293125,21237.147889074226,21244.946460502797,21229.349317645654,False,False,False,-4580.697476880511
1,2025-05-15 13:38:00+00:00,2025-05-15,2025-05-15 20:00:00+00:00,482447,value_area_bounce,-1,18.481428571428427,21231.72,21217.105625,21204.980625,21238.324375,21237.091365272256,21246.33207955797,21227.85065098654,False,False,False,-4535.843593001924
1,2025-05-15 13:39:00+00:00,2025-05-15,2025-05-15 20:00:00+00:00,482448,value_area_bounce,-1,18.892142857142712,21219.97,21217.105625,21208.011875,21238.324375,21236.134676931862,21245.580748360433,21226.688605503292,False,False,False,-8620.457578282407
1,2025-05-15 13:45:00+00:00,2025-05-15,2025-05-15 20:00:00+00:00,482454,value_area_bounce,-1,20.660000000000114,21230.09,21216.992083333334,21214.44625,21237.35875,21233.122506164313,21243.452506164314,21222.79250616431,False,False,False,-3021.454197499661
1,2025-05-15 13:46:00+00:00,2025-05-15,2025-05-15 20:00:00+00:00,482455,value_area_bounce,-1,21.838571428571544,21193.47,21216.992083333334,21214.44625,21234.81291666667,21231.686151435344,21242.60543714963,21220.76686572106,False,False,False,-5060.077180205078
1,2025-05-15 13:52:00+00:00,2025-05-15,2025-05-15 20:00:00+00:00,482461,value_area_bounce,1,21.578571428571585,21217.09,21216.511875,21197.480625,21239.349375,21223.78330656576,21234.57259228005,21212.994020851474,False,False,False,4249.39635874837
1,2025-05-15 13:56:00+00:00,2025-05-15,2025-05-15 20:00:00+00:00,482465,value_area_bounce,1,20.68571428571418,21228.47,21227.930625,21205.093125,21239.349375,21223.691155738805,21234.03401288166,21213.34829859595,False,False,False,5549.254104885812
1,2025-05-15 17:30:00+00:00,2025-05-15,2025-05-15 20:00:00+00:00,482679,value_area_bounce,-1,8.707142857143221,21428.59,21414.163125,21393.201041666667,21429.13604166667,21281.961901721854,21286.315473150426,21277.608330293282,False,False,False,-524.130716825238
1,2025-05-15 17:32:00+00:00,2025-05-15,2025-05-15 20:00:00+00:00,482681,value_area_bounce,-1,8.88571428571465,21425.59,21412.981041666666,21404.372291666667,21433.068125,21282.72814349216,21287.17100063502,21278.285286349303,False,False,False,-2259.0698909219714
1,2025-05-15 18:29:00+00:00,2025-05-15,2025-05-15 20:00:00+00:00,482738,value_area_bounce,1,14.142142857142712,21334.34,21419.999375,21331.419375,21431.071875,21295.49080256923,21302.5618739978,21288.41973114066,False,False,False,2769.4104785349355
1,2025-05-15 18:57:00+00:00,2025-05-15,2025-05-15 20:00:00+00:00,482766,value_area_bounce,1,11.832142857143221,21330.34,21332.585208333334,21319.27354166667,21359.208541666667,21298.95813264371,21304.874204072283,21293.04206121514,False,False,False,756.7448769676528
1,2025-05-15 19:08:00+00:00,2025-05-15,2025-05-15 20:00:00+00:00,482777,value_area_bounce,1,11.954999999999927,21316.59,21318.809791666667,21310.576041666667,21343.51104166667,21299.77848586646,21305.75598586646,21293.80098586646,False,False,False,1017.887955772192
1,2025-05-15 19:16:00+00:00,2025-05-15,2025-05-15 20:00:00+00:00,482785,value_area_bounce,1,12.382857142856924,21327.97,21333.240833333333,21318.6325,21356.614166666666,21300.030115341247,21306.221543912678,21293.838686769817,False,False,False,4574.369267411647
1,2025-05-16 13:30:00+00:00,2025-05-16,2025-05-16 20:00:00+00:00,483819,value_area_bounce,-1,16.089285714285715,21358.31,21392.26125,21365.267916666668,21392.26125,21368.936666666665,21376.981309523806,21360.892023809523,False,False,False,-8423.93064480736
1,2025-05-16 13:45:00+00:00,2025-05-16,2025-05-16 20:00:00+00:00,483834,value_area_bounce,1,20.257142857142753,21348.94,21353.25770833333,21338.85145833333,21382.07020833333,21347.590537364307,21357.71910879288,21337.461965935734,False,False,False,2850.038731997499
1,2025-05-16 13:47:00+00:00,2025-05-16,2025-05-16 20:00:00+00:00,483836,value_area_bounce,1,20.147857142857124,21353.19,21353.25770833333,21338.85145833333,21377.268125,21347.887479342615,21357.961407914045,21337.813550771185,False,False,False,6936.250915431471
1,2025-05-16 13:49:00+00:00,2025-05-16,2025-05-16 20:00:00+00:00,483838,value_area_bounce,1,20.04928571428588,21361.19,21353.25770833333,21338.85145833333,21372.466041666667,21348.1906480725,21358.215290929646,21338.166005215357,False,False,False,7114.592549347297
1,2025-05-16 13:55:00+00:00,2025-05-16,2025-05-16 20:00:00+00:00,483844,value_area_bounce,1,18.00642857142884,21352.44,21353.25770833333,21338.85145833333,21367.66395833333,21349.112169623368,21358.115383909084,21340.10895533765,False,False,False,527.6327912443035
1,2025-05-16 14:05:00+00:00,2025-05-16,2025-05-16 20:00:00+00:00,483854,value_area_bounce,-1,19.02642857142876,21348.94,21353.25770833333,21338.85145833333,21362.861875,21349.421249756855,21358.93446404257,21339.90803547114,False,False,False,-1342.3434028974439
1,2025-05-16 14:08:00+00:00,2025-05-16,2025-05-16 20:00:00+00:00,483857,value_area_bounce,-1,21.088571428571804,21339.44,21353.25770833333,21338.85145833333,21362.861875,21349.125996391685,21359.67028210597,21338.5817106774,False,False,False,-2881.669214544488
1,2025-05-16 15:51:00+00:00,2025-05-16,2025-05-16 20:00:00+00:00,483960,value_area_bounce,-1,8.871428571428364,21332.29,21318.81625,21298.837083333332,21338.795416666668,21334.02827434323,21338.463988628944,21329.592560057514,False,False,False,-1180.3676490412056
1,2025-05-16 15:55:00+00:00,2025-05-16,2025-05-16 20:00:00+00:00,483964,value_area_bounce,-1,9.202142857142722,21338.66,21318.81625,21298.837083333332,21341.649583333332,21334.2016632111,21338.802734639674,21329.600591782528,False,False,False,-1209.4118912854208
1,2025-05-16 16:44:00+00:00,2025-05-16,2025-05-16 20:00:00+00:00,484013,value_area_bounce,1,7.535714285714286,21349.29,21352.545416666668,21346.872916666667,21363.89041666667,21336.959801807796,21340.727658950655,21333.191944664937,False,False,False,602.8140193332686
1,2025-05-16 16:57:00+00:00,2025-05-16,2025-05-16 20:00:00+00:00,484026,value_area_bounce,-1,9.04428571428564,21358.91,21351.278958333336,21339.402291666665,21363.155625,21337.49735216751,21342.01949502465,21332.975209310367,False,False,False,-1658.218696744405
1,2025-05-16 17:10:00+00:00,2025-05-16,2025-05-16 20:00:00+00:00,484039,value_area_bounce,1,8.312142857142785,21359.91,21360.186458333334,21351.278958333336,21364.640208333334,21338.025424299096,21342.181495727666,21333.869352870526,False,False,False,954.8826108593628
1,2025-05-16 17:36:00+00:00,2025-05-16,2025-05-16 20:00:00+00:00,484065,value_area_bounce,-1,6.553571428571429,21391.91,21381.456875,21358.113125,21397.019375,21340.47602571429,21343.752811428578,21337.199240000005,False,False,False,-600.4704936187197
1,2025-05-16 17:43:00+00:00,2025-05-16,2025-05-16 20:00:00+00:00,484072,value_area_bounce,-1,7.642142857142711,21377.66,21382.706875,21356.008958333332,21382.706875,21341.117991142735,21344.939062571306,21337.296919714165,False,False,False,-869.5184145750251
1,2025-05-16 17:55:00+00:00,2025-05-16,2025-05-16 20:00:00+00:00,484084,value_area_bounce,1,8.517857142857142,21362.91,21381.514166666668,21361.0975,21383.555833333332,21341.890901501978,21346.149830073406,21337.63197293055,False,False,False,1519.1438280486043
1,2025-05-16 17:57:00+00:00,2025-05-16,2025-05-16 20:00:00+00:00,484086,value_area_bounce,1,8.27714285714293,21369.91,21381.514166666668,21361.0975,21383.555833333332,21341.984499112907,21346.12307054148,21337.845927684335,False,False,False,745.5256622064035
1,2025-05-16 18:00:00+00:00,2025-05-16,2025-05-16 20:00:00+00:00,484089,value_area_bounce,1,8.295000000000073,21367.16,21381.514166666668,21365.180833333332,21383.555833333332,21342.14283389113,21346.290333891127,21337.99533389113,False,False,False,1368.7375555314597
1,2025-05-16 18:01:00+00:00,2025-05-16,2025-05-16 20:00:00+00:00,484090,value_area_bounce,1,8.33071428571436,21372.04,21381.935625000002,21365.671875,21383.742708333335,21342.212070632646,21346.377427775504,21338.046713489788,False,False,False,2137.023185161379
1,2025-05-16 18:59:00+00:00,2025-05-16,2025-05-16 20:00:00+00:00,484148,value_area_bounce,-1,6.420000000000073,21399.91,21386.279791666668,21359.98520833333,21403.012708333335,21346.64764854723,21349.85764854723,21343.43764854723,False,False,False,-63.63234749717702
1,2025-05-16 19:30:00+00:00,2025-05-16,2025-05-16 20:00:00+00:00,484179,value_area_bounce,-1,7.317857142856935,21409.91,21418.721250000002,21406.18125,21420.28875,21350.149168262837,21353.808096834266,21346.490239691408,False,False,False,-73.99501668591165
1,2025-05-16 19:31:00+00:00,2025-05-16,2025-05-16 20:00:00+00:00,484180,value_area_bounce,1,7.142142857142711,21411.66,21418.721250000002,21406.18125,21418.721250000002,21350.26352236652,21353.83459379509,21346.69245093795,False,False,False,843.6148420535029
1,2025-05-16 19:47:00+00:00,2025-05-16,2025-05-16 20:00:00+00:00,484196,value_area_bounce,1,8.035714285714286,21408.41,21418.883958333332,21402.477708333332,21426.175625,21351.841014109454,21355.858871252312,21347.823156966595,False,False,False,4102.723564917534
1,2025-05-16 19:54:00+00:00,2025-05-16,2025-05-16 20:00:00+00:00,484203,value_area_bounce,-1,10.751428571428082,21414.16,21418.883958333332,21404.300625,21426.175625,21353.306432246747,21358.68214653246,21347.930717961033,False,False,False,-1195.2147593752045
1,2025-05-16 19:58:00+00:00,2025-05-16,2025-05-16 20:00:00+00:00,484207,value_area_bounce,-1,11.98928571428509,21423.91,21415.41,21406.243333333332,21424.576666666668,21354.17578601988,21360.170428877023,21348.18114316274,False,False,False,-916.9517913888908
1,2025-05-20 13:30:00+00:00,2025-05-20,2025-05-20 20:00:00+00:00,486549,value_area_bounce,1,10.451428571428291,21364.63,21364.864375,21362.645625,21382.614375,21357.796666666665,21363.022380952378,21352.570952380953,False,False,False,5814.835399108454
1,2025-05-20 13:32:00+00:00,2025-05-20,2025-05-20 20:00:00+00:00,486551,value_area_bounce,1,12.907142857142649,21357.5,21358.208125,21338.239375,21371.520625,21355.67441995406,21362.12799138263,21349.22084852549,False,False,False,7856.198788470146
1,2025-05-20 13:38:00+00:00,2025-05-20,2025-05-20 20:00:00+00:00,486557,value_area_bounce,1,17.954285714285497,21360.13,21355.338333333333,21352.92166666667,21381.92166666667,21351.737571913465,21360.71471477061,21342.76042905632,False,False,False,1564.3468951605919
1,2025-05-20 13:42:00+00:00,2025-05-20,2025-05-20 20:00:00+00:00,486561,value_area_bounce,1,20.06999999999971,21351.13,21358.453125,21344.571875,21369.558125000003,21351.03316447499,21361.06816447499,21340.99816447499,False,False,False,6305.744793502397
1,2025-05-20 13:43:00+00:00,2025-05-20,2025-05-20 20:00:00+00:00,486562,value_area_bounce,1,20.498571428571136,21351.75,21358.453125,21344.571875,21369.558125000003,21350.993634360482,21361.24292007477,21340.744348646196,False,False,False,2959.918847556205
1,2025-05-20 13:45:00+00:00,2025-05-20,2025-05-20 20:00:00+00:00,486564,value_area_bounce,1,19.649999999999636,21345.63,21344.571875,21341.795625,21361.229375000003,21350.37208256116,21360.19708256116,21340.54708256116,False,False,False,6964.9176336447335
1,2025-05-20 13:52:00+00:00,2025-05-20,2025-05-20 20:00:00+00:00,486571,value_area_bounce,1,22.455714285714357,21346.63,21345.151250000003,21336.53625,21362.38125,21339.850528850697,21351.078385993555,21328.62267170784,False,False,False,9589.344217744927
1,2025-05-20 14:03:00+00:00,2025-05-20,2025-05-20 20:00:00+00:00,486582,value_area_bounce,1,20.02714285714293,21331.38,21358.073750000003,21327.92125,21362.38125,21338.4512285304,21348.464799958972,21328.43765710183,False,False,False,3906.433950748183
1,2025-05-20 14:57:00+00:00,2025-05-20,2025-05-20 20:00:00+00:00,486636,value_area_bounce,-1,10.25,21350.5,21326.328125,21308.046875,21351.921875,21339.4816306761,21344.6066306761,21334.3566306761,False,False,False,-4016.091921015348
1,2025-05-20 14:58:00+00:00,2025-05-20,2025-05-20 20:00:00+00:00,486637,value_area_bounce,-1,10.535714285714286,21342.63,21326.328125,21308.046875,21355.578125,21339.539392055765,21344.807249198624,21334.271534912907,False,False,False,-5247.833015542039
1,2025-05-20 16:06:00+00:00,2025-05-20,2025-05-20 20:00:00+00:00,486705,value_area_bounce,-1,10.204999999999927,21349.25,21348.853958333333,21335.041458333333,21358.06229166667,21342.04853797536,21347.15103797536,21336.94603797536,False,False,False,-542.9365334717113
1,2025-05-20 16:11:00+00:00,2025-05-20,2025-05-20 20:00:00+00:00,486710,value_area_bounce,1,10.022857142856862,21343.5,21348.853958333333,21335.041458333333,21358.06229166667,21342.163844995455,21347.175273566885,21337.152416424025,False,False,False,1543.5465544986819
1,2025-05-20 17:38:00+00:00,2025-05-20,2025-05-20 20:00:00+00:00,486797,value_area_bounce,1,10.267142857142712,21363.63,21359.308958333335,21352.512708333335,21395.555625,21349.660676214382,21354.794247642953,21344.52710478581,False,False,False,2552.9150658062026
1,2025-05-20 17:40:00+00:00,2025-05-20,2025-05-20 20:00:00+00:00,486799,value_area_bounce,1,10.355714285713995,21358.88,21359.308958333335,21352.512708333335,21395.555625,21349.7178028587,21354.89566000156,21344.539945715842,False,False,False,2198.9549120657002
1,2025-05-21 13:30:00+00:00,2025-05-21,2025-05-21 20:00:00+00:00,487929,value_area_bounce,1,8.752857142856426,21239.18,21235.876875,21210.498958333334,21235.876875,21230.306666666667,21234.683095238095,21225.93023809524,False,False,False,7016.768165484398
1,2025-05-21 14:00:00+00:00,2025-05-21,2025-05-21 20:00:00+00:00,487959,value_area_bounce,-1,16.345714285714298,21299.18,21313.2825,21259.987500000003,21331.0475,21286.309720855665,21294.482577998522,21278.136863712807,False,False,False,-6525.419114272243
1,2025-05-21 14:01:00+00:00,2025-05-21,2025-05-21 20:00:00+00:00,487960,value_area_bounce,-1,20.420714285714503,21321.93,21313.2825,21259.987500000003,21331.0475,21288.46489622764,21298.675253370497,21278.254539084784,False,False,False,-8083.644265573245
1,2025-05-21 14:10:00+00:00,2025-05-21,2025-05-21 20:00:00+00:00,487969,value_area_bounce,-1,21.415714285714785,21327.81,21330.717083333337,21266.059583333335,21345.08541666667,21298.679631208823,21309.38748835168,21287.971774065965,False,False,False,-399.0484439367151
1,2025-05-21 14:33:00+00:00,2025-05-21,2025-05-21 20:00:00+00:00,487992,value_area_bounce,-1,15.885000000000218,21316.81,21326.912291666667,21316.51604166667,21337.30854166667,21307.180688937955,21315.123188937956,21299.238188937954,False,False,False,-3735.7245041958718
1,2025-05-21 14:48:00+00:00,2025-05-21,2025-05-21 20:00:00+00:00,488007,value_area_bounce,1,15.582142857143221,21323.56,21326.54875,21323.536250000005,21338.598750000005,21310.410111124813,21318.201182553385,21302.61903969624,False,False,False,1765.2479769155966
1,2025-05-21 16:20:00+00:00,2025-05-21,2025-05-21 20:00:00+00:00,488099,value_area_bounce,-1,10.454999999999927,21451.93,21448.278958333336,21443.549791666665,21464.831041666665,21363.129006052335,21368.356506052336,21357.901506052334,False,False,False,-1527.246207606007
1,2025-05-21 16:55:00+00:00,2025-05-21,2025-05-21 20:00:00+00:00,488134,value_area_bounce,-1,8.519285714286005,21470.43,21472.013125,21459.700625,21480.221458333333,21372.67277884974,21376.932421706882,21368.4131359926,False,False,False,-587.5882865821343
1,2025-05-21 17:23:00+00:00,2025-05-21,2025-05-21 20:00:00+00:00,488162,value_area_bounce,1,29.567857142856933,21245.06,21299.871458333335,21233.463958333334,21443.754375,21368.573107211465,21383.357035782894,21353.789178640036,False,False,False,820.0222647635474
1,2025-05-21 17:27:00+00:00,2025-05-21,2025-05-21 20:00:00+00:00,488166,value_area_bounce,1,35.022142857142434,21183.31,21302.968125,21161.788958333338,21430.029375,21358.642091709542,21376.153163138115,21341.13102028097,False,False,False,8404.627921459862
1,2025-05-21 17:31:00+00:00,2025-05-21,2025-05-21 20:00:00+00:00,488170,value_area_bounce,1,41.68285714285672,21174.06,21236.27291666667,21103.479583333334,21402.264583333334,21346.681465851165,21367.522894422593,21325.840037279737,False,False,False,5316.729956955284
1,2025-05-21 19:22:00+00:00,2025-05-21,2025-05-21 20:00:00+00:00,488281,value_area_bounce,1,22.481428571428427,21041.93,21116.627916666665,21035.58625,21165.252916666665,21272.012548806462,21283.253263092178,21260.771834520747,False,False,False,387.6800537533245
1,2025-05-21 19:53:00+00:00,2025-05-21,2025-05-21 20:00:00+00:00,488312,value_area_bounce,-1,22.07785714285715,21110.81,21035.5825,21010.895833333336,21115.814166666667,21255.701945930545,21266.740874501975,21244.663017359115,False,False,False,-2266.641897439474
1,2025-05-21 19:54:00+00:00,2025-05-21,2025-05-21 20:00:00+00:00,488313,value_area_bounce,-1,21.46214285714294,21097.06,21035.5825,21010.895833333336,21115.814166666667,21255.157283487646,21265.888354916216,21244.426212059076,False,False,False,-4421.713529724202
1,2025-05-21 19:55:00+00:00,2025-05-21,2025-05-21 20:00:00+00:00,488314,value_area_bounce,-1,21.73857142857144,21102.56,21035.5825,21010.895833333336,21115.814166666667,21254.428175315752,21265.297461030037,21243.558889601467,False,False,False,-7242.0806896958475
1,2025-05-21 19:59:00+00:00,2025-05-21,2025-05-21 20:00:00+00:00,488318,value_area_bounce,-1,21.11357142857144,21084.31,21035.5825,21010.895833333336,21109.6425,21252.274226308244,21262.83101202253,21241.71744059396,False,False,False,-11587.645505176319
1,2025-05-22 13:30:00+00:00,2025-05-22,2025-05-22 20:00:00+00:00,489309,value_area_bounce,1,11.522857142856603,21117.800000000003,21147.201041666667,21108.11770833334,21156.971875000003,21113.173333333336,21118.934761904766,21107.411904761906,False,False,False,3572.622737094871
1,2025-05-22 13:39:00+00:00,2025-05-22,2025-05-22 20:00:00+00:00,489318,value_area_bounce,1,29.497142857141235,21094.050000000003,21100.878125000003,21091.482291666667,21133.763541666667,21101.12737182407,21115.875943252642,21086.378800395498,False,False,False,6045.4050395954655
1,2025-05-22 13:40:00+00:00,2025-05-22,2025-05-22 20:00:00+00:00,489319,value_area_bounce,1,30.166428571426618,21107.300000000003,21100.878125000003,21086.784375000003,21133.763541666667,21101.293178430304,21116.376392716018,21086.20996414459,False,False,False,2077.7938874891315
1,2025-05-22 13:41:00+00:00,2025-05-22,2025-05-22 20:00:00+00:00,489320,value_area_bounce,1,32.202857142855855,21137.050000000003,21100.878125000003,21100.878125000003,21157.253125000003,21102.822941571227,21118.924370142653,21086.7215129998,False,False,False,11880.829228156916
1,2025-05-22 13:43:00+00:00,2025-05-22,2025-05-22 20:00:00+00:00,489322,value_area_bounce,1,35.16214285714211,21109.300000000003,21100.878125000003,21100.878125000003,21152.55520833334,21103.364632539182,21120.945703967755,21085.78356111061,False,False,False,11894.6763138558
1,2025-05-22 13:47:00+00:00,2025-05-22,2025-05-22 20:00:00+00:00,489326,value_area_bounce,1,35.4721428571429,21113.550000000003,21100.878125000003,21091.482291666667,21133.763541666667,21103.855994916375,21121.592066344947,21086.119923487804,False,False,False,4336.110995524892
1,2025-05-22 13:49:00+00:00,2025-05-22,2025-05-22 20:00:00+00:00,489328,value_area_bounce,1,33.14571428571487,21119.17,21100.878125000003,21091.482291666667,21133.763541666667,21104.437088848706,21121.009945991565,21087.864231705847,False,False,False,990.9249327367916
1,2025-05-22 14:48:00+00:00,2025-05-22,2025-05-22 20:00:00+00:00,489387,value_area_bounce,1,23.876428571427823,21168.800000000003,21182.954375,21151.966875,21219.106458333335,21164.702059348198,21176.64027363391,21152.763845062484,False,False,False,3764.777504203002
1,2025-05-22 14:59:00+00:00,2025-05-22,2025-05-22 20:00:00+00:00,489398,value_area_bounce,1,20.670000000000332,21169.300000000003,21180.425208333334,21153.946875,21200.283958333333,21162.723158074932,21173.05815807493,21152.388158074933,False,False,False,4544.125322416998
1,2025-05-22 15:00:00+00:00,2025-05-22,2025-05-22 20:00:00+00:00,489399,value_area_bounce,1,20.464285714285715,21179.17,21183.529166666667,21164.514166666668,21227.8975,21162.87259377573,21173.10473663287,21152.64045091859,False,False,False,11443.279878932357
1,2025-05-22 16:20:00+00:00,2025-05-22,2025-05-22 20:00:00+00:00,489479,value_area_bounce,-1,12.81000000000079,21215.92,21202.22708333333,21176.05625,21223.16375,21171.889580965762,21178.29458096576,21165.484580965764,False,False,False,-7827.738773663237
1,2025-05-22 16:23:00+00:00,2025-05-22,2025-05-22 20:00:00+00:00,489482,value_area_bounce,-1,12.737857142857267,21215.800000000003,21216.92,21177.92,21216.92,21172.405356851086,21178.774285422514,21166.036428279658,False,False,False,-4945.844561365679
1,2025-05-22 16:35:00+00:00,2025-05-22,2025-05-22 20:00:00+00:00,489494,value_area_bounce,1,13.135000000000998,21203.17,21192.275833333333,21188.85416666667,21216.2275,21173.574133495902,21180.141633495903,21167.0066334959,False,False,False,132.53234017619718
1,2025-05-22 17:16:00+00:00,2025-05-22,2025-05-22 20:00:00+00:00,489535,value_area_bounce,1,10.955714285714619,21162.800000000003,21194.488750000004,21156.731249999997,21208.21875,21172.819695766815,21178.297552909673,21167.341838623957,False,False,False,3636.9421647920526
1,2025-05-22 18:05:00+00:00,2025-05-22,2025-05-22 20:00:00+00:00,489584,value_area_bounce,-1,12.614285714284051,21222.67,21203.966666666667,21189.966666666667,21231.966666666667,21176.76285519579,21183.06999805293,21170.455712338648,False,False,False,-1997.4086818620444
1,2025-05-22 18:56:00+00:00,2025-05-22,2025-05-22 20:00:00+00:00,489635,value_area_bounce,-1,11.696428571428571,21242.550000000003,21237.8575,21224.7325,21245.3575,21181.653564444365,21187.50177873008,21175.80535015865,False,False,False,-305.6035564234362
1,2025-05-23 13:31:00+00:00,2025-05-23,2025-05-23 20:00:00+00:00,490690,value_area_bounce,-1,22.806428571428373,20778.97,20789.003541666665,20729.338541666668,20789.003541666665,20785.953035880495,20797.35625016621,20774.54982159478,False,False,False,-2473.3355545681734
1,2025-05-23 13:51:00+00:00,2025-05-23,2025-05-23 20:00:00+00:00,490710,value_area_bounce,-1,32.41642857142948,20812.72,20799.46791666667,20701.11791666667,20848.642916666668,20830.22447255651,20846.432686842225,20814.016258270796,False,False,False,-4015.913274937902
1,2025-05-23 13:53:00+00:00,2025-05-23,2025-05-23 20:00:00+00:00,490712,value_area_bounce,-1,35.39071428571463,20798.72,20824.05541666667,20725.705416666668,20848.642916666668,20829.200789340124,20846.89614648298,20811.505432197268,False,False,False,-4860.103909843841
1,2025-05-23 16:30:00+00:00,2025-05-23,2025-05-23 20:00:00+00:00,490869,value_area_bounce,-1,11.5,20894.6,20881.67625,20859.597083333334,20910.06375,20866.888848715942,20872.638848715942,20861.138848715942,False,False,False,-2849.7422754624677
1,2025-05-23 17:53:00+00:00,2025-05-23,2025-05-23 20:00:00+00:00,490952,value_area_bounce,-1,12.437857142856956,20997.85,20996.778749999998,20967.31875,21000.46125,20881.57823429551,20887.79716286694,20875.35930572408,False,False,False,-427.76462859758
1,2025-05-23 18:02:00+00:00,2025-05-23,2025-05-23 20:00:00+00:00,490961,value_area_bounce,-1,13.269285714284965,21001.35,20993.115625,20979.626041666663,21003.907291666663,20883.532634858206,20890.167277715347,20876.897992001064,False,False,False,-65.28533609166266
1,2025-05-23 19:15:00+00:00,2025-05-23,2025-05-23 20:00:00+00:00,491034,value_area_bounce,-1,12.54357142857199,20984.72,20988.527083333334,20973.652083333334,20993.485416666663,20897.78872659209,20904.060512306376,20891.516940877806,False,False,False,-2224.5721209457984
1,2025-05-23 19:20:00+00:00,2025-05-23,2025-05-23 20:00:00+00:00,491039,value_area_bounce,1,12.124285714286088,20967.47,20988.527083333334,20966.214583333334,20993.485416666663,20898.587604117536,20904.64974697468,20892.525461260393,False,False,False,100.10922590723032
1,2025-05-23 19:30:00+00:00,2025-05-23,2025-05-23 20:00:00+00:00,491049,value_area_bounce,1,13.999285714286088,20958.1,20987.323958333334,20953.053125,20990.751041666663,20899.748968184624,20906.748611041767,20892.74932532748,False,False,False,3123.9181554287497
1,2025-05-23 19:31:00+00:00,2025-05-23,2025-05-23 20:00:00+00:00,491050,value_area_bounce,1,14.231428571428946,20959.22,20987.323958333334,20953.053125,20990.751041666663,20899.869005528235,20906.98471981395,20892.75329124252,False,False,False,5021.348659856194
1,2025-05-23 19:45:00+00:00,2025-05-23,2025-05-23 20:00:00+00:00,491064,value_area_bounce,-1,13.018571428571054,20966.35,20956.480208333334,20949.626041666663,20983.896875,20901.61950611522,20908.128791829506,20895.110220400937,False,False,False,-1473.385584765943
1,2025-05-27 13:30:00+00:00,2025-05-27,2025-05-27 20:00:00+00:00,493195,value_area_bounce,1,12.253571428572675,21229.09,21244.355833333335,21213.855833333335,21249.43916666667,21220.213333333333,21226.340119047618,21214.08654761905,False,False,False,4253.183438063968
1,2025-05-27 14:00:00+00:00,2025-05-27,2025-05-27 20:00:00+00:00,493225,opening_range_breakout,1,15.881428571428321,21275.460000000003,21222.709166666667,21187.090833333335,21253.23916666667,21198.739386169127,21206.68010045484,21190.798671883414,False,False,False,5605.776121658455
1,2025-05-27 15:22:00+00:00,2025-05-27,2025-05-27 20:00:00+00:00,493307,value_area_bounce,-1,7.4550000000001875,21322.210000000003,21327.283750000002,21319.079583333332,21332.206250000003,21259.499554307684,21263.227054307685,21255.772054307683,False,False,False,-1007.9785802521834
1,2025-05-27 15:40:00+00:00,2025-05-27,2025-05-27 20:00:00+00:00,493325,value_area_bounce,-1,8.732142857142858,21324.460000000003,21326.64229166667,21305.496458333335,21332.98604166667,21265.450359551804,21269.816430980376,21261.08428812323,False,False,False,-343.0658193169187
1,2025-05-27 18:16:00+00:00,2025-05-27,2025-05-27 20:00:00+00:00,493481,value_area_bounce,-1,5.6699999999998125,21417.960000000003,21427.28166666667,21405.721666666668,21429.078333333335,21304.972330753033,21307.807330753032,21302.137330753034,False,False,False,-440.03513874951057
1,2025-05-27 19:05:00+00:00,2025-05-27,2025-05-27 20:00:00+00:00,493530,value_area_bounce,1,6.607857142856768,21393.710000000003,21401.95416666667,21383.24916666667,21412.345833333333,21313.162497571422,21316.46642614285,21309.858568999993,False,False,False,1059.2412595551777
1,2025-05-27 19:07:00+00:00,2025-05-27,2025-05-27 20:00:00+00:00,493532,value_area_bounce,1,6.67928571428534,21398.09,21413.428750000003,21394.866250000003,21415.116250000003,21313.473567625257,21316.8132104824,21310.133924768114,False,False,False,1019.5150681865442
1,2025-05-27 19:15:00+00:00,2025-05-27,2025-05-27 20:00:00+00:00,493540,value_area_bounce,1,7.107142857142857,21387.460000000003,21402.053750000003,21381.803750000003,21407.116250000003,21314.45900855102,21318.012579979593,21310.90543712245,False,False,False,396.2900067824329
1,2025-05-27 19:19:00+00:00,2025-05-27,2025-05-27 20:00:00+00:00,493544,value_area_bounce,1,6.838571428571803,21390.960000000003,21396.72,21390.24,21414.54,21314.923635696447,21318.34292141073,21311.504349982162,False,False,False,119.24635252903948
1,2025-05-27 19:39:00+00:00,2025-05-27,2025-05-27 20:00:00+00:00,493564,value_area_bounce,1,8.01642857142932,21383.09,21388.720208333332,21379.268125000002,21398.17229166667,21317.447797417644,21321.456011703358,21313.43958313193,False,False,False,1157.8594436007918
1,2025-05-27 19:41:00+00:00,2025-05-27,2025-05-27 20:00:00+00:00,493566,value_area_bounce,1,8.633571428571615,21390.84,21388.657708333332,21381.116041666668,21396.199375,21317.705560064172,21322.02234577846,21313.388774349885,False,False,False,1479.0745262315613
1,2025-05-27 19:43:00+00:00,2025-05-27,2025-05-27 20:00:00+00:00,493568,value_area_bounce,1,9.062142857143044,21393.710000000003,21387.449375,21382.480625,21399.043125,21318.01707712104,21322.548148549613,21313.486005692466,False,False,False,1894.2063361333041
1,2025-05-27 19:52:00+00:00,2025-05-27,2025-05-27 20:00:00+00:00,493577,value_area_bounce,1,10.95714285714348,21387.34,21381.558958333335,21378.69479166667,21391.583541666667,21319.780648315114,21325.259219743686,21314.302076886543,False,False,False,728.461408190938
1,2025-05-28 13:31:00+00:00,2025-05-28,2025-05-28 20:00:00+00:00,494576,value_area_bounce,1,9.15214285714267,21456.0,21461.47375,21453.24375,21467.64625,21457.93138955233,21462.5074609809,21453.35531812376,False,False,False,3259.2661984108017
1,2025-05-28 13:32:00+00:00,2025-05-28,2025-05-28 20:00:00+00:00,494577,value_area_bounce,1,10.000714285713912,21468.0,21461.47375,21453.24375,21463.53125,21458.838434809146,21463.838791952003,21453.83807766629,False,False,False,6864.757502757624
1,2025-05-28 13:45:00+00:00,2025-05-28,2025-05-28 20:00:00+00:00,494590,value_area_bounce,-1,16.251428571427823,21473.75,21461.233333333337,21444.800000000003,21480.953333333335,21480.0344231366,21488.160137422314,21471.908708850886,False,False,False,-2609.0658812189304
1,2025-05-28 13:54:00+00:00,2025-05-28,2025-05-28 20:00:00+00:00,494599,value_area_bounce,1,16.94571428571466,21442.370000000003,21462.84875,21438.003750000003,21479.412083333336,21468.37168110318,21476.844538246038,21459.898823960324,False,False,False,2099.984907041544
1,2025-05-28 14:22:00+00:00,2025-05-28,2025-05-28 20:00:00+00:00,494627,value_area_bounce,1,14.491428571428385,21408.0,21423.744791666664,21398.067708333336,21469.963541666664,21448.483883925113,21455.729598210826,21441.2381696394,False,False,False,318.50614398305856
1,2025-05-28 14:41:00+00:00,2025-05-28,2025-05-28 20:00:00+00:00,494646,value_area_bounce,1,11.10857142857068,21413.75,21419.25020833334,21404.302291666667,21434.198125000003,21439.540717752887,21445.095003467173,21433.9864320386,False,False,False,5054.817168399491
1,2025-05-28 16:56:00+00:00,2025-05-28,2025-05-28 20:00:00+00:00,494781,value_area_bounce,1,6.304999999999252,21418.620000000003,21418.104375000003,21416.943125,21425.071875,21426.311059492768,21429.463559492768,21423.158559492767,False,False,False,1519.2102808401742
1,2025-05-28 17:13:00+00:00,2025-05-28,2025-05-28 20:00:00+00:00,494798,value_area_bounce,-1,6.707142857141922,21427.620000000003,21420.5,21416.0,21428.0,21426.303500894846,21429.657072323418,21422.949929466275,False,False,False,-866.6734102997698
1,2025-05-28 17:25:00+00:00,2025-05-28,2025-05-28 20:00:00+00:00,494810,value_area_bounce,-1,6.150714285714847,21425.120000000003,21430.359375,21416.390625,21433.463541666664,21426.460907150413,21429.53626429327,21423.385550007555,False,False,False,-909.4288068881356
1,2025-05-28 17:45:00+00:00,2025-05-28,2025-05-28 20:00:00+00:00,494830,value_area_bounce,1,5.982142857142857,21419.870000000003,21429.646666666667,21416.56666666667,21434.006666666668,21426.23559797692,21429.226669405492,21423.244526548347,False,False,False,242.59964292204006
1,2025-05-28 17:46:00+00:00,2025-05-28,2025-05-28 20:00:00+00:00,494831,value_area_bounce,1,6.259285714285527,21421.870000000003,21429.869791666664,21415.598958333336,21429.869791666664,21426.22344164643,21429.353084503575,21423.093798789287,False,False,False,1202.4201077902667
1,2025-05-28 18:06:00+00:00,2025-05-28,2025-05-28 20:00:00+00:00,494851,value_area_bounce,-1,6.370714285714972,21430.5,21421.849583333336,21415.912916666668,21433.72291666667,21426.25350996693,21429.438867109788,21423.06815282407,False,False,False,-50.99601640190741
1,2025-05-28 18:18:00+00:00,2025-05-28,2025-05-28 20:00:00+00:00,494863,value_area_bounce,-1,7.133571428571615,21432.370000000003,21418.348958333336,21412.567708333336,21433.765625,21426.591851274643,21430.15863698893,21423.025065560356,False,False,False,-1235.130456796845
1,2025-05-28 18:19:00+00:00,2025-05-28,2025-05-28 20:00:00+00:00,494864,value_area_bounce,-1,7.052857142857517,21427.370000000003,21418.348958333336,21412.567708333336,21433.765625,21426.59676211808,21430.12319068951,21423.07033354665,False,False,False,-2291.072514739062
1,2025-05-28 18:20:00+00:00,2025-05-28,2025-05-28 20:00:00+00:00,494865,value_area_bounce,-1,7.062142857143044,21425.120000000003,21418.348958333336,21412.567708333336,21433.765625,21426.59901002057,21430.13008144914,21423.067938592,False,False,False,-2622.451657038631
1,2025-05-28 18:34:00+00:00,2025-05-28,2025-05-28 20:00:00+00:00,494879,value_area_bounce,-1,6.329285714286276,21434.120000000003,21437.4225,21419.972500000003,21437.4225,21426.755151209247,21429.91979406639,21423.590508352103,False,False,False,-69.81812289719073
1,2025-05-28 19:15:00+00:00,2025-05-28,2025-05-28 20:00:00+00:00,494920,value_area_bounce,-1,13.322142857142483,21421.870000000003,21383.651041666664,21355.588541666664,21435.098958333336,21425.70839722552,21432.36946865409,21419.04732579695,False,False,False,-4094.697141998206
1,2025-05-28 19:42:00+00:00,2025-05-28,2025-05-28 20:00:00+00:00,494947,value_area_bounce,1,12.047142857143106,21382.75,21383.651041666664,21378.973958333336,21421.067708333336,21423.622579640123,21429.646151068693,21417.599008211553,False,False,False,1826.8787116918909
1,2025-05-29 13:30:00+00:00,2025-05-29,2025-05-29 20:00:00+00:00,495955,value_area_bounce,-1,11.345714285715076,21603.890000000003,21608.020208333335,21589.13479166667,21626.905625000003,21610.263333333336,21615.936190476194,21604.59047619048,False,False,False,-2110.2352908267676
1,2025-05-29 13:50:00+00:00,2025-05-29,2025-05-29 20:00:00+00:00,495975,value_area_bounce,1,23.66714285714365,21460.890000000003,21523.13479166667,21446.16604166667,21565.895208333335,21525.551140173808,21537.38471160238,21513.717568745236,False,False,False,272.920489156591
1,2025-05-29 14:05:00+00:00,2025-05-29,2025-05-29 20:00:00+00:00,495990,opening_range_breakout,-1,23.060714285712624,21409.390000000003,21470.216458333332,21444.325208333332,21547.890208333334,21506.81983016944,21518.350187312295,21495.289473026583,False,False,False,-11949.016779799666
1,2025-05-29 15:30:00+00:00,2025-05-29,2025-05-29 20:00:00+00:00,496075,value_area_bounce,-1,14.24928571428505,21438.890000000003,21452.535833333335,21419.160833333335,21456.24416666667,21449.55416107378,21456.67880393092,21442.429518216635,False,False,False,-848.3207165666001
1,2025-05-29 15:50:00+00:00,2025-05-29,2025-05-29 20:00:00+00:00,496095,value_area_bounce,1,14.858571428572759,21398.890000000003,21423.041041666667,21378.293958333332,21443.380625,21444.317418504434,21451.74670421872,21436.888132790147,False,False,False,808.7494165139542
1,2025-05-29 16:06:00+00:00,2025-05-29,2025-05-29 20:00:00+00:00,496111,value_area_bounce,1,25.7828571428576,21319.890000000003,21399.463125000002,21312.400625000002,21460.406875,21428.39302530821,21441.284453879638,21415.501596736784,False,False,False,7282.018889666063
1,2025-05-29 16:07:00+00:00,2025-05-29,2025-05-29 20:00:00+00:00,496112,value_area_bounce,1,25.63071428571441,21318.390000000003,21399.463125000002,21312.400625000002,21460.406875,21427.73359553023,21440.548952673085,21414.918238387374,False,False,False,8558.69492290946
1,2025-05-29 17:21:00+00:00,2025-05-29,2025-05-29 20:00:00+00:00,496186,value_area_bounce,1,13.643571428572093,21404.890000000003,21398.144791666666,21384.784375,21406.161041666666,21419.14378996463,21425.965575678914,21412.322004250345,False,False,False,3114.0082535069864
1,2025-05-29 17:55:00+00:00,2025-05-29,2025-05-29 20:00:00+00:00,496220,value_area_bounce,1,14.42928571428638,21339.890000000003,21385.18625,21335.241250000003,21385.18625,21414.304729522315,21421.51937237946,21407.090086665172,False,False,False,74.80145582542377
1,2025-05-29 18:30:00+00:00,2025-05-29,2025-05-29 20:00:00+00:00,496255,value_area_bounce,1,16.908571428569434,21301.390000000003,21348.098333333335,21294.015000000003,21353.015000000003,21406.104686392293,21414.558972106577,21397.65040067801,False,False,False,2388.365225333395
1,2025-05-29 19:07:00+00:00,2025-05-29,2025-05-29 20:00:00+00:00,496292,value_area_bounce,1,16.024285714286503,21309.640000000003,21331.13479166667,21300.66604166667,21351.44729166667,21400.664107123557,21408.6762499807,21392.651964266413,False,False,False,1095.6454502365964
1,2025-05-29 19:11:00+00:00,2025-05-29,2025-05-29 20:00:00+00:00,496296,value_area_bounce,1,16.26500000000046,21307.76,21331.13479166667,21304.051458333335,21344.676458333335,21399.791398866935,21407.923898866935,21391.658898866935,False,False,False,2429.6944651958556
1,2025-05-29 19:13:00+00:00,2025-05-29,2025-05-29 20:00:00+00:00,496298,value_area_bounce,1,15.791428571428696,21315.26,21331.13479166667,21304.051458333335,21344.676458333335,21399.360831138954,21407.25654542467,21391.46511685324,False,False,False,1385.4911058047805
1,2025-05-29 19:27:00+00:00,2025-05-29,2025-05-29 20:00:00+00:00,496312,value_area_bounce,-1,13.42928571428638,21329.76,21306.600000000002,21295.08,21335.4,21397.700690423895,21404.41533328104,21390.986047566752,False,False,False,-971.6648701066953
1,2025-05-29 19:52:00+00:00,2025-05-29,2025-05-29 20:00:00+00:00,496337,value_area_bounce,-1,17.31000000000079,21362.390000000003,21336.041666666668,21309.26166666667,21362.821666666667,21395.297586752575,21403.952586752574,21386.642586752576,False,False,False,-2483.4972035047604
1,2025-05-29 19:53:00+00:00,2025-05-29,2025-05-29 20:00:00+00:00,496338,value_area_bounce,-1,19.122142857143313,21335.140000000003,21336.041666666668,21309.26166666667,21362.821666666667,21395.16630325068,21404.727374679253,21385.605231822108,False,False,False,-2915.872757197467
1,2025-05-30 13:30:00+00:00,2025-05-30,2025-05-30 20:00:00+00:00,497335,value_area_bounce,-1,14.719999999999866,21310.0,21311.36354166667,21296.686458333334,21334.846875,21320.876666666667,21328.236666666668,21313.516666666666,False,False,False,-5632.016325776238
1,2025-05-30 13:32:00+00:00,2025-05-30,2025-05-30 20:00:00+00:00,497337,value_area_bounce,-1,18.101428571428446,21295.25,21318.096458333333,21289.472708333335,21321.276875000003,21315.57679748177,21324.627511767485,21306.52608319606,False,False,False,-7276.463664411375
1,2025-05-30 13:40:00+00:00,2025-05-30,2025-05-30 20:00:00+00:00,497345,value_area_bounce,1,24.622142857142794,21284.63,21318.020625,21281.87479166667,21336.09354166667,21292.288676204407,21304.59974763298,21279.977604775835,False,False,False,5451.8723826983005
1,2025-05-30 13:45:00+00:00,2025-05-30,2025-05-30 20:00:00+00:00,497350,value_area_bounce,1,24.303571428571427,21276.63,21279.9,21256.18,21307.573333333334,21286.49440009216,21298.646185806447,21274.342614377874,False,False,False,4085.852544806182
1,2025-05-30 13:47:00+00:00,2025-05-30,2025-05-30 20:00:00+00:00,497352,value_area_bounce,1,23.36499999999978,21257.75,21266.505,21245.255,21309.005,21283.614389699058,21295.296889699057,21271.93188969906,False,False,False,3889.6479872415207
1,2025-05-30 13:56:00+00:00,2025-05-30,2025-05-30 20:00:00+00:00,497361,value_area_bounce,1,22.07571428571386,21219.38,21270.739375,21206.051875,21296.614375,21266.51902562434,21277.556882767196,21255.481168481485,False,False,False,9191.794537134121
1,2025-05-30 14:00:00+00:00,2025-05-30,2025-05-30 20:00:00+00:00,497365,value_area_bounce,1,22.35785714285651,21255.13,21270.739375,21206.051875,21296.614375,21263.423317983546,21274.602246554976,21252.244389412117,False,False,False,6250.871136637248
1,2025-05-30 14:06:00+00:00,2025-05-30,2025-05-30 20:00:00+00:00,497371,value_area_bounce,-1,21.96214285714216,21287.63,21270.739375,21212.520625,21296.614375,21265.160592505923,21276.141663934493,21254.179521077353,False,False,False,-40.693216421190755
1,2025-05-30 14:57:00+00:00,2025-05-30,2025-05-30 20:00:00+00:00,497422,value_area_bounce,-1,15.785714285714286,21311.25,21327.629583333335,21322.07791666667,21338.732916666668,21291.890270042313,21299.783127185172,21283.997412899455,False,False,False,-511.639902706911
1,2025-05-30 15:25:00+00:00,2025-05-30,2025-05-30 20:00:00+00:00,497450,value_area_bounce,1,12.446428571428571,21306.38,21311.942708333336,21305.213541666664,21335.494791666664,21293.98920589019,21300.212420175903,21287.765991604476,False,False,False,3959.121661129333
1,2025-05-30 15:26:00+00:00,2025-05-30,2025-05-30 20:00:00+00:00,497451,value_area_bounce,1,12.401428571428498,21314.38,21311.942708333336,21305.213541666664,21335.494791666664,21294.111364589902,21300.312078875617,21287.910650304188,False,False,False,6033.167220974511
1,2025-05-30 15:58:00+00:00,2025-05-30,2025-05-30 20:00:00+00:00,497483,value_area_bounce,1,13.872142857142794,21287.25,21278.750416666666,21278.750416666666,21324.060416666667,21291.782669660064,21298.718741088636,21284.846598231492,False,False,False,3739.025901567281
1,2025-05-30 16:39:00+00:00,2025-05-30,2025-05-30 20:00:00+00:00,497524,value_area_bounce,1,35.12071428571393,21103.38,21274.518750000003,21095.43875,21296.903749999998,21258.77012860883,21276.33048575169,21241.209771465972,False,False,False,13070.834805213777
1,2025-05-30 19:30:00+00:00,2025-05-30,2025-05-30 20:00:00+00:00,497695,value_area_bounce,-1,13.70571428571436,21316.63,21293.28625,21242.84875,21326.91125,21223.129552199356,21229.982409342214,21216.2766950565,False,False,False,-1751.4410922168104
1,2025-05-30 19:33:00+00:00,2025-05-30,2025-05-30 20:00:00+00:00,497698,value_area_bounce,-1,13.302857142856997,21317.25,21293.28625,21242.84875,21326.91125,21223.83562546001,21230.48705403144,21217.184196888582,False,False,False,-4750.82641293965
1,2025-05-30 19:40:00+00:00,2025-05-30,2025-05-30 20:00:00+00:00,497705,value_area_bounce,-1,16.034285714285424,21319.0,21295.463541666664,21236.911458333336,21322.078125,21225.725073280857,21233.742216138,21217.707930423716,False,False,False,-2912.571222346337
1,2025-05-30 19:59:00+00:00,2025-05-30,2025-05-30 20:00:00+00:00,497724,value_area_bounce,-1,26.13571428571387,21323.75,21321.645208333335,21303.373541666668,21344.484791666666,21233.90152376035,21246.969380903207,21220.83366661749,False,False,False,-4440.467327997622
1,2025-06-02 13:45:00+00:00,2025-06-02,2025-06-02 20:00:00+00:00,498715,value_area_bounce,-1,22.80428571428534,21376.17,21374.586666666662,21274.586666666662,21399.586666666662,21361.478250722408,21372.88039357955,21350.076107865265,False,False,False,-3374.582829062253
1,2025-06-02 13:55:00+00:00,2025-06-02,2025-06-02 20:00:00+00:00,498725,value_area_bounce,1,23.225714285714016,21298.42,21374.586666666662,21291.253333333334,21399.586666666662,21343.30173344106,21354.914590583918,21331.688876298205,False,False,False,3854.9560844085777
1,2025-06-02 13:56:00+00:00,2025-06-02,2025-06-02 20:00:00+00:00,498726,value_area_bounce,1,23.60999999999954,21303.92,21374.70125,21291.57625,21399.63875,21341.686691811075,21353.491691811076,21329.881691811075,False,False,False,11381.543102357417
1,2025-06-02 14:00:00+00:00,2025-06-02,2025-06-02 20:00:00+00:00,498730,opening_range_breakout,-1,27.639999999999677,21205.42,21291.57625,21225.07625,21366.38875,21331.387496930478,21345.207496930478,21317.56749693048,False,False,False,-8214.055916163667
1,2025-06-02 15:30:00+00:00,2025-06-02,2025-06-02 20:00:00+00:00,498820,value_area_bounce,1,12.687857142856956,21335.79,21332.44,21326.86666666667,21346.373333333333,21315.997653036615,21322.341581608045,21309.653724465184,False,False,False,792.033388142898
1,2025-06-02 16:28:00+00:00,2025-06-02,2025-06-02 20:00:00+00:00,498878,value_area_bounce,1,10.03714285714211,21383.54,21395.847291666665,21379.857708333337,21402.243125,21326.577345163038,21331.59591659161,21321.558773734465,False,False,False,171.36168418954173
1,2025-06-02 17:14:00+00:00,2025-06-02,2025-06-02 20:00:00+00:00,498924,value_area_bounce,-1,9.490000000000562,21413.54,21426.255208333332,21386.643125000002,21432.349374999998,21333.95850062464,21338.70350062464,21329.213500624643,False,False,False,-884.7612246707861
1,2025-06-02 17:30:00+00:00,2025-06-02,2025-06-02 20:00:00+00:00,498940,value_area_bounce,1,10.474999999999065,21420.92,21411.019791666666,21407.972708333335,21432.349374999998,21336.817694038582,21342.05519403858,21331.580194038583,False,False,False,1696.536652139576
1,2025-06-02 17:32:00+00:00,2025-06-02,2025-06-02 20:00:00+00:00,498942,value_area_bounce,1,11.322857142856394,21415.79,21411.019791666666,21407.972708333335,21429.302291666667,21337.17136463534,21342.832793206766,21331.50993606391,False,False,False,908.2343187626691
1,2025-06-02 17:35:00+00:00,2025-06-02,2025-06-02 20:00:00+00:00,498945,value_area_bounce,1,11.66214285714211,21409.79,21418.061875,21409.358125,21426.765625,21337.584267580205,21343.415339008778,21331.753196151632,False,False,False,165.0442398113799
1,2025-06-02 17:36:00+00:00,2025-06-02,2025-06-02 20:00:00+00:00,498946,value_area_bounce,1,11.403571428570492,21415.17,21411.43625,21408.75375,21427.53125,21337.75082523575,21343.452610950037,21332.049039521466,False,False,False,2101.736899223167
1,2025-06-02 17:40:00+00:00,2025-06-02,2025-06-02 20:00:00+00:00,498950,value_area_bounce,1,10.054999999999252,21414.54,21411.931041666667,21409.300625,21425.083124999997,21338.330743371924,21343.358243371924,21333.303243371924,False,False,False,1784.2226077548637
1,2025-06-02 17:56:00+00:00,2025-06-02,2025-06-02 20:00:00+00:00,498966,value_area_bounce,1,7.392142857143232,21408.54,21413.321041666662,21401.008541666662,21421.529375,21340.089684596704,21343.785756025274,21336.393613168133,False,False,False,2528.112470462923
1,2025-06-02 18:01:00+00:00,2025-06-02,2025-06-02 20:00:00+00:00,498971,value_area_bounce,1,7.695000000000748,21412.92,21412.341875,21404.446875,21418.263124999998,21340.686415072978,21344.533915072978,21336.838915072978,False,False,False,1638.4331797814518
1,2025-06-02 18:12:00+00:00,2025-06-02,2025-06-02 20:00:00+00:00,498982,value_area_bounce,1,9.999285714286088,21411.54,21413.018125000002,21405.336875,21417.626875,21342.179741884174,21347.179384741317,21337.18009902703,False,False,False,49.215785826896536
1,2025-06-02 19:06:00+00:00,2025-06-02,2025-06-02 20:00:00+00:00,499036,value_area_bounce,-1,6.383571428571615,21481.67,21465.763958333333,21458.810208333332,21481.989374999997,21352.320845852635,21355.512631566922,21349.129060138348,False,False,False,-962.8740630226249
1,2025-06-02 19:08:00+00:00,2025-06-02,2025-06-02 20:00:00+00:00,499038,value_area_bounce,-1,6.5449999999998125,21476.79,21466.243125,21457.138124999998,21479.900625,21352.685013111935,21355.957513111935,21349.412513111936,False,False,False,-1624.3860808589827
1,2025-06-02 19:30:00+00:00,2025-06-02,2025-06-02 20:00:00+00:00,499060,value_area_bounce,-1,8.446428571428571,21482.67,21480.711875,21467.429375,21489.566874999997,21356.409021198542,21360.632235484256,21352.18580691283,False,False,False,-609.5701164035818
1,2025-06-02 19:35:00+00:00,2025-06-02,2025-06-02 20:00:00+00:00,499065,value_area_bounce,1,8.294999999999813,21477.54,21484.894375,21472.736875000002,21486.920625,21357.262808876294,21361.410308876293,21353.115308876295,False,False,False,782.8453144556183
1,2025-06-02 19:36:00+00:00,2025-06-02,2025-06-02 20:00:00+00:00,499066,value_area_bounce,1,8.339285714285714,21481.79,21476.789375,21474.763124999998,21486.920625,21357.42553604591,21361.59517890305,21353.25589318877,False,False,False,559.5072148240389
1,2025-06-02 19:42:00+00:00,2025-06-02,2025-06-02 20:00:00+00:00,499072,value_area_bounce,1,7.605714285715034,21479.04,21480.821041666662,21475.914791666662,21485.727291666662,21358.32087888078,21362.123736023637,21354.51802173792,False,False,False,1010.8652956417072
1,2025-06-02 19:50:00+00:00,2025-06-02,2025-06-02 20:00:00+00:00,499080,value_area_bounce,1,8.620714285714712,21487.17,21480.821041666662,21475.914791666662,21487.362708333334,21359.896166341347,21364.206523484205,21355.58580919849,False,False,False,1301.4014022239571
1,2025-06-02 19:52:00+00:00,2025-06-02,2025-06-02 20:00:00+00:00,499082,value_area_bounce,-1,9.219285714285954,21474.04,21485.727291666662,21475.914791666662,21487.362708333334,21360.433101187566,21365.04274404471,21355.823458330422,False,False,False,-1134.9998906822389
1,2025-06-03 13:33:00+00:00,2025-06-03,2025-06-03 20:00:00+00:00,500083,value_area_bounce,1,15.52714285714293,21511.66,21539.296875,21504.748125,21539.296875,21525.595950535255,21533.359521963826,21517.832379106683,False,False,False,765.9658649768039
1,2025-06-03 13:36:00+00:00,2025-06-03,2025-06-03 20:00:00+00:00,500086,value_area_bounce,1,19.149285714285725,21501.91,21539.296875,21497.070625,21539.296875,21514.755591854733,21524.330234711877,21505.18094899759,False,False,False,5405.8232293504225
1,2025-06-03 13:40:00+00:00,2025-06-03,2025-06-03 20:00:00+00:00,500090,value_area_bounce,1,20.842857142857092,21497.28,21498.019375,21490.456875,21509.363125,21508.372429032064,21518.793857603494,21497.951000460635,False,False,False,5215.51302161042
1,2025-06-03 15:52:00+00:00,2025-06-03,2025-06-03 20:00:00+00:00,500222,value_area_bounce,1,8.336428571427989,21632.91,21634.930833333332,21623.5575,21637.774166666666,21570.32024847404,21574.488462759753,21566.152034188326,False,False,False,376.9633969474985
1,2025-06-03 17:30:00+00:00,2025-06-03,2025-06-03 20:00:00+00:00,500320,value_area_bounce,-1,7.339285714285714,21701.03,21705.399791666663,21697.587291666663,21710.608125,21593.51964072865,21597.18928358579,21589.849997871508,False,False,False,-1702.591861312108
1,2025-06-03 17:33:00+00:00,2025-06-03,2025-06-03 20:00:00+00:00,500323,value_area_bounce,-1,7.821428571428571,21705.03,21705.399791666663,21700.191458333335,21710.608125,21594.272093669842,21598.182807955556,21590.36137938413,False,False,False,-1342.6104330847686
1,2025-06-03 17:40:00+00:00,2025-06-03,2025-06-03 20:00:00+00:00,500330,value_area_bounce,-1,7.232857142857289,21703.78,21703.863333333335,21700.363333333335,21709.696666666663,21595.737183110723,21599.353611682152,21592.120754539294,False,False,False,-136.63050962291777
1,2025-06-03 17:53:00+00:00,2025-06-03,2025-06-03 20:00:00+00:00,500343,value_area_bounce,1,8.446428571428571,21701.41,21703.056041666663,21694.566458333335,21708.149791666663,21599.221562537456,21603.44477682317,21594.998348251742,False,False,False,61.545814075478575
1,2025-06-03 18:09:00+00:00,2025-06-03,2025-06-03 20:00:00+00:00,500359,value_area_bounce,1,13.687857142857215,21642.03,21650.572916666664,21630.652083333334,21702.36708333333,21603.049188767123,21609.893117338554,21596.205260195693,False,False,False,2754.9421389510935
1,2025-06-03 18:11:00+00:00,2025-06-03,2025-06-03 20:00:00+00:00,500361,value_area_bounce,1,16.790714285714007,21618.53,21649.544583333332,21603.157083333335,21701.08625,21603.243663675337,21611.639020818195,21594.84830653248,False,False,False,881.2876426053344
1,2025-06-03 19:10:00+00:00,2025-06-03,2025-06-03 20:00:00+00:00,500420,value_area_bounce,-1,8.595714285713777,21661.66,21668.487083333333,21659.38375,21673.03875,21609.725278289407,21614.023135432264,21605.42742114655,False,False,False,-319.2025258785343
1,2025-06-03 19:11:00+00:00,2025-06-03,2025-06-03 20:00:00+00:00,500421,value_area_bounce,1,8.23857142857092,21661.53,21667.655,21659.321666666663,21671.821666666663,21609.88484750126,21614.004133215545,21605.765561786975,False,False,False,492.14567014422965
1,2025-06-03 19:12:00+00:00,2025-06-03,2025-06-03 20:00:00+00:00,500422,value_area_bounce,1,8.631428571428062,21669.53,21667.655,21659.321666666663,21671.821666666663,21610.033988219388,21614.3497025051,21605.718273933675,False,False,False,1048.0775586540647
1,2025-06-03 19:25:00+00:00,2025-06-03,2025-06-03 20:00:00+00:00,500435,value_area_bounce,-1,7.677857142856998,21665.78,21671.207083333335,21662.31125,21672.477916666663,21611.37925884872,21615.21818742015,21607.54033027729,False,False,False,-1229.1152935146479
1,2025-06-03 19:53:00+00:00,2025-06-03,2025-06-03 20:00:00+00:00,500463,value_area_bounce,1,12.322857142856654,21659.53,21666.915208333332,21654.227708333332,21673.258958333332,21614.483648800215,21620.645077371642,21608.322220228787,False,False,False,6083.951599401789
1,2025-06-03 19:55:00+00:00,2025-06-03,2025-06-03 20:00:00+00:00,500465,value_area_bounce,1,14.172142857142587,21675.53,21666.915208333332,21654.227708333332,21673.258958333332,21614.99605918231,21622.08213061088,21607.90998775374,False,False,False,4866.607177453675
1,2025-06-04 13:43:00+00:00,2025-06-04,2025-06-04 20:00:00+00:00,501473,value_area_bounce,-1,16.829285714286275,21722.75,21748.35625,21695.60875,21748.35625,21725.84474099948,21734.259383856624,21717.430098142337,False,False,False,-4785.246216013962
1,2025-06-04 13:52:00+00:00,2025-06-04,2025-06-04 20:00:00+00:00,501482,value_area_bounce,1,16.264285714286025,21717.5,21748.746875,21705.833125,21748.746875,21726.847909236614,21734.980052093757,21718.71576637947,False,False,False,12.460117672645538
1,2025-06-04 14:01:00+00:00,2025-06-04,2025-06-04 20:00:00+00:00,501491,value_area_bounce,1,17.942857142857456,21705.0,21711.9825,21683.667499999996,21732.207499999997,21720.728597188936,21729.700025760365,21711.757168617507,False,False,False,5354.122510882876
1,2025-06-04 14:12:00+00:00,2025-06-04,2025-06-04 20:00:00+00:00,501502,value_area_bounce,1,24.568571428571367,21680.0,21711.078125,21660.494791666664,21736.369791666664,21698.457545803863,21710.74183151815,21686.173260089578,False,False,False,10318.415785855957
1,2025-06-04 14:17:00+00:00,2025-06-04,2025-06-04 20:00:00+00:00,501507,value_area_bounce,1,21.10785714285677,21682.0,21711.078125,21660.494791666664,21736.369791666664,21696.55130683965,21707.10523541108,21685.99737826822,False,False,False,3680.6061698157077
1,2025-06-04 14:41:00+00:00,2025-06-04,2025-06-04 20:00:00+00:00,501531,value_area_bounce,1,12.865714285714473,21695.0,21713.307291666664,21676.921875,21713.307291666664,21696.39940581795,21702.832262960805,21689.966548675093,False,False,False,1508.9917958816422
1,2025-06-04 15:21:00+00:00,2025-06-04,2025-06-04 20:00:00+00:00,501571,value_area_bounce,-1,9.077857142858452,21726.120000000003,21692.360625,21672.643125000002,21728.509375,21700.715410089164,21705.254338660594,21696.176481517734,False,False,False,-1628.4399142261345
1,2025-06-04 15:45:00+00:00,2025-06-04,2025-06-04 20:00:00+00:00,501595,value_area_bounce,1,13.259999999999438,21721.5,21734.974166666667,21718.932500000003,21739.557500000003,21703.674744368527,21710.30474436853,21697.044744368526,False,False,False,766.9409326836931
1,2025-06-04 15:46:00+00:00,2025-06-04,2025-06-04 20:00:00+00:00,501596,value_area_bounce,1,12.90285714285658,21720.0,21735.55104166667,21713.521875,21735.55104166667,21703.784655163796,21710.236083735224,21697.333226592367,False,False,False,1267.1882485227625
1,2025-06-04 17:41:00+00:00,2025-06-04,2025-06-04 20:00:00+00:00,501711,value_area_bounce,1,7.235714285715533,21733.370000000003,21737.55104166667,21729.036458333336,21744.362708333334,21705.676068559114,21709.29392570197,21702.058211416257,False,False,False,474.13591612677294
1,2025-06-04 17:42:00+00:00,2025-06-04,2025-06-04 20:00:00+00:00,501712,value_area_bounce,1,7.435714285715221,21734.370000000003,21738.092708333337,21726.755625,21739.71229166667,21705.732549305467,21709.450406448326,21702.014692162607,False,False,False,1905.7877018410586
1,2025-06-04 18:31:00+00:00,2025-06-04,2025-06-04 20:00:00+00:00,501761,value_area_bounce,-1,6.835714285714597,21755.370000000003,21747.604375000003,21745.885625000003,21759.635625000003,21709.110864920556,21712.528722063413,21705.6930077777,False,False,False,-938.361977554759
1,2025-06-04 18:35:00+00:00,2025-06-04,2025-06-04 20:00:00+00:00,501765,value_area_bounce,-1,6.612857142857267,21755.870000000003,21753.370000000003,21748.036666666667,21758.70333333334,21709.409858144918,21712.716286716346,21706.10342957349,False,False,False,-1001.8679115591433
1,2025-06-04 18:38:00+00:00,2025-06-04,2025-06-04 20:00:00+00:00,501768,value_area_bounce,1,6.808571428571928,21757.620000000003,21758.838750000003,21749.651250000003,21761.463750000003,21709.6012603974,21713.005546111686,21706.196974683116,False,False,False,742.4023980435103
1,2025-06-04 18:47:00+00:00,2025-06-04,2025-06-04 20:00:00+00:00,501777,value_area_bounce,-1,5.445000000000748,21755.370000000003,21759.832500000004,21751.792500000003,21761.842500000002,21710.191470073234,21712.913970073234,21707.468970073234,False,False,False,-171.06224591838202
1,2025-06-04 19:00:00+00:00,2025-06-04,2025-06-04 20:00:00+00:00,501790,value_area_bounce,1,7.964999999999626,21749.120000000003,21751.552291666667,21749.021458333336,21761.675625000003,21711.124403012313,21715.10690301231,21707.141903012314,False,False,False,328.26818746496605
1,2025-06-04 19:01:00+00:00,2025-06-04,2025-06-04 20:00:00+00:00,501791,value_area_bounce,1,8.250714285713912,21761.870000000003,21751.552291666667,21749.021458333336,21761.675625000003,21711.2184739323,21715.343831075155,21707.09311678944,False,False,False,1708.2300618480776
1,2025-06-04 19:21:00+00:00,2025-06-04,2025-06-04 20:00:00+00:00,501811,value_area_bounce,1,7.580714285714099,21754.620000000003,21754.442291666666,21747.224791666667,21756.848125000004,21712.50880828032,21716.299165423177,21708.71845113746,False,False,False,1286.0502477571936
1,2025-06-04 19:30:00+00:00,2025-06-04,2025-06-04 20:00:00+00:00,501820,value_area_bounce,1,6.633571428571615,21755.870000000003,21752.036458333336,21746.021875,21755.645208333335,21712.955103587872,21716.27188930216,21709.638317873585,False,False,False,917.9345599389408
1,2025-06-04 19:32:00+00:00,2025-06-04,2025-06-04 20:00:00+00:00,501822,value_area_bounce,1,6.57071428571466,21750.870000000003,21752.036458333336,21746.021875,21754.442291666666,21713.088231320795,21716.37358846365,21709.802874177938,False,False,False,985.4360311840151
1,2025-06-04 19:45:00+00:00,2025-06-04,2025-06-04 20:00:00+00:00,501835,value_area_bounce,1,7.759285714285527,21752.120000000003,21746.906458333335,21745.463541666668,21754.121041666665,21713.79969087282,21717.679333729964,21709.920048015676,False,False,False,1392.7878293085628
1,2025-06-04 19:58:00+00:00,2025-06-04,2025-06-04 20:00:00+00:00,501848,value_area_bounce,1,10.697857142856394,21736.620000000003,21745.932500000003,21736.14083333334,21757.682500000003,21714.40875977974,21719.75768835117,21709.059831208313,False,False,False,3308.8133792564026
1,2025-06-05 13:33:00+00:00,2025-06-05,2025-06-05 20:00:00+00:00,502843,value_area_bounce,1,18.178571428571427,21773.210000000003,21771.496666666666,21771.496666666666,21803.496666666666,21770.127968950743,21779.21725466503,21761.038683236457,False,False,False,11604.017797521254
1,2025-06-05 13:41:00+00:00,2025-06-05,2025-06-05 20:00:00+00:00,502851,value_area_bounce,1,27.992857142857247,21756.460000000003,21770.319583333338,21748.402916666666,21786.757083333338,21757.102432994037,21771.098861565464,21743.10600442261,False,False,False,51.31653980354258
1,2025-06-05 14:32:00+00:00,2025-06-05,2025-06-05 20:00:00+00:00,502902,value_area_bounce,-1,17.22285714285707,21712.210000000003,21698.257708333334,21679.529375000002,21716.98604166667,21723.58767153647,21732.199100107897,21714.97624296504,False,False,False,-3121.671523422733
1,2025-06-05 14:36:00+00:00,2025-06-05,2025-06-05 20:00:00+00:00,502906,value_area_bounce,1,20.997142857143054,21723.460000000003,21698.257708333334,21679.529375000002,21712.303958333338,21722.567085706796,21733.06565713537,21712.068514278224,False,False,False,2362.5860812375113
1,2025-06-05 15:44:00+00:00,2025-06-05,2025-06-05 20:00:00+00:00,502974,value_area_bounce,-1,8.08071428571436,21884.33,21877.866250000003,21826.116250000003,21886.491250000003,21758.718989913425,21762.759347056282,21754.678632770567,False,False,False,-2859.9418848869627
1,2025-06-05 15:57:00+00:00,2025-06-05,2025-06-05 20:00:00+00:00,502987,value_area_bounce,-1,10.420000000000073,21888.460000000003,21877.995208333334,21870.964375000003,21888.541458333333,21763.29794236171,21768.50794236171,21758.08794236171,False,False,False,-306.4561307631893
1,2025-06-05 16:00:00+00:00,2025-06-05,2025-06-05 20:00:00+00:00,502990,value_area_bounce,-1,9.446428571428571,21882.210000000003,21877.93291666667,21874.948750000003,21886.885416666668,21764.38736416524,21769.110578450953,21759.664149879525,False,False,False,-887.9611416826766
1,2025-06-05 16:01:00+00:00,2025-06-05,2025-06-05 20:00:00+00:00,502991,value_area_bounce,-1,9.697142857143003,21879.210000000003,21878.168541666666,21875.220625,21887.012291666666,21764.846406421217,21769.694977849787,21759.997834992646,False,False,False,-3042.352968319583
1,2025-06-05 16:07:00+00:00,2025-06-05,2025-06-05 20:00:00+00:00,502997,value_area_bounce,-1,9.767857142857142,21873.83,21877.86125,21874.152916666666,21883.42375,21766.74214856932,21771.626077140747,21761.858219997892,False,False,False,-417.02363636364976
1,2025-06-05 16:27:00+00:00,2025-06-05,2025-06-05 20:00:00+00:00,503017,value_area_bounce,1,17.509285714285788,21831.58,21884.99979166667,21820.882708333334,21889.931875000002,21771.828500584175,21780.58314344132,21763.07385772703,False,False,False,2959.8895900382595
1,2025-06-05 19:24:00+00:00,2025-06-05,2025-06-05 20:00:00+00:00,503194,value_area_bounce,1,29.79928571428614,21487.210000000003,21494.68916666667,21475.105833333335,21661.147500000003,21721.206304876323,21736.105947733467,21706.30666201918,False,False,False,3890.4219411822314
1,2025-06-05 19:25:00+00:00,2025-06-05,2025-06-05 20:00:00+00:00,503195,value_area_bounce,1,30.272142857143212,21503.960000000003,21494.68916666667,21475.105833333335,21651.355833333335,21719.993330878762,21735.129402307335,21704.85725945019,False,False,False,3071.0061211916372
1,2025-06-05 19:42:00+00:00,2025-06-05,2025-06-05 20:00:00+00:00,503212,value_area_bounce,-1,23.117857142857506,21600.710000000003,21492.866250000003,21474.741250000003,21619.741250000003,21710.692002825366,21722.250931396797,21699.133074253936,False,False,False,-3840.273265195202
1,2025-06-06 13:31:00+00:00,2025-06-06,2025-06-06 20:00:00+00:00,504221,value_area_bounce,-1,12.067142857142764,21766.4,21762.540625,21733.321875,21773.165625,21765.985952695402,21772.019524123974,21759.95238126683,False,False,False,-8221.239020682375
1,2025-06-06 13:33:00+00:00,2025-06-06,2025-06-06 20:00:00+00:00,504223,value_area_bounce,-1,14.334999999999907,21748.02,21763.759375,21727.134375,21763.759375,21760.398931888874,21767.566431888874,21753.231431888875,False,False,False,-9945.945945706244
1,2025-06-06 14:32:00+00:00,2025-06-06,2025-06-06 20:00:00+00:00,504282,value_area_bounce,1,17.692142857142763,21752.9,21802.929375,21752.454375,21802.929375,21785.40424001528,21794.25031144385,21776.558168586707,False,False,False,3111.0643296768885
1,2025-06-06 15:00:00+00:00,2025-06-06,2025-06-06 20:00:00+00:00,504310,value_area_bounce,1,10.79428571428564,21800.02,21789.17,21782.33,21802.85,21785.931892473112,21791.329035330255,21780.53474961597,False,False,False,1823.846942750759
1,2025-06-06 16:25:00+00:00,2025-06-06,2025-06-06 20:00:00+00:00,504395,value_area_bounce,1,10.885000000000218,21759.77,21775.535625,21748.973125,21780.848125,21779.44222281092,21784.884722810923,21773.99972281092,False,False,False,1640.8426846783336
1,2025-06-06 16:57:00+00:00,2025-06-06,2025-06-06 20:00:00+00:00,504427,value_area_bounce,1,13.050000000000052,21713.9,21756.337708333333,21700.212708333333,21765.691875,21774.77702875381,21781.302028753813,21768.25202875381,False,False,False,2614.181558029082
1,2025-06-06 18:21:00+00:00,2025-06-06,2025-06-06 20:00:00+00:00,504511,value_area_bounce,-1,7.0900000000001455,21817.77,21812.300000000003,21780.620000000003,21826.7,21773.113576468764,21776.658576468762,21769.568576468766,False,False,False,-634.7611065214685
1,2025-06-06 18:30:00+00:00,2025-06-06,2025-06-06 20:00:00+00:00,504520,value_area_bounce,-1,9.241428571428644,21817.15,21811.17625,21790.009583333333,21827.05125,21773.916906643757,21778.53762092947,21769.296192358044,False,False,False,-2542.0235044839806
1,2025-06-06 18:42:00+00:00,2025-06-06,2025-06-06 20:00:00+00:00,504532,value_area_bounce,1,10.534999999999854,21809.9,21812.223125,21809.67104166667,21824.98354166667,21775.13870732443,21780.406207324428,21769.87120732443,False,False,False,1408.8885367942853
1,2025-06-06 18:46:00+00:00,2025-06-06,2025-06-06 20:00:00+00:00,504536,value_area_bounce,1,10.411428571428717,21809.15,21811.025208333333,21808.785625,21824.462708333333,21775.379385029828,21780.585099315544,21770.173670744112,False,False,False,743.042173283914
1,2025-06-06 18:52:00+00:00,2025-06-06,2025-06-06 20:00:00+00:00,504542,value_area_bounce,1,9.411428571428717,21809.77,21811.53041666667,21809.634583333333,21824.80125,21775.639479146423,21780.34519343214,21770.933764860707,False,False,False,920.0148350301564
1,2025-06-06 19:00:00+00:00,2025-06-06,2025-06-06 20:00:00+00:00,504550,value_area_bounce,1,7.437142857142784,21811.77,21822.90541666667,21807.73875,21824.80125,21776.027912588634,21779.746484017203,21772.309341160064,False,False,False,450.15272658104436
1,2025-06-06 19:35:00+00:00,2025-06-06,2025-06-06 20:00:00+00:00,504585,value_area_bounce,1,9.212142857142421,21778.52,21805.232083333336,21778.422083333335,21814.16875,21776.620240631655,21781.226312060226,21772.014169203085,False,False,False,1618.5815711713035
1,2025-06-06 19:43:00+00:00,2025-06-06,2025-06-06 20:00:00+00:00,504593,value_area_bounce,1,9.239999999999782,21768.65,21776.9575,21759.74916666667,21799.0825,21776.526435807147,21781.146435807146,21771.90643580715,False,False,False,295.82865168588296
1,2025-06-06 19:49:00+00:00,2025-06-06,2025-06-06 20:00:00+00:00,504599,value_area_bounce,1,9.250714285714432,21765.9,21775.82625,21759.67375,21789.67125,21776.490479245353,21781.11583638821,21771.865122102496,False,False,False,772.3165172341382
1,2025-06-06 19:55:00+00:00,2025-06-06,2025-06-06 20:00:00+00:00,504605,value_area_bounce,-1,12.500714285714432,21768.15,21775.435625000002,21764.158541666668,21779.946458333336,21776.500410692126,21782.750767834983,21770.25005354927,False,False,False,-683.4584302524202
1,2025-06-06 19:56:00+00:00,2025-06-06,2025-06-06 20:00:00+00:00,504606,value_area_bounce,1,12.393571428571574,21768.4,21775.435625000002,21764.158541666668,21779.946458333336,21776.470660656578,21782.667446370862,21770.273874942293,False,False,False,967.9891887951986
1,2025-06-09 13:30:00+00:00,2025-06-09,2025-06-09 20:00:00+00:00,505585,value_area_bounce,1,6.875714285714431,21783.61,21774.137291666666,21771.466041666667,21782.151041666668,21779.943333333333,21783.38119047619,21776.505476190476,False,False,False,2485.088450624613
1,2025-06-09 13:31:00+00:00,2025-06-09,2025-06-09 20:00:00+00:00,505586,value_area_bounce,-1,9.116428571428644,21762.24,21780.000625,21775.958958333336,21785.052708333336,21774.41789195334,21778.976106239053,21769.859677667628,False,False,False,-1791.6735988922974
1,2025-06-09 13:46:00+00:00,2025-06-09,2025-06-09 20:00:00+00:00,505601,value_area_bounce,-1,18.232857142857288,21760.74,21746.031875,21727.438125,21769.938125,21757.523595912597,21766.640024484026,21748.407167341167,False,False,False,-2166.6219235565495
1,2025-06-09 13:47:00+00:00,2025-06-09,2025-06-09 20:00:00+00:00,505602,value_area_bounce,-1,18.00071428571443,21756.74,21746.031875,21727.438125,21769.938125,21757.55597605672,21766.556333199576,21748.555618913862,False,False,False,-4926.996018383686
1,2025-06-09 13:57:00+00:00,2025-06-09,2025-06-09 20:00:00+00:00,505612,value_area_bounce,-1,14.319999999999709,21777.74,21764.714375000003,21758.995208333334,21787.591041666667,21763.028663170768,21770.188663170768,21755.868663170768,False,False,False,-1803.8433162515735
1,2025-06-09 14:01:00+00:00,2025-06-09,2025-06-09 20:00:00+00:00,505616,value_area_bounce,-1,14.017142857142712,21779.86,21764.714375000003,21758.995208333334,21784.731458333335,21764.283458805367,21771.292030233937,21757.274887376796,False,False,False,-1800.317770727558
1,2025-06-09 14:45:00+00:00,2025-06-09,2025-06-09 20:00:00+00:00,505660,value_area_bounce,-1,11.65285714285736,21823.11,21779.74,21762.40666666667,21836.073333333334,21788.829596417254,21794.656024988682,21783.003167845825,False,False,False,-2766.6451270690113
1,2025-06-09 17:24:00+00:00,2025-06-09,2025-06-09 20:00:00+00:00,505819,value_area_bounce,1,9.142857142857142,21827.86,21829.255208333336,21814.779791666668,21843.730625,21803.16363285109,21807.735061422518,21798.592204279663,False,False,False,2972.871339221638
1,2025-06-09 17:31:00+00:00,2025-06-09,2025-06-09 20:00:00+00:00,505826,value_area_bounce,1,8.937142857142785,21829.11,21835.458958333336,21827.18729166667,21849.934375,21803.90430896943,21808.372880398,21799.43573754086,False,False,False,700.166861870274
1,2025-06-09 18:28:00+00:00,2025-06-09,2025-06-09 20:00:00+00:00,505883,value_area_bounce,-1,4.892857142857143,21841.86,21847.572291666667,21840.448958333334,21847.572291666667,21807.57883410271,21810.02526267414,21805.132405531283,False,False,False,-657.5059415887342
1,2025-06-09 18:30:00+00:00,2025-06-09,2025-06-09 20:00:00+00:00,505885,value_area_bounce,1,5.026428571428498,21844.49,21847.572291666667,21840.448958333334,21847.572291666667,21807.72102233137,21810.234236617085,21805.207808045656,False,False,False,63.53200106592874
1,2025-06-09 19:01:00+00:00,2025-06-09,2025-06-09 20:00:00+00:00,505916,value_area_bounce,-1,5.454999999999927,21844.61,21839.19375,21836.07875,21845.42375,21809.194796622185,21811.922296622186,21806.467296622184,False,False,False,-752.226089709458
1,2025-06-09 19:05:00+00:00,2025-06-09,2025-06-09 20:00:00+00:00,505920,value_area_bounce,-1,5.419285714285642,21842.36,21839.19375,21836.07875,21845.42375,21809.400316622337,21812.10995947948,21806.690673765195,False,False,False,-705.0469111796125
1,2025-06-09 19:34:00+00:00,2025-06-09,2025-06-09 20:00:00+00:00,505949,value_area_bounce,1,5.884285714285787,21827.11,21825.37541666667,21823.979583333334,21840.729583333334,21810.43155194489,21813.373694802034,21807.489409087746,False,False,False,584.8711279071623
1,2025-06-09 19:51:00+00:00,2025-06-09,2025-06-09 20:00:00+00:00,505966,value_area_bounce,1,9.340000000000146,21825.36,21826.042291666665,21819.698541666665,21847.188125,21810.773670365983,21815.44367036598,21806.103670365985,False,False,False,1357.5009487583072
1,2025-06-10 13:30:00+00:00,2025-06-10,2025-06-10 20:00:00+00:00,506965,value_area_bounce,1,9.094285714286213,21832.730000000003,21831.532708333336,21822.125208333335,21834.668541666666,21829.773333333334,21834.320476190478,21825.22619047619,False,False,False,2176.4984341697573
1,2025-06-10 13:31:00+00:00,2025-06-10,2025-06-10 20:00:00+00:00,506966,value_area_bounce,-1,9.987142857143356,21817.86,21829.96479166667,21823.693125,21834.668541666666,21825.40207371706,21830.395645145632,21820.40850228849,False,False,False,-187.39711951371896
1,2025-06-10 13:32:00+00:00,2025-06-10,2025-06-10 20:00:00+00:00,506967,value_area_bounce,1,11.388571428572115,21826.36,21829.96479166667,21820.557291666668,21834.668541666666,21823.098877451288,21828.793163165574,21817.404591737002,False,False,False,5577.740398498621
1,2025-06-10 13:43:00+00:00,2025-06-10,2025-06-10 20:00:00+00:00,506978,value_area_bounce,-1,19.69571428571466,21822.86,21819.735833333336,21808.3825,21836.765833333335,21828.622186640234,21838.47004378309,21818.774329497377,False,False,False,-26.644807587505966
1,2025-06-10 13:44:00+00:00,2025-06-10,2025-06-10 20:00:00+00:00,506979,value_area_bounce,1,19.080000000000187,21829.61,21831.08916666667,21811.220833333333,21836.765833333335,21828.222952245622,21837.762952245623,21818.68295224562,False,False,False,1145.9566742404982
1,2025-06-10 13:45:00+00:00,2025-06-10,2025-06-10 20:00:00+00:00,506980,value_area_bounce,-1,19.044285714285902,21824.980000000003,21831.08916666667,21814.059166666666,21836.765833333335,21828.361546770124,21837.883689627266,21818.83940391298,False,False,False,-5127.274544326884
1,2025-06-10 15:38:00+00:00,2025-06-10,2025-06-10 20:00:00+00:00,507093,value_area_bounce,1,21.13428571428553,21784.980000000003,21839.19166666667,21781.225000000002,21856.581666666672,21830.96564394479,21841.532786801934,21820.398501087646,False,False,False,3686.6932165613794
1,2025-06-10 15:39:00+00:00,2025-06-10,2025-06-10 20:00:00+00:00,507094,value_area_bounce,1,21.196428571428573,21792.11,21838.764583333337,21781.006250000002,21856.092083333337,21830.621475294123,21841.219689579837,21820.02326100841,False,False,False,6590.681572997417
1,2025-06-10 17:02:00+00:00,2025-06-10,2025-06-10 20:00:00+00:00,507177,value_area_bounce,-1,5.782142857143169,21874.480000000003,21871.051874999997,21868.454375,21882.740625,21836.838280527114,21839.729351955684,21833.947209098544,False,False,False,-1248.885196060418
1,2025-06-10 17:19:00+00:00,2025-06-10,2025-06-10 20:00:00+00:00,507194,value_area_bounce,-1,7.214285714285714,21885.730000000003,21878.93833333334,21874.18833333334,21888.43833333334,21839.020806447184,21842.627949304326,21835.413663590043,False,False,False,-1507.778042534911
1,2025-06-10 17:24:00+00:00,2025-06-10,2025-06-10 20:00:00+00:00,507199,value_area_bounce,-1,6.946428571428571,21888.230000000003,21886.855000000003,21877.355000000003,21891.605000000003,21839.49556669464,21842.968780980354,21836.022352408927,False,False,False,-389.26082228508744
1,2025-06-10 18:02:00+00:00,2025-06-10,2025-06-10 20:00:00+00:00,507237,value_area_bounce,1,13.167142857142608,21830.86,21860.161875,21814.382708333334,21878.47354166667,21840.65344859445,21847.23702002302,21834.06987716588,False,False,False,3032.974695582943
1,2025-06-10 18:05:00+00:00,2025-06-10,2025-06-10 20:00:00+00:00,507240,value_area_bounce,1,14.58642857142851,21822.61,21862.021041666667,21822.50729166667,21879.582708333335,21840.356799859608,21847.65001414532,21833.063585573895,False,False,False,6067.205582765301
1,2025-06-10 19:32:00+00:00,2025-06-10,2025-06-10 20:00:00+00:00,507327,value_area_bounce,1,7.897857142857641,21931.480000000003,21930.787291666667,21926.23520833334,21958.099791666667,21851.75906928526,21855.70799785669,21847.81014071383,False,False,False,146.07401317238146
1,2025-06-10 19:39:00+00:00,2025-06-10,2025-06-10 20:00:00+00:00,507334,value_area_bounce,1,8.307857142858015,21924.86,21928.661666666667,21924.365,21950.145000000004,21852.774132941544,21856.928061512972,21848.620204370116,False,False,False,25.14668470658262
1,2025-06-10 19:54:00+00:00,2025-06-10,2025-06-10 20:00:00+00:00,507349,value_area_bounce,1,13.365000000000562,21920.36,21944.130000000005,21910.33,21947.510000000002,21855.335778238412,21862.01827823841,21848.653278238413,False,False,False,2295.139353950411
1,2025-06-11 13:36:00+00:00,2025-06-11,2025-06-11 20:00:00+00:00,508351,value_area_bounce,1,17.112142857143095,21965.04,22004.018958333334,21962.664791666662,22012.289791666662,21963.83886997579,21972.39494140436,21955.282798547218,False,False,False,7872.359867570596
1,2025-06-11 13:37:00+00:00,2025-06-11,2025-06-11 20:00:00+00:00,508352,value_area_bounce,1,17.57642857142881,21965.67,22004.018958333334,21962.664791666662,22012.289791666662,21963.880378553702,21972.668592839418,21955.092164267986,False,False,False,3762.983586161866
1,2025-06-11 14:07:00+00:00,2025-06-11,2025-06-11 20:00:00+00:00,508382,value_area_bounce,-1,14.839999999999625,21964.17,21970.987083333333,21951.550416666665,21975.846250000002,21957.07996933452,21964.49996933452,21949.659969334523,False,False,False,-352.29938727701574
1,2025-06-11 15:35:00+00:00,2025-06-11,2025-06-11 20:00:00+00:00,508470,value_area_bounce,1,9.248571428572177,21999.29,21990.998125,21990.998125,22021.091875,21981.6267126965,21986.250998410786,21977.002426982213,False,False,False,1871.934396698451
1,2025-06-11 15:49:00+00:00,2025-06-11,2025-06-11 20:00:00+00:00,508484,value_area_bounce,1,12.349285714285154,21976.92,21991.836041666666,21970.803541666668,22009.363125,21981.938763637292,21988.113406494434,21975.76412078015,False,False,False,2215.459268792812
1,2025-06-11 16:00:00+00:00,2025-06-11,2025-06-11 20:00:00+00:00,508495,value_area_bounce,1,11.999285714286088,21982.42,21998.982083333332,21972.87458333333,22001.882916666666,21981.910562788027,21987.91020564517,21975.910919930884,False,False,False,1101.3312644750347
1,2025-06-11 18:31:00+00:00,2025-06-11,2025-06-11 20:00:00+00:00,508646,value_area_bounce,1,23.656428571428997,21847.92,21844.545208333337,21792.482708333337,21861.899375,21943.621017670845,21955.449231956558,21931.79280338513,False,False,False,3381.37249096045
1,2025-06-11 19:50:00+00:00,2025-06-11,2025-06-11 20:00:00+00:00,508725,value_area_bounce,1,16.501428571428864,21850.42,21838.07125,21826.50875,21845.00875,21921.12371848797,21929.374432773682,21912.873004202254,False,False,False,2364.260894768636
1,2025-06-11 19:51:00+00:00,2025-06-11,2025-06-11 20:00:00+00:00,508726,value_area_bounce,-1,16.885000000000478,21838.67,21838.07125,21826.50875,21845.00875,21920.825695790576,21929.268195790577,21912.383195790575,False,False,False,-79.65619538664748
1,2025-06-12 13:30:00+00:00,2025-06-12,2025-06-12 20:00:00+00:00,509725,value_area_bounce,1,9.70142857142881,21843.29,21822.222708333335,21812.458124999997,21822.222708333335,21830.333333333332,21835.18404761905,21825.482619047616,False,False,False,6250.047526477696
1,2025-06-12 13:38:00+00:00,2025-06-12,2025-06-12 20:00:00+00:00,509733,value_area_bounce,1,19.148571428571294,21849.79,21831.89375,21818.23875,21836.445416666666,21833.120472230334,21842.69475794462,21823.546186516047,False,False,False,177.28805343566182
1,2025-06-12 13:54:00+00:00,2025-06-12,2025-06-12 20:00:00+00:00,509749,value_area_bounce,-1,13.882142857143792,21859.79,21854.399166666662,21830.065833333334,21866.565833333334,21845.69132604263,21852.632397471203,21838.750254614057,False,False,False,-1411.6097610321808
1,2025-06-12 14:07:00+00:00,2025-06-12,2025-06-12 20:00:00+00:00,509762,opening_range_breakout,1,18.088571428571804,21875.92,21842.2325,21830.065833333334,21857.440833333334,21845.090167116785,21854.13445283107,21836.0458814025,False,False,False,3259.5231923853476
1,2025-06-12 15:29:00+00:00,2025-06-12,2025-06-12 20:00:00+00:00,509844,value_area_bounce,1,18.61999999999898,21900.29,21925.71916666667,21889.644166666665,21937.744166666667,21879.074590184107,21888.384590184105,21869.76459018411,False,False,False,5806.325558040826
1,2025-06-12 16:23:00+00:00,2025-06-12,2025-06-12 20:00:00+00:00,509898,value_area_bounce,-1,10.026428571428758,21908.79,21898.701458333337,21882.003541666665,21913.013958333337,21884.82740057604,21889.840614861754,21879.814186290325,False,False,False,-1456.2145533812643
1,2025-06-12 16:31:00+00:00,2025-06-12,2025-06-12 20:00:00+00:00,509906,value_area_bounce,-1,13.196428571428571,21906.04,21907.1025,21877.519166666665,21921.894166666665,21886.16957534942,21892.767789635134,21879.571361063707,False,False,False,-217.67934175383334
1,2025-06-12 16:32:00+00:00,2025-06-12,2025-06-12 20:00:00+00:00,509907,value_area_bounce,1,13.848571428571242,21919.92,21913.019166666665,21898.2275,21933.7275,21886.404862175954,21893.32914789024,21879.48057646167,False,False,False,1775.0439798263105
1,2025-06-12 16:51:00+00:00,2025-06-12,2025-06-12 20:00:00+00:00,509926,value_area_bounce,1,9.598571428571242,21919.04,21913.31625,21913.31625,21938.29875,21889.189940447213,21893.9892261615,21884.390654732928,False,False,False,283.8027006603196
1,2025-06-12 17:30:00+00:00,2025-06-12,2025-06-12 20:00:00+00:00,509965,value_area_bounce,1,7.934285714287398,21936.54,21930.653958333332,21922.175625,21947.610625,21892.40827336355,21896.375416220697,21888.441130506406,False,False,False,926.1393568079766
1,2025-06-12 18:35:00+00:00,2025-06-12,2025-06-12 20:00:00+00:00,510030,value_area_bounce,1,11.089285714285714,21914.04,21919.372499999998,21908.0975,21932.9025,21895.754002169266,21901.298645026407,21890.209359312124,False,False,False,1731.3842861972032
1,2025-06-12 18:38:00+00:00,2025-06-12,2025-06-12 20:00:00+00:00,510033,value_area_bounce,1,11.40214285714267,21904.79,21919.42,21901.42,21923.42,21895.828943838,21901.530015266573,21890.12787240943,False,False,False,1300.9863497001002
1,2025-06-12 19:33:00+00:00,2025-06-12,2025-06-12 20:00:00+00:00,510088,value_area_bounce,1,7.4414285714293715,21912.79,21924.033333333333,21909.706666666665,21932.22,21897.340754588564,21901.06146887428,21893.62004030285,False,False,False,197.51917625316787
1,2025-06-13 13:43:00+00:00,2025-06-13,2025-06-13 20:00:00+00:00,511118,value_area_bounce,-1,26.46642857142901,21743.93,21746.175000000003,21658.425000000003,21752.925000000003,21735.27482639471,21748.508040680426,21722.041612108995,False,False,False,-1262.2370642826113
1,2025-06-13 13:45:00+00:00,2025-06-13,2025-06-13 20:00:00+00:00,511120,value_area_bounce,-1,22.704285714286275,21726.18,21746.175000000003,21685.425000000003,21752.925000000003,21735.60326971675,21746.955412573894,21724.251126859606,False,False,False,-1801.9004554629676
1,2025-06-13 13:49:00+00:00,2025-06-13,2025-06-13 20:00:00+00:00,511124,value_area_bounce,1,20.674285714286402,21737.18,21746.175000000003,21725.925000000003,21752.925000000003,21735.450647546713,21745.787790403858,21725.11350468957,False,False,False,655.1646587420341
1,2025-06-13 13:50:00+00:00,2025-06-13,2025-06-13 20:00:00+00:00,511125,value_area_bounce,1,21.86500000000056,21750.43,21746.175000000003,21725.925000000003,21752.925000000003,21735.935573219234,21746.868073219233,21725.003073219235,False,False,False,5172.50484345379
1,2025-06-13 13:51:00+00:00,2025-06-13,2025-06-13 20:00:00+00:00,511126,value_area_bounce,-1,22.44571428571466,21738.18,21746.175000000003,21725.925000000003,21746.175000000003,21736.538285666607,21747.761142809464,21725.31542852375,False,False,False,-257.43502446779075
1,2025-06-13 13:53:00+00:00,2025-06-13,2025-06-13 20:00:00+00:00,511128,value_area_bounce,-1,22.03857142857149,21733.300000000003,21744.096875000003,21730.11770833334,21751.08645833334,21736.769402291004,21747.78868800529,21725.750116576717,False,False,False,-1845.2167978979091
1,2025-06-13 14:01:00+00:00,2025-06-13,2025-06-13 20:00:00+00:00,511136,value_area_bounce,1,21.692142857141985,21723.800000000003,21744.096875000003,21723.128125000003,21751.08645833334,21733.847236712816,21744.693308141388,21723.001165284244,False,False,False,922.8677097999748
1,2025-06-13 14:03:00+00:00,2025-06-13,2025-06-13 20:00:00+00:00,511138,value_area_bounce,1,22.70142857142751,21725.93,21744.096875000003,21723.128125000003,21751.08645833334,21733.11966189063,21744.47037617634,21721.768947604916,False,False,False,1986.9857560570447
1,2025-06-13 16:22:00+00:00,2025-06-13,2025-06-13 20:00:00+00:00,511277,value_area_bounce,-1,9.267857142857142,21823.18,21811.71125,21791.14875,21829.33625,21723.964698841388,21728.598627412815,21719.33077026996,False,False,False,-2261.361538800553
1,2025-06-13 16:30:00+00:00,2025-06-13,2025-06-13 20:00:00+00:00,511285,value_area_bounce,1,9.670714285713725,21807.18,21818.03854166667,21806.566874999997,21829.510208333333,21726.276536664755,21731.11189380761,21721.4411795219,False,False,False,464.98572865790914
1,2025-06-13 16:52:00+00:00,2025-06-13,2025-06-13 20:00:00+00:00,511307,value_area_bounce,1,8.26642857142932,21803.800000000003,21809.904166666667,21798.262500000004,21826.2025,21730.041478349056,21734.17469263477,21725.908264063342,False,False,False,2147.583935562271
1,2025-06-13 16:53:00+00:00,2025-06-13,2025-06-13 20:00:00+00:00,511308,value_area_bounce,1,8.632142857143792,21811.93,21809.904166666667,21798.262500000004,21826.2025,21730.262707739672,21734.578779168245,21725.9466363111,False,False,False,3345.7019065492477
1,2025-06-13 17:24:00+00:00,2025-06-13,2025-06-13 20:00:00+00:00,511339,value_area_bounce,1,16.01142857142882,21780.050000000003,21791.013541666667,21769.201041666667,21809.190625000003,21735.38022383785,21743.385938123563,21727.374509552134,False,False,False,122.84026941284606
1,2025-06-13 17:40:00+00:00,2025-06-13,2025-06-13 20:00:00+00:00,511355,value_area_bounce,1,11.838571428571802,21755.68,21769.201041666667,21740.11770833334,21791.013541666667,21736.393518617584,21742.31280433187,21730.4742329033,False,False,False,264.68357500083766
1,2025-06-13 17:44:00+00:00,2025-06-13,2025-06-13 20:00:00+00:00,511359,value_area_bounce,1,13.122142857142794,21752.18,21751.02395833334,21740.11770833334,21787.378125000003,21736.57202040931,21743.13309183788,21730.010948980736,False,False,False,1498.0879370077544
1,2025-06-13 18:03:00+00:00,2025-06-13,2025-06-13 20:00:00+00:00,511378,value_area_bounce,-1,12.705714285714098,21749.93,21756.753125000003,21745.128125000003,21771.284375000003,21737.94823727169,21744.301094414546,21731.59538012883,False,False,False,-451.8686277187553
1,2025-06-13 18:40:00+00:00,2025-06-13,2025-06-13 20:00:00+00:00,511415,value_area_bounce,1,20.48785714285727,21616.300000000003,21700.784375000003,21593.669791666667,21725.503125000003,21728.583434265696,21738.827362837124,21718.339505694268,False,False,False,2656.0472748117218
1,2025-06-13 19:00:00+00:00,2025-06-13,2025-06-13 20:00:00+00:00,511435,value_area_bounce,-1,19.62428571428609,21643.18,21606.191666666666,21587.041666666664,21663.64166666667,21720.553757727863,21730.365900585006,21710.74161487072,False,False,False,-1958.9093727427103
1,2025-06-13 19:48:00+00:00,2025-06-13,2025-06-13 20:00:00+00:00,511483,value_area_bounce,1,18.07071428571466,21628.93,21634.232500000002,21595.94916666667,21649.545833333334,21708.749479926802,21717.78483706966,21699.714122783946,False,False,False,2732.7251425296904
1,2025-06-16 13:30:00+00:00,2025-06-16,2025-06-16 20:00:00+00:00,512470,value_area_bounce,1,9.927142857143085,21830.32,21810.77333333333,21804.106666666667,21814.106666666667,21814.443333333333,21819.406904761905,21809.47976190476,False,False,False,4625.243103259944
1,2025-06-16 13:44:00+00:00,2025-06-16,2025-06-16 20:00:00+00:00,512484,value_area_bounce,-1,18.5985714285715,21850.94,21842.19625,21813.73625,21852.86875,21839.934806597146,21849.23409231143,21830.63552088286,False,False,False,-973.92956815664
1,2025-06-16 13:47:00+00:00,2025-06-16,2025-06-16 20:00:00+00:00,512487,value_area_bounce,-1,18.758571428571354,21833.32,21840.97125,21813.40875,21856.72125,21842.23104454298,21851.610330257266,21832.851758828692,False,False,False,-1027.6348261690623
1,2025-06-16 15:04:00+00:00,2025-06-16,2025-06-16 20:00:00+00:00,512564,value_area_bounce,1,10.231428571428426,21954.69,21948.58583333333,21944.21083333333,21957.33583333333,21903.707755658626,21908.823469944342,21898.59204137291,False,False,False,2357.3761765318886
1,2025-06-16 15:06:00+00:00,2025-06-16,2025-06-16 20:00:00+00:00,512566,value_area_bounce,1,11.454999999999927,21956.07,21950.044166666667,21947.1275,21960.2525,21904.432374898,21910.159874898,21898.704874897998,False,False,False,447.9947437867471
1,2025-06-16 15:26:00+00:00,2025-06-16,2025-06-16 20:00:00+00:00,512586,value_area_bounce,-1,10.474285714285932,21956.32,21949.631458333333,21947.563541666666,21964.106874999998,21911.420901225745,21916.658044082887,21906.183758368603,False,False,False,-2321.483481993137
1,2025-06-16 15:37:00+00:00,2025-06-16,2025-06-16 20:00:00+00:00,512597,value_area_bounce,1,11.822857142857433,21961.57,21949.631458333333,21949.631458333333,21964.106874999998,21913.856658143177,21919.768086714605,21907.94522957175,False,False,False,2810.7346400556453
1,2025-06-16 16:00:00+00:00,2025-06-16,2025-06-16 20:00:00+00:00,512620,value_area_bounce,1,9.469285714285434,21948.57,21962.416666666668,21937.63666666667,21965.17,21917.25566912578,21921.990311982925,21912.521026268638,False,False,False,2018.0111411429637
1,2025-06-16 16:07:00+00:00,2025-06-16,2025-06-16 20:00:00+00:00,512627,value_area_bounce,1,11.114999999999522,21938.07,21959.663333333334,21932.13,21965.17,21917.683329176198,21923.240829176197,21912.1258291762,False,False,False,1475.9112211640354
1,2025-06-16 17:00:00+00:00,2025-06-16,2025-06-16 20:00:00+00:00,512680,value_area_bounce,1,7.975000000000364,21931.57,21951.346041666664,21925.721041666664,21951.346041666664,21919.954425958025,21923.941925958025,21915.966925958026,False,False,False,164.69938045417643
1,2025-06-16 17:13:00+00:00,2025-06-16,2025-06-16 20:00:00+00:00,512693,value_area_bounce,1,8.757142857143013,21922.57,21922.10125,21920.16375,21935.66375,21920.10805591574,21924.486627344315,21915.72948448717,False,False,False,16.70561782124912
1,2025-06-16 19:50:00+00:00,2025-06-16,2025-06-16 20:00:00+00:00,512850,value_area_bounce,-1,8.106428571428426,21918.44,21924.16395833333,21905.661041666666,21930.892291666667,21923.813195187722,21927.866409473438,21919.759980902007,False,False,False,-987.5698549486062
1,2025-06-16 19:56:00+00:00,2025-06-16,2025-06-16 20:00:00+00:00,512856,value_area_bounce,-1,11.201428571428291,21933.57,21936.809583333335,21919.517916666664,21938.53875,21923.870640126443,21929.471354412155,21918.26992584073,False,False,False,-421.7757933273966
1,2025-06-16 19:59:00+00:00,2025-06-16,2025-06-16 20:00:00+00:00,512859,value_area_bounce,1,13.80928571428558,21937.07,21921.247083333335,21905.684583333335,21931.622083333335,21923.855416219052,21930.760059076194,21916.95077336191,False,False,False,1923.060777529091
1,2025-06-17 13:41:00+00:00,2025-06-17,2025-06-17 20:00:00+00:00,513861,value_area_bounce,-1,16.71357142857128,21839.36,21850.315208333333,21822.208958333333,21853.438125,21850.977643727565,21859.33442944185,21842.62085801328,False,False,False,-2905.290074718573
1,2025-06-17 13:53:00+00:00,2025-06-17,2025-06-17 20:00:00+00:00,513873,value_area_bounce,-1,18.504999999999978,21840.61,21851.197500000002,21820.402500000004,21851.197500000002,21839.57619461338,21848.828694613378,21830.32369461338,False,False,False,-2148.6405660920263
1,2025-06-17 14:01:00+00:00,2025-06-17,2025-06-17 20:00:00+00:00,513881,value_area_bounce,-1,16.7121428571432,21846.74,21849.584166666667,21828.354166666664,21867.275833333333,21841.914732127883,21850.270803556454,21833.558660699313,False,False,False,-5245.162074298603
1,2025-06-17 15:16:00+00:00,2025-06-17,2025-06-17 20:00:00+00:00,513956,value_area_bounce,-1,10.220000000000125,21867.36,21853.094375,21837.231874999998,21868.956875000003,21854.964376110933,21860.074376110933,21849.854376110932,False,False,False,-2825.1053279845023
1,2025-06-17 15:35:00+00:00,2025-06-17,2025-06-17 20:00:00+00:00,513975,value_area_bounce,1,7.916428571428696,21856.24,21866.313125,21855.738125,21879.531875,21855.864121633782,21859.822335919496,21851.905907348068,False,False,False,3202.784247067917
1,2025-06-17 16:00:00+00:00,2025-06-17,2025-06-17 20:00:00+00:00,514000,value_area_bounce,1,10.696428571428571,21875.61,21869.82875,21862.74125,21884.003750000003,21857.559641301028,21862.90785558674,21852.211427015314,False,False,False,2199.5528024881282
1,2025-06-17 16:31:00+00:00,2025-06-17,2025-06-17 20:00:00+00:00,514031,value_area_bounce,1,8.464285714285714,21877.86,21883.2975,21868.2975,21888.9225,21860.46320918949,21864.69535204663,21856.231066332348,False,False,False,1124.1417211461535
1,2025-06-17 17:06:00+00:00,2025-06-17,2025-06-17 20:00:00+00:00,514066,value_area_bounce,1,14.057857142857497,21792.61,21807.018333333333,21782.60166666667,21875.385000000002,21856.119029995825,21863.147958567253,21849.090101424397,False,False,False,2760.662802724016
1,2025-06-17 17:25:00+00:00,2025-06-17,2025-06-17 20:00:00+00:00,514085,value_area_bounce,1,10.87500000000052,21799.86,21815.184999999998,21791.835,21833.864999999998,21852.75354618047,21858.19104618047,21847.31604618047,False,False,False,1178.1492977166997
1,2025-06-17 17:31:00+00:00,2025-06-17,2025-06-17 20:00:00+00:00,514091,value_area_bounce,1,13.243571428572197,21791.61,21817.357916666668,21788.462916666667,21826.989583333336,21850.653357179428,21857.275142893715,21844.03157146514,False,False,False,2417.3714583345063
1,2025-06-17 17:32:00+00:00,2025-06-17,2025-06-17 20:00:00+00:00,514092,value_area_bounce,1,13.229285714286432,21791.86,21817.357916666668,21788.462916666667,21826.989583333336,21850.392671085792,21857.007313942937,21843.778028228648,False,False,False,3854.7328028720203
1,2025-06-17 17:33:00+00:00,2025-06-17,2025-06-17 20:00:00+00:00,514093,value_area_bounce,1,13.143571428572093,21799.86,21817.357916666668,21788.462916666667,21822.17375,21850.11855568245,21856.690341396734,21843.546769968165,False,False,False,6572.189266456153
1,2025-06-17 17:40:00+00:00,2025-06-17,2025-06-17 20:00:00+00:00,514100,value_area_bounce,1,12.257857142857445,21792.11,21806.564375,21791.926041666666,21817.543125,21848.86434029301,21854.99326886444,21842.73541172158,False,False,False,843.6509804471741
1,2025-06-17 18:30:00+00:00,2025-06-17,2025-06-17 20:00:00+00:00,514150,value_area_bounce,1,14.880000000000498,21719.74,21726.95291666667,21696.357916666668,21737.151250000003,21824.106110261575,21831.546110261574,21816.666110261576,False,False,False,5146.737586122617
1,2025-06-17 19:41:00+00:00,2025-06-17,2025-06-17 20:00:00+00:00,514221,value_area_bounce,1,9.487142857142837,21742.36,21749.630625,21729.880625,21754.568125,21809.904678714487,21814.64825014306,21805.161107285916,False,False,False,797.1173290030465
1,2025-06-17 19:46:00+00:00,2025-06-17,2025-06-17 20:00:00+00:00,514226,value_area_bounce,-1,10.089285714285714,21744.99,21741.74,21713.74,21747.74,21809.129162729223,21814.173805586364,21804.08451987208,False,False,False,-375.68795020459675
1,2025-06-17 19:53:00+00:00,2025-06-17,2025-06-17 20:00:00+00:00,514233,value_area_bounce,1,11.389285714285766,21741.24,21748.04625,21737.958749999998,21756.11625,21807.971653217566,21813.66629607471,21802.277010360423,False,False,False,245.99695712998152
1,2025-06-17 19:54:00+00:00,2025-06-17,2025-06-17 20:00:00+00:00,514234,value_area_bounce,1,11.514285714285766,21740.86,21748.04625,21737.958749999998,21756.11625,21807.76069988629,21813.517842743433,21802.003557029147,False,False,False,825.3291804621457
1,2025-06-18 15:07:00+00:00,2025-06-18,2025-06-18 20:00:00+00:00,515327,value_area_bounce,1,8.073571428570306,21836.800000000003,21847.62854166667,21833.590625,21851.639375000002,21791.584115802434,21795.62090151672,21787.54733008815,False,False,False,297.99264700947856
1,2025-06-18 15:27:00+00:00,2025-06-18,2025-06-18 20:00:00+00:00,515347,value_area_bounce,1,7.848571428571241,21828.68,21836.018541666665,21823.331041666665,21850.820625,21794.91984989064,21798.844135604926,21790.995564176355,False,False,False,582.1385425235354
1,2025-06-18 15:46:00+00:00,2025-06-18,2025-06-18 20:00:00+00:00,515366,value_area_bounce,1,10.167857142858079,21822.68,21823.862708333334,21819.918541666666,21835.695208333334,21797.632792833985,21802.716721405413,21792.548864262557,False,False,False,1006.3367843914145
1,2025-06-18 15:47:00+00:00,2025-06-18,2025-06-18 20:00:00+00:00,515367,value_area_bounce,1,10.363571428572738,21829.43,21823.862708333334,21819.918541666666,21835.695208333334,21797.790886613744,21802.97267232803,21792.60910089946,False,False,False,3087.5986068918173
1,2025-06-18 15:57:00+00:00,2025-06-18,2025-06-18 20:00:00+00:00,515377,value_area_bounce,-1,8.910714285715844,21821.800000000003,21824.6875,21821.3375,21833.0625,21799.54406300981,21803.999420152668,21795.08870586695,False,False,False,-1391.27493017501
1,2025-06-18 16:02:00+00:00,2025-06-18,2025-06-18 20:00:00+00:00,515382,value_area_bounce,1,10.665000000000873,21817.800000000003,21827.909375000003,21816.503125000003,21832.471875000003,21799.89497355284,21805.22747355284,21794.56247355284,False,False,False,1017.4773711920136
1,2025-06-18 16:04:00+00:00,2025-06-18,2025-06-18 20:00:00+00:00,515384,value_area_bounce,1,10.49500000000106,21825.43,21827.909375000003,21816.503125000003,21830.190625000003,21800.124270340908,21805.37177034091,21794.876770340907,False,False,False,4918.258970709374
1,2025-06-18 16:08:00+00:00,2025-06-18,2025-06-18 20:00:00+00:00,515388,value_area_bounce,1,11.366428571428385,21831.800000000003,21825.628125000003,21816.503125000003,21830.190625000003,21800.484549161152,21806.167763446865,21794.80133487544,False,False,False,1761.6766431984447
1,2025-06-18 16:10:00+00:00,2025-06-18,2025-06-18 20:00:00+00:00,515390,value_area_bounce,-1,11.553571428571429,21822.800000000003,21825.628125000003,21816.503125000003,21832.471875000003,21800.772277798365,21806.54906351265,21794.99549208408,False,False,False,-490.49163872153014
1,2025-06-18 17:40:00+00:00,2025-06-18,2025-06-18 20:00:00+00:00,515480,value_area_bounce,1,12.5,21750.800000000003,21797.37666666667,21750.243333333336,21816.230000000003,21797.087951189453,21803.337951189453,21790.837951189453,False,False,False,5587.064798761083
1,2025-06-18 18:02:00+00:00,2025-06-18,2025-06-18 20:00:00+00:00,515502,value_area_bounce,-1,16.757857142857706,21768.35,21764.179583333334,21741.442916666667,21803.96875,21796.644963523697,21805.023892095127,21788.266034952267,False,False,False,-3077.098126695899
1,2025-06-18 18:16:00+00:00,2025-06-18,2025-06-18 20:00:00+00:00,515516,value_area_bounce,-1,20.725000000000623,21775.68,21775.547916666666,21747.127083333333,21792.600416666664,21794.15154454379,21804.51404454379,21783.78904454379,False,False,False,-232.8913108083857
1,2025-06-18 18:24:00+00:00,2025-06-18,2025-06-18 20:00:00+00:00,515524,value_area_bounce,1,15.536428571428198,21763.18,21775.547916666666,21752.81125,21786.91625,21793.226074106624,21800.99428839234,21785.45785982091,False,False,False,1145.3238727353075
1,2025-06-18 18:25:00+00:00,2025-06-18,2025-06-18 20:00:00+00:00,515525,value_area_bounce,1,16.089999999999627,21783.93,21775.547916666666,21758.495416666665,21786.91625,21793.149334394206,21801.194334394204,21785.104334394207,False,False,False,1795.6928047733932
1,2025-06-18 18:30:00+00:00,2025-06-18,2025-06-18 20:00:00+00:00,515530,value_area_bounce,-1,16.045714285713725,21768.550000000003,21781.198958333334,21758.646875,21781.198958333334,21792.837100254037,21800.859957396893,21784.81424311118,False,False,False,-1736.6463159059974
1,2025-06-18 18:36:00+00:00,2025-06-18,2025-06-18 20:00:00+00:00,515536,value_area_bounce,1,20.849285714285152,21785.050000000003,21781.198958333334,21763.157291666663,21785.709375,21792.812088830324,21803.236731687466,21782.38744597318,False,False,False,277.7418267173125
1,2025-06-18 18:37:00+00:00,2025-06-18,2025-06-18 20:00:00+00:00,515537,value_area_bounce,-1,20.83142857142801,21776.800000000003,21781.198958333334,21763.157291666663,21785.709375,21792.737194119694,21803.15290840541,21782.32147983398,False,False,False,-3257.5301885566305
1,2025-06-18 18:48:00+00:00,2025-06-18,2025-06-18 20:00:00+00:00,515548,value_area_bounce,-1,22.96214285714242,21786.050000000003,21781.198958333334,21740.605208333334,21794.730208333334,21793.509434418087,21804.990505846657,21782.028362989517,False,False,False,-3425.86362395546
1,2025-06-18 18:54:00+00:00,2025-06-18,2025-06-18 20:00:00+00:00,515554,value_area_bounce,1,18.806428571428633,21747.050000000003,21778.164375,21745.414375,21786.351875,21792.329903835816,21801.73311812153,21782.926689550102,False,False,False,1503.4923442595696
1,2025-06-18 19:13:00+00:00,2025-06-18,2025-06-18 20:00:00+00:00,515573,value_area_bounce,1,26.428571428572987,21747.43,21777.570625,21703.091458333336,21799.914375,21780.386262812495,21793.60054852678,21767.17197709821,False,False,False,6365.5247402305695
1,2025-06-20 13:33:00+00:00,2025-06-20,2025-06-20 20:00:00+00:00,517749,value_area_bounce,-1,19.99928571428557,21853.13,21851.933125000003,21811.670625,21864.011875000004,21856.46617545424,21866.465818311382,21846.466532597096,False,False,False,-2335.474088550916
1,2025-06-20 13:45:00+00:00,2025-06-20,2025-06-20 20:00:00+00:00,517761,value_area_bounce,-1,18.43428571428558,21875.25,21853.35916666667,21803.400833333333,21885.150833333333,21875.675235390656,21884.892378247798,21866.458092533514,False,False,False,-5270.289613656087
1,2025-06-20 14:27:00+00:00,2025-06-20,2025-06-20 20:00:00+00:00,517803,value_area_bounce,1,20.794285714285643,21700.13,21773.791250000002,21682.89875,21844.485416666666,21816.29640843597,21826.693551293112,21805.899265578828,False,False,False,563.2730618695095
1,2025-06-20 17:03:00+00:00,2025-06-20,2025-06-20 20:00:00+00:00,517959,value_area_bounce,-1,13.079285714285495,21658.0,21638.380208333336,21638.380208333336,21664.723958333336,21710.86343069758,21717.403073554724,21704.323787840436,False,False,False,-710.3583776247131
1,2025-06-20 17:16:00+00:00,2025-06-20,2025-06-20 20:00:00+00:00,517972,value_area_bounce,-1,12.827142857142722,21665.0,21663.362500000003,21641.69583333334,21666.07083333334,21708.951746662988,21715.36531809156,21702.538175234415,False,False,False,-42.61877581957799
1,2025-06-20 17:17:00+00:00,2025-06-20,2025-06-20 20:00:00+00:00,517973,value_area_bounce,-1,13.323571428571086,21650.5,21663.362500000003,21638.987500000003,21666.07083333334,21708.792769225427,21715.45455493971,21702.130983511142,False,False,False,-1652.7075045250353
1,2025-06-20 19:30:00+00:00,2025-06-20,2025-06-20 20:00:00+00:00,518106,value_area_bounce,1,10.303571428571429,21602.38,21597.140625,21593.776041666664,21607.234375,21685.07083672124,21690.222622435525,21679.919051006953,False,False,False,1092.6218434581142
1,2025-06-20 19:37:00+00:00,2025-06-20,2025-06-20 20:00:00+00:00,518113,value_area_bounce,1,10.367142857143076,21596.0,21599.015625,21592.828125,21605.203125,21683.97782366549,21689.16139509406,21678.79425223692,False,False,False,2068.8881762185383
1,2025-06-20 19:45:00+00:00,2025-06-20,2025-06-20 20:00:00+00:00,518121,value_area_bounce,1,9.947142857143003,21595.75,21599.578125,21587.859375,21599.578125,21682.695744110377,21687.669315538948,21677.722172681806,False,False,False,442.0265121283341
1,2025-06-23 13:45:00+00:00,2025-06-23,2025-06-23 20:00:00+00:00,519126,value_area_bounce,-1,25.40214285714293,21660.0,21649.036458333336,21616.348958333336,21676.276041666664,21620.48015204031,21633.18122346888,21607.779080611737,False,False,False,-4934.166531240062
1,2025-06-23 13:51:00+00:00,2025-06-23,2025-06-23 20:00:00+00:00,519132,value_area_bounce,-1,17.009285714285788,21688.13,21649.484375,21616.828125,21695.203125,21633.421137406676,21641.92578026382,21624.916494549532,False,False,False,-1999.3652160082095
1,2025-06-23 14:48:00+00:00,2025-06-23,2025-06-23 20:00:00+00:00,519189,value_area_bounce,-1,12.555000000000291,21776.0,21776.708125,21757.833125,21786.145625,21708.86389857009,21715.14139857009,21702.58639857009,False,False,False,-1319.8053780431521
1,2025-06-23 15:01:00+00:00,2025-06-23,2025-06-23 20:00:00+00:00,519202,value_area_bounce,1,13.209285714285736,21761.0,21772.182083333337,21760.918750000004,21789.077083333334,21714.179647852026,21720.78429070917,21707.575004994884,False,False,False,1736.5807489674046
1,2025-06-23 15:51:00+00:00,2025-06-23,2025-06-23 20:00:00+00:00,519252,value_area_bounce,1,14.028571428571793,21750.88,21741.484375,21731.078125,21779.640625,21724.57276188551,21731.587047599794,21717.558476171223,False,False,False,1381.4033762057345
1,2025-06-23 16:03:00+00:00,2025-06-23,2025-06-23 20:00:00+00:00,519264,value_area_bounce,1,14.329999999999927,21733.75,21744.203125,21721.515625,21751.765625,21725.06217854599,21732.227178545993,21717.89717854599,False,False,False,1856.4611092938687
1,2025-06-23 17:00:00+00:00,2025-06-23,2025-06-23 20:00:00+00:00,519321,value_area_bounce,1,29.300714285714225,21635.75,21660.479791666665,21626.291458333333,21720.309375,21696.11424411151,21710.76460125437,21681.463886968653,False,False,False,2433.615217381347
1,2025-06-23 18:31:00+00:00,2025-06-23,2025-06-23 20:00:00+00:00,519412,value_area_bounce,1,10.953571428571065,21846.38,21860.971875000003,21842.240625,21863.053125,21720.60316463263,21726.079950346917,21715.126378918343,False,False,False,599.3080127831554
1,2025-06-23 18:34:00+00:00,2025-06-23,2025-06-23 20:00:00+00:00,519415,value_area_bounce,1,10.857142857142858,21844.38,21859.734375,21843.984375,21861.703125,21721.30263547294,21726.731206901513,21715.87406404437,False,False,False,1279.242113942594
1,2025-06-23 19:00:00+00:00,2025-06-23,2025-06-23 20:00:00+00:00,519441,value_area_bounce,1,8.927857142856997,21839.75,21838.729166666668,21831.464166666665,21860.524166666666,21725.164192551703,21729.628121123133,21720.700263980274,False,False,False,3571.0160837503163
1,2025-06-24 13:31:00+00:00,2025-06-24,2025-06-24 20:00:00+00:00,520492,value_area_bounce,1,10.262857142857163,22103.25,22077.142708333333,22077.142708333333,22091.459375,22084.849577422556,22089.981005993985,22079.718148851127,False,False,False,6419.085612451392
1,2025-06-24 13:33:00+00:00,2025-06-24,2025-06-24 20:00:00+00:00,520494,value_area_bounce,1,14.324999999999948,22083.5,22093.56875,22081.893750000003,22097.46041666667,22085.67869868418,22092.84119868418,22078.51619868418,False,False,False,7086.8720138913195
1,2025-06-24 13:34:00+00:00,2025-06-24,2025-06-24 20:00:00+00:00,520495,value_area_bounce,1,15.155714285714307,22094.13,22076.703125,22076.703125,22092.526041666664,22086.41275386963,22093.990611012487,22078.834896726774,False,False,False,9233.632531161347
1,2025-06-24 13:51:00+00:00,2025-06-24,2025-06-24 20:00:00+00:00,520512,value_area_bounce,-1,13.343571428571002,22096.13,22094.729166666664,22076.479166666664,22106.895833333336,22101.8994277217,22108.571213435986,22095.227642007412,False,False,False,-4382.425068897951
1,2025-06-24 13:59:00+00:00,2025-06-24,2025-06-24 20:00:00+00:00,520520,value_area_bounce,1,13.966428571428228,22090.63,22097.770833333336,22079.520833333336,22106.895833333336,22101.07263206508,22108.055846350795,22094.089417779363,False,False,False,1345.8601072810482
1,2025-06-24 14:00:00+00:00,2025-06-24,2025-06-24 20:00:00+00:00,520521,value_area_bounce,1,14.82071428571388,22098.13,22097.770833333336,22079.520833333336,22106.895833333336,22100.823554329163,22108.23391147202,22093.413197186306,False,False,False,3258.7681007173996
1,2025-06-24 14:08:00+00:00,2025-06-24,2025-06-24 20:00:00+00:00,520529,value_area_bounce,-1,15.697857142856654,22071.75,22094.729166666664,22088.645833333336,22106.895833333336,22100.179974059476,22108.028902630904,22092.33104548805,False,False,False,-2999.1137310195036
1,2025-06-24 14:59:00+00:00,2025-06-24,2025-06-24 20:00:00+00:00,520580,value_area_bounce,1,9.822142857143003,22114.88,22111.645833333336,22111.645833333336,22135.3125,22105.337310028477,22110.248381457048,22100.426238599906,False,False,False,911.7896164363506
1,2025-06-24 15:41:00+00:00,2025-06-24,2025-06-24 20:00:00+00:00,520622,value_area_bounce,-1,6.398571428571294,22170.88,22166.828125,22139.411458333336,22180.536458333336,22113.880315001334,22117.07960071562,22110.681029287047,False,False,True,-1050.5305524032774
1,2025-06-24 16:10:00+00:00,2025-06-24,2025-06-24 20:00:00+00:00,520651,value_area_bounce,1,6.240714285714213,22176.0,22166.036458333336,22166.036458333336,22179.453125,22118.958852144377,22122.079209287233,22115.83849500152,False,False,False,133.43449194333277
1,2025-06-24 16:50:00+00:00,2025-06-24,2025-06-24 20:00:00+00:00,520691,value_area_bounce,-1,6.187857142857216,22193.0,22173.102916666667,22158.00791666667,22195.745416666665,22126.005282120146,22129.099210691576,22122.911353548716,False,False,False,-1697.252665769345
1,2025-06-24 17:26:00+00:00,2025-06-24,2025-06-24 20:00:00+00:00,520727,value_area_bounce,1,8.032142857142649,22195.5,22197.53104166667,22194.395208333335,22211.642291666667,22132.147283279108,22136.163354707678,22128.131211850538,False,False,False,2542.417935372289
1,2025-06-24 18:36:00+00:00,2025-06-24,2025-06-24 20:00:00+00:00,520797,value_area_bounce,1,5.133571428571356,22223.25,22220.13,22216.13,22225.13,22141.507097625756,22144.073883340043,22138.94031191147,False,False,False,720.5798874293282
1,2025-06-24 18:56:00+00:00,2025-06-24,2025-06-24 20:00:00+00:00,520817,value_area_bounce,1,4.732857142857289,22220.88,22218.041666666664,22215.291666666664,22222.625,22143.61763418912,22145.984062760548,22141.25120561769,False,False,False,522.8754585623401
1,2025-06-24 19:21:00+00:00,2025-06-24,2025-06-24 20:00:00+00:00,520842,value_area_bounce,-1,4.587857142856852,22228.63,22218.368541666667,22208.33604166667,22233.417291666665,22147.29571804866,22149.589646620087,22145.00178947723,False,False,False,-304.197549272009
1,2025-06-24 19:31:00+00:00,2025-06-24,2025-06-24 20:00:00+00:00,520852,value_area_bounce,1,5.072857142857434,22227.5,22232.208125,22221.926875,22238.083125,22148.526370995336,22151.062799566764,22145.98994242391,False,False,False,183.02662110928793
1,2025-06-24 19:47:00+00:00,2025-06-24,2025-06-24 20:00:00+00:00,520868,value_area_bounce,1,5.4599999999996465,22222.5,22229.862500000003,22219.0475,22232.9525,22150.527342368598,22153.257342368597,22147.797342368598,False,False,False,667.9818419312464
1,2025-06-25 13:30:00+00:00,2025-06-25,2025-06-25 20:00:00+00:00,521871,value_area_bounce,1,6.704999999999927,22327.0,22308.9375,22306.3125,22315.9375,22322.253333333338,22325.60583333334,22318.900833333337,False,False,False,969.1377327194322
1,2025-06-25 13:32:00+00:00,2025-06-25,2025-06-25 20:00:00+00:00,521873,value_area_bounce,-1,8.812857142857215,22321.5,22328.734375,22310.515625,22328.734375,22326.200040660326,22330.606469231756,22321.793612088895,False,False,False,-3115.1918976849392
1,2025-06-25 13:41:00+00:00,2025-06-25,2025-06-25 20:00:00+00:00,521882,value_area_bounce,-1,15.170000000000073,22340.25,22340.666666666664,22314.666666666664,22340.666666666664,22333.574791576968,22341.159791576967,22325.98979157697,False,False,False,-2081.8751318445475
1,2025-06-25 13:55:00+00:00,2025-06-25,2025-06-25 20:00:00+00:00,521896,value_area_bounce,1,12.264999999999418,22328.0,22340.925833333335,22320.219166666666,22353.8675,22331.702371348623,22337.834871348623,22325.569871348624,False,False,False,7091.686960068084
1,2025-06-25 16:50:00+00:00,2025-06-25,2025-06-25 20:00:00+00:00,522071,value_area_bounce,1,8.036428571428717,22239.5,22246.65125,22232.832083333335,22250.599583333333,22293.071936156888,22297.090150442604,22289.053721871172,False,False,False,964.499081521682
1,2025-06-25 17:05:00+00:00,2025-06-25,2025-06-25 20:00:00+00:00,522086,value_area_bounce,1,6.809285714285579,22244.75,22245.953125,22236.515625,22250.671875,22291.38542613171,22294.790068988852,22287.98078327457,False,False,False,417.23250447594205
1,2025-06-25 17:42:00+00:00,2025-06-25,2025-06-25 20:00:00+00:00,522123,value_area_bounce,1,11.373571428571138,22223.88,22252.15604166667,22218.353958333333,22255.228958333333,22285.791244124448,22291.478029838734,22280.104458410162,False,False,False,1018.0849480540587
1,2025-06-25 17:43:00+00:00,2025-06-25,2025-06-25 20:00:00+00:00,522124,value_area_bounce,1,11.623571428571138,22226.5,22252.15604166667,22218.353958333333,22255.228958333333,22285.573683123384,22291.38546883767,22279.7618974091,False,False,False,2776.2791695628302
1,2025-06-25 17:45:00+00:00,2025-06-25,2025-06-25 20:00:00+00:00,522126,value_area_bounce,1,12.033571428570992,22231.5,22252.15604166667,22218.353958333333,22255.228958333333,22285.11704557035,22291.133831284635,22279.100259856066,False,False,False,3998.666501216844
1,2025-06-25 19:40:00+00:00,2025-06-25,2025-06-25 20:00:00+00:00,522241,value_area_bounce,1,7.087857142856852,22242.25,22255.49875,22237.958749999998,22266.46125,22275.186448076973,22278.7303766484,22271.642519505545,False,False,False,515.4164368064576
1,2025-06-25 19:55:00+00:00,2025-06-25,2025-06-25 20:00:00+00:00,522256,value_area_bounce,1,8.93428571428558,22257.0,22254.067083333335,22242.51125,22259.019583333335,22274.32823743025,22278.795380287393,22269.86109457311,False,False,False,2135.3956762207326
1,2025-06-26 13:31:00+00:00,2025-06-26,2025-06-26 20:00:00+00:00,523252,value_area_bounce,1,9.020714285714348,22367.2,22364.798125,22352.508125,22364.798125,22364.069129312793,22368.579486455652,22359.558772169934,False,False,False,4675.369754729465
1,2025-06-26 13:46:00+00:00,2025-06-26,2025-06-26 20:00:00+00:00,523267,value_area_bounce,1,19.91857142857121,22321.45,22318.331875000003,22306.436875,22354.016875,22337.394781600713,22347.354067315,22327.435495886428,False,False,False,1147.7173842573868
1,2025-06-26 13:48:00+00:00,2025-06-26,2025-06-26 20:00:00+00:00,523269,value_area_bounce,1,19.285714285714285,22312.82,22318.331875000003,22306.436875,22351.043125,22335.44027417141,22345.08313131427,22325.797417028552,False,False,False,1350.563340776032
1,2025-06-26 15:27:00+00:00,2025-06-26,2025-06-26 20:00:00+00:00,523368,value_area_bounce,-1,7.964285714285714,22396.32,22384.10125,22377.28875,22399.997083333335,22357.94438411994,22361.92652697708,22353.962241262798,False,False,False,-1196.7740940533654
1,2025-06-26 15:33:00+00:00,2025-06-26,2025-06-26 20:00:00+00:00,523374,value_area_bounce,1,9.990714285714214,22384.32,22381.935208333332,22371.706875,22399.834791666668,22358.788456294504,22363.78381343736,22353.793099151648,False,False,False,700.4711331423282
1,2025-06-26 17:01:00+00:00,2025-06-26,2025-06-26 20:00:00+00:00,523462,value_area_bounce,1,6.392857142857143,22420.57,22414.455208333333,22407.63229166667,22429.465625,22371.63952953948,22374.835958110907,22368.443100968052,False,False,False,167.752053953575
1,2025-06-26 19:00:00+00:00,2025-06-26,2025-06-26 20:00:00+00:00,523581,value_area_bounce,1,5.865714285714213,22479.57,22483.830833333333,22474.5325,22489.144166666665,22390.023169827935,22392.95602697079,22387.09031268508,False,False,False,813.6074584404473
1,2025-06-26 19:16:00+00:00,2025-06-26,2025-06-26 20:00:00+00:00,523597,value_area_bounce,1,5.612857142857008,22474.32,22476.30125,22473.74291666667,22486.534583333334,22392.177904037537,22394.984332608965,22389.37147546611,False,False,False,453.71215421399796
1,2025-06-26 19:18:00+00:00,2025-06-26,2025-06-26 20:00:00+00:00,523599,value_area_bounce,1,5.872142857142795,22476.82,22476.30125,22469.90541666667,22481.41791666667,22392.466936672445,22395.403008101017,22389.530865243873,False,False,False,1476.0504781085406
1,2025-06-26 19:33:00+00:00,2025-06-26,2025-06-26 20:00:00+00:00,523614,value_area_bounce,-1,4.995714285713932,22479.32,22483.45125,22473.43875,22483.45125,22394.571703219895,22397.069560362754,22392.073846077037,False,False,False,-428.0986458900576
1,2025-06-26 19:47:00+00:00,2025-06-26,2025-06-26 20:00:00+00:00,523628,value_area_bounce,1,5.5971428571426385,22474.95,22481.22625,22472.32625,22483.45125,22396.4075471035,22399.20611853207,22393.608975674928,False,False,False,974.7599503279191
1,2025-06-26 19:50:00+00:00,2025-06-26,2025-06-26 20:00:00+00:00,523631,value_area_bounce,1,7.462857142856852,22493.57,22481.22625,22472.32625,22483.45125,22397.239678311264,22400.97110688269,22393.508249739836,False,False,False,2525.6602338606717
1,2025-06-27 13:30:00+00:00,2025-06-27,2025-06-27 20:00:00+00:00,524631,value_area_bounce,1,8.769999999999916,22525.92,22524.39791666667,22514.527083333334,22540.19125,22518.766666666663,22523.15166666666,22514.381666666664,False,False,False,5761.679637360912
1,2025-06-27 13:33:00+00:00,2025-06-27,2025-06-27 20:00:00+00:00,524634,value_area_bounce,1,12.716428571428489,22535.92,22520.018125000002,22517.499375,22540.168125000004,22519.604017489462,22525.96223177518,22513.245803203747,False,False,False,8637.643781316714
1,2025-06-27 13:35:00+00:00,2025-06-27,2025-06-27 20:00:00+00:00,524636,value_area_bounce,-1,13.822857142857433,22518.79,22520.018125000002,22517.499375,22530.093125,22521.415814551558,22528.327243122985,22514.50438598013,False,False,False,-2105.0656331768914
1,2025-06-27 13:36:00+00:00,2025-06-27,2025-06-27 20:00:00+00:00,524637,value_area_bounce,1,14.75071428571495,22534.54,22522.536874999998,22520.018125000002,22530.093125,22522.282751868504,22529.65810901136,22514.907394725647,False,False,False,3968.1627985138043
1,2025-06-27 13:48:00+00:00,2025-06-27,2025-06-27 20:00:00+00:00,524649,value_area_bounce,-1,11.09714285714342,22548.92,22539.35145833333,22524.518958333334,22551.711874999997,22533.0637709384,22538.61234236697,22527.515199509828,False,False,False,-1179.32128626588
1,2025-06-27 13:49:00+00:00,2025-06-27,2025-06-27 20:00:00+00:00,524650,value_area_bounce,-1,10.615714285714473,22546.04,22539.35145833333,22524.518958333334,22551.711874999997,22533.446322163974,22538.75417930683,22528.13846502112,False,False,False,-2472.817915799984
1,2025-06-27 13:50:00+00:00,2025-06-27,2025-06-27 20:00:00+00:00,524651,value_area_bounce,-1,9.812857142856956,22545.42,22539.35145833333,22524.518958333334,22551.711874999997,22533.879742252804,22538.786170824234,22528.973313681374,False,False,False,-4462.939933730158
1,2025-06-27 14:00:00+00:00,2025-06-27,2025-06-27 20:00:00+00:00,524661,opening_range_breakout,1,10.10785714285677,22598.92,22550.630624999998,22522.480625,22550.630624999998,22541.456853167067,22546.510781738496,22536.402924595637,False,False,False,3863.2776016254534
1,2025-06-27 16:12:00+00:00,2025-06-27,2025-06-27 20:00:00+00:00,524793,value_area_bounce,1,6.15214285714267,22617.54,22620.072291666664,22611.920208333333,22624.963541666664,22580.290705346113,22583.366776774685,22577.21463391754,False,False,False,996.1641234353208
1,2025-06-27 16:51:00+00:00,2025-06-27,2025-06-27 20:00:00+00:00,524832,value_area_bounce,1,6.648571428571294,22596.04,22600.482708333337,22595.576458333337,22616.836875,22582.197251797737,22585.521537512024,22578.87296608345,False,False,False,1891.3535484498427
1,2025-06-27 17:50:00+00:00,2025-06-27,2025-06-27 20:00:00+00:00,524891,value_area_bounce,1,15.375,22523.54,22528.248333333337,22516.498333333337,22586.998333333337,22579.460069206907,22587.147569206907,22571.772569206907,False,False,False,3931.3858962517397
1,2025-06-27 17:51:00+00:00,2025-06-27,2025-06-27 20:00:00+00:00,524892,value_area_bounce,1,16.017857142857142,22525.29,22528.411249999997,22511.97458333333,22585.939583333333,22578.990247609177,22586.999176180605,22570.98131903775,False,False,False,2994.643840179293
1,2025-06-27 17:56:00+00:00,2025-06-27,2025-06-27 20:00:00+00:00,524897,value_area_bounce,1,19.42928571428534,22524.67,22528.411249999997,22511.97458333333,22581.830416666668,22577.145142694997,22586.85978555214,22567.430499837854,False,False,False,3506.865255769486
1,2025-06-27 18:44:00+00:00,2025-06-27,2025-06-27 20:00:00+00:00,524945,value_area_bounce,1,15.848571428571242,22450.79,22479.180625,22424.284791666665,22523.097291666665,22557.984562987556,22565.90884870184,22550.06027727327,False,False,False,2841.5906009306864
1,2025-06-30 13:30:00+00:00,2025-06-30,2025-06-30 20:00:00+00:00,525996,value_area_bounce,1,6.612142857142836,22686.4,22680.456250000003,22671.56125,22695.28125,22681.940000000002,22685.246071428573,22678.63392857143,False,False,False,3071.7672300200657
1,2025-06-30 13:31:00+00:00,2025-06-30,2025-06-30 20:00:00+00:00,525997,value_area_bounce,-1,8.093571428571263,22665.02,22681.2125,22668.2125,22692.5875,22678.532175942342,22682.57896165663,22674.485390228056,False,False,False,-1935.9338551098745
1,2025-06-30 13:37:00+00:00,2025-06-30,2025-06-30 20:00:00+00:00,526003,value_area_bounce,1,13.352142857142619,22652.77,22681.203125,22644.247708333336,22704.720208333332,22655.62006412985,22662.29613555842,22648.94399270128,False,False,False,5943.429728546091
1,2025-06-30 13:41:00+00:00,2025-06-30,2025-06-30 20:00:00+00:00,526007,value_area_bounce,1,15.649999999999636,22653.02,22681.203125,22647.607291666667,22704.720208333332,22655.026527368194,22662.851527368195,22647.201527368194,False,False,False,3607.9936023402206
1,2025-06-30 13:42:00+00:00,2025-06-30,2025-06-30 20:00:00+00:00,526008,value_area_bounce,1,15.471428571428207,22651.27,22681.203125,22647.607291666667,22704.720208333332,22654.85966121694,22662.595375502653,22647.123946931224,False,False,False,2153.3422461015225
1,2025-06-30 13:44:00+00:00,2025-06-30,2025-06-30 20:00:00+00:00,526010,value_area_bounce,1,15.700714285714119,22631.52,22637.528541666667,22627.449791666666,22681.203125,22653.002836260246,22660.8531934031,22645.15247911739,False,False,False,1605.4184559655696
1,2025-06-30 14:00:00+00:00,2025-06-30,2025-06-30 20:00:00+00:00,526026,value_area_bounce,-1,13.876428571428603,22643.4,22637.763541666667,22625.997291666667,22657.373958333334,22643.60659237932,22650.544806665035,22636.668378093607,False,False,False,-2209.7702195550846
1,2025-06-30 14:02:00+00:00,2025-06-30,2025-06-30 20:00:00+00:00,526028,value_area_bounce,-1,13.022857142857122,22645.52,22637.763541666667,22625.997291666667,22653.451875,22643.812912613565,22650.324341184994,22637.301484042135,False,False,False,-712.5164574639728
1,2025-06-30 14:40:00+00:00,2025-06-30,2025-06-30 20:00:00+00:00,526066,value_area_bounce,1,9.77785714285736,22636.27,22635.228333333333,22632.81166666667,22649.728333333333,22644.42993827388,22649.318866845308,22639.54100970245,False,False,False,915.3212675071854
1,2025-06-30 15:11:00+00:00,2025-06-30,2025-06-30 20:00:00+00:00,526097,value_area_bounce,-1,8.571428571428571,22640.27,22636.295000000002,22633.221666666668,22645.515,22644.194450139526,22648.48016442524,22639.908735853813,False,False,False,-1477.1056032864012
1,2025-06-30 16:19:00+00:00,2025-06-30,2025-06-30 20:00:00+00:00,526165,value_area_bounce,1,6.517142857142711,22657.27,22653.941875,22651.535625,22675.598125,22646.18956917495,22649.44814060352,22642.930997746378,False,False,False,197.6107754369715
1,2025-06-30 16:25:00+00:00,2025-06-30,2025-06-30 20:00:00+00:00,526171,value_area_bounce,1,7.572857142857434,22657.15,22669.029791666668,22653.250625,22672.185625,22646.389022495143,22650.17545106657,22642.602593923715,False,False,False,1086.8597897988393
1,2025-06-30 16:30:00+00:00,2025-06-30,2025-06-30 20:00:00+00:00,526176,value_area_bounce,1,7.457142857143221,22655.27,22657.587708333333,22651.54604166667,22669.67104166667,22646.498336432527,22650.2269078611,22642.769765003955,False,False,False,45.277148295731195
1,2025-06-30 17:51:00+00:00,2025-06-30,2025-06-30 20:00:00+00:00,526257,value_area_bounce,-1,6.009285714285787,22640.27,22648.056458333333,22634.82729166667,22648.056458333333,22647.85895855702,22650.863601414163,22644.854315699875,False,False,False,-511.6713469983301
1,2025-06-30 17:55:00+00:00,2025-06-30,2025-06-30 20:00:00+00:00,526261,value_area_bounce,-1,7.688571428571647,22646.27,22648.67625,22639.78041666667,22653.759583333333,22647.8365834874,22651.680869201686,22643.99229777311,False,False,False,-788.8657068358436
1,2025-06-30 17:56:00+00:00,2025-06-30,2025-06-30 20:00:00+00:00,526262,value_area_bounce,-1,7.822142857143002,22639.15,22648.51479166667,22638.997708333336,22651.233958333334,22647.809586797983,22651.720658226553,22643.898515369412,False,False,False,-1856.8650894266693
1,2025-06-30 18:00:00+00:00,2025-06-30,2025-06-30 20:00:00+00:00,526266,value_area_bounce,1,11.170714285714505,22647.52,22642.545833333337,22634.920833333337,22647.629166666666,22647.319323508276,22652.904680651132,22641.73396636542,False,False,False,2644.0355360812027
1,2025-06-30 18:05:00+00:00,2025-06-30,2025-06-30 20:00:00+00:00,526271,value_area_bounce,1,11.769285714286005,22648.52,22645.0875,22637.4625,22647.629166666666,22647.3030601871,22653.18770304424,22641.418417329958,False,False,False,1260.0750409747848
1,2025-06-30 19:59:00+00:00,2025-06-30,2025-06-30 20:00:00+00:00,526385,value_area_bounce,-1,15.514285714285766,22702.15,22689.729375000003,22668.886875000004,22717.519375000003,22655.493639819026,22663.25078267617,22647.736496961883,False,False,False,-9695.923385410531
1,2025-07-01 13:31:00+00:00,2025-07-01,2025-07-01 20:00:00+00:00,527377,value_area_bounce,-1,9.580000000000187,22619.1,22623.512499999997,22615.199166666665,22631.825833333332,22623.321863771147,22628.111863771148,22618.531863771146,False,False,False,-3455.924914742397
1,2025-07-01 13:32:00+00:00,2025-07-01,2025-07-01 20:00:00+00:00,527378,value_area_bounce,1,10.687142857143044,22631.97,22623.512499999997,22613.120833333334,22623.512499999997,22623.954402323056,22629.29797375163,22618.610830894482,False,False,False,1029.8612570548494
1,2025-07-01 13:35:00+00:00,2025-07-01,2025-07-01 20:00:00+00:00,527381,value_area_bounce,1,12.723571428571242,22624.35,22623.71,22615.61,22625.33,22624.366597688724,22630.72838340301,22618.00481197444,False,False,False,4289.12795437637
1,2025-07-01 13:38:00+00:00,2025-07-01,2025-07-01 20:00:00+00:00,527384,value_area_bounce,1,14.80428571428534,22630.6,22622.235416666666,22615.489583333336,22626.282916666667,22624.648816502213,22632.050959359356,22617.24667364507,False,False,False,1511.8259918883741
1,2025-07-01 13:40:00+00:00,2025-07-01,2025-07-01 20:00:00+00:00,527386,value_area_bounce,-1,15.545714285713725,22628.97,22628.98125,22620.88625,22628.98125,22625.29170901322,22633.064566156077,22617.518851870365,False,False,False,-228.61365794812446
1,2025-07-01 13:41:00+00:00,2025-07-01,2025-07-01 20:00:00+00:00,527387,value_area_bounce,-1,15.479999999999304,22623.1,22628.98125,22622.235416666666,22631.67958333333,22625.308226141166,22633.048226141163,22617.568226141168,False,False,False,-1302.4932003224071
1,2025-07-01 13:46:00+00:00,2025-07-01,2025-07-01 20:00:00+00:00,527392,value_area_bounce,1,14.094999999999866,22623.97,22629.589583333334,22620.94375,22631.31875,22623.035878999315,22630.083378999316,22615.988378999315,False,False,False,2521.7000863653384
1,2025-07-01 13:48:00+00:00,2025-07-01,2025-07-01 20:00:00+00:00,527394,value_area_bounce,1,14.282857142856821,22631.6,22629.589583333334,22620.94375,22631.31875,22623.244115644487,22630.385544215915,22616.10268707306,False,False,False,4949.489252981542
1,2025-07-01 13:57:00+00:00,2025-07-01,2025-07-01 20:00:00+00:00,527403,value_area_bounce,-1,12.802857142857517,22629.72,22623.594791666663,22614.553125,22630.376041666663,22628.063248061044,22634.464676632473,22621.661819489615,False,False,False,-3111.9991310443775
1,2025-07-01 14:02:00+00:00,2025-07-01,2025-07-01 20:00:00+00:00,527408,value_area_bounce,-1,11.514285714285766,22623.85,22623.594791666663,22616.813541666663,22630.376041666663,22628.06337908655,22633.820521943693,22622.306236229408,False,False,False,-2087.094064281143
1,2025-07-01 14:06:00+00:00,2025-07-01,2025-07-01 20:00:00+00:00,527412,value_area_bounce,-1,11.66285714285706,22622.22,22623.594791666663,22616.813541666663,22630.376041666663,22627.608665819927,22633.440094391357,22621.777237248498,False,False,False,-1079.4642734435834
1,2025-07-01 15:01:00+00:00,2025-07-01,2025-07-01 20:00:00+00:00,527467,value_area_bounce,1,15.117857142857247,22515.35,22524.49125,22495.92125,22588.77375,22591.527407555335,22599.086336126762,22583.96847898391,False,False,False,800.9367424283669
1,2025-07-01 16:57:00+00:00,2025-07-01,2025-07-01 20:00:00+00:00,527583,value_area_bounce,-1,11.126428571427823,22521.97,22501.641666666663,22492.808333333334,22523.725,22536.268912732925,22541.83212701864,22530.70569844721,False,False,False,-3129.002560799742
1,2025-07-01 19:07:00+00:00,2025-07-01,2025-07-01 20:00:00+00:00,527713,value_area_bounce,1,15.384999999999438,22502.47,22549.605416666665,22500.355416666665,22561.917916666665,22536.483914113178,22544.17641411318,22528.791414113177,False,False,False,3355.2451876119326
1,2025-07-01 19:31:00+00:00,2025-07-01,2025-07-01 20:00:00+00:00,527737,value_area_bounce,-1,8.822142857142483,22524.22,22500.849583333333,22467.332083333335,22526.91875,22535.415047510556,22539.826118939127,22531.003976081985,False,False,False,-2520.3883169164155
1,2025-07-01 19:32:00+00:00,2025-07-01,2025-07-01 20:00:00+00:00,527738,value_area_bounce,-1,8.67928571428534,22519.85,22500.849583333333,22467.332083333335,22526.91875,22535.37635734371,22539.716000200853,22531.036714486567,False,False,False,-3032.351685338429
1,2025-07-01 19:35:00+00:00,2025-07-01,2025-07-01 20:00:00+00:00,527741,value_area_bounce,-1,9.080714285714098,22512.47,22500.600208333337,22467.318958333337,22522.787708333337,22535.276711884057,22539.817069026914,22530.7363547412,False,False,False,-3858.8066850748314
1,2025-07-01 19:53:00+00:00,2025-07-01,2025-07-01 20:00:00+00:00,527759,value_area_bounce,-1,12.135000000000478,22537.97,22520.63625,22500.715416666666,22540.557083333333,22535.087141092732,22541.154641092733,22529.01964109273,False,False,False,-1305.303844574583
1,2025-07-01 19:54:00+00:00,2025-07-01,2025-07-01 20:00:00+00:00,527760,value_area_bounce,-1,12.465714285714578,22533.6,22504.778333333332,22504.778333333332,22541.041666666668,22535.090929374943,22541.3237865178,22528.858072232084,False,False,False,-3864.2832389957334
1,2025-07-02 13:59:00+00:00,2025-07-02,2025-07-02 20:00:00+00:00,528785,value_area_bounce,-1,12.224285714285932,22527.5,22511.47375,22456.34875,22531.16125,22515.80529934326,22521.917442200403,22509.69315648612,False,False,False,-4322.131252239873
1,2025-07-02 14:44:00+00:00,2025-07-02,2025-07-02 20:00:00+00:00,528830,value_area_bounce,-1,10.42428571428536,22597.13,22581.5625,22526.0625,22600.0625,22545.424239022326,22550.63638187947,22540.21209616518,False,False,False,-3426.865088337853
1,2025-07-02 14:56:00+00:00,2025-07-02,2025-07-02 20:00:00+00:00,528842,value_area_bounce,-1,13.924999999999793,22622.75,22578.0925,22552.622499999998,22624.7875,22556.159795459018,22563.12229545902,22549.197295459016,False,False,False,-3401.3844471153698
1,2025-07-02 17:06:00+00:00,2025-07-02,2025-07-02 20:00:00+00:00,528972,value_area_bounce,-1,5.9021428571429295,22653.13,22660.390625,22652.588541666664,22662.619791666664,22592.089155690788,22595.04022711936,22589.138084262217,False,False,False,-593.0858389323822
1,2025-07-02 17:24:00+00:00,2025-07-02,2025-07-02 20:00:00+00:00,528990,value_area_bounce,1,6.589285714285714,22651.0,22659.956875,22650.364375,22661.555625,22594.231614000724,22597.526256857866,22590.936971143583,False,False,False,1192.0268297447856
1,2025-07-02 17:30:00+00:00,2025-07-02,2025-07-02 20:00:00+00:00,528996,value_area_bounce,1,7.357142857142857,22647.75,22659.956875,22647.166875000003,22661.555625,22594.87936234435,22598.55793377292,22591.200790915776,False,False,False,837.2909254735566
1,2025-07-02 18:10:00+00:00,2025-07-02,2025-07-02 20:00:00+00:00,529036,value_area_bounce,-1,5.9650000000001455,22651.5,22647.056458333333,22636.792708333334,22651.618125,22598.175651527617,22601.15815152762,22595.193151527616,False,False,False,-201.55009003399994
1,2025-07-02 18:39:00+00:00,2025-07-02,2025-07-02 20:00:00+00:00,529065,value_area_bounce,-1,5.170000000000073,22648.75,22652.196666666667,22646.963333333333,22655.336666666666,22600.294386086847,22602.879386086846,22597.709386086848,False,False,False,-321.25944124603257
1,2025-07-02 18:42:00+00:00,2025-07-02,2025-07-02 20:00:00+00:00,529068,value_area_bounce,-1,5.0978571428570705,22652.5,22652.196666666667,22648.010000000002,22655.336666666666,22600.520567180516,22603.069495751944,22597.971638609088,False,False,False,-333.69993563168424
1,2025-07-02 18:44:00+00:00,2025-07-02,2025-07-02 20:00:00+00:00,529070,value_area_bounce,1,5.115714285714213,22650.75,22652.196666666667,22646.963333333333,22655.336666666666,22600.66470661958,22603.222563762436,22598.106849476724,False,False,False,54.065755527583576
1,2025-07-02 18:47:00+00:00,2025-07-02,2025-07-02 20:00:00+00:00,529073,value_area_bounce,1,5.462857142856852,22652.0,22650.103333333333,22646.963333333333,22654.29,22600.912647035653,22603.64407560708,22598.181218464226,False,False,False,233.72576921551922
1,2025-07-02 19:10:00+00:00,2025-07-02,2025-07-02 20:00:00+00:00,529096,value_area_bounce,-1,5.839285714285714,22652.5,22649.214583333334,22645.137083333335,22654.651250000003,22602.795466954336,22605.715109811477,22599.875824097195,False,False,False,-117.23504798032894
1,2025-07-02 19:21:00+00:00,2025-07-02,2025-07-02 20:00:00+00:00,529107,value_area_bounce,1,5.5278571428573615,22650.0,22649.96875,22647.177083333336,22659.739583333336,22603.516367921853,22606.28029649328,22600.752439350425,False,False,False,917.1307026160948
1,2025-07-02 19:31:00+00:00,2025-07-02,2025-07-02 20:00:00+00:00,529117,value_area_bounce,1,5.642142857142711,22649.0,22649.96875,22642.989583333336,22651.364583333336,22604.17842627127,22606.999497699842,22601.3573548427,False,False,False,659.8101060022047
1,2025-07-02 19:43:00+00:00,2025-07-02,2025-07-02 20:00:00+00:00,529129,value_area_bounce,1,5.526428571428498,22644.25,22648.865208333333,22644.193958333333,22651.979375,22604.93934463282,22607.702558918536,22602.176130347107,False,False,False,259.3563381688731
1,2025-07-02 19:50:00+00:00,2025-07-02,2025-07-02 20:00:00+00:00,529136,value_area_bounce,-1,6.210714285714078,22644.75,22646.1875,22639.6875,22651.0625,22605.430981288417,22608.536338431273,22602.32562414556,False,False,False,-605.1168547510337
1,2025-07-03 13:33:00+00:00,2025-07-03,2025-07-03 17:00:00+00:00,530139,value_area_bounce,-1,11.00571428571441,22785.460000000003,22794.262083333335,22722.59541666667,22794.262083333335,22788.419646694798,22793.922503837653,22782.916789551942,False,False,False,-3008.292339786869
1,2025-07-03 14:00:00+00:00,2025-07-03,2025-07-03 17:00:00+00:00,530166,opening_range_breakout,1,13.488571428571179,22839.710000000003,22792.7775,22763.319166666668,22805.4025,22789.994489847097,22796.73877556138,22783.25020413281,False,False,False,2703.6799046954843
1,2025-07-03 16:27:00+00:00,2025-07-03,2025-07-03 17:00:00+00:00,530313,value_area_bounce,1,6.0449999999998125,22905.09,22910.50729166667,22903.349791666667,22917.664791666666,22848.277605743227,22851.300105743227,22845.25510574323,False,False,False,709.7116360301442
1,2025-07-03 16:40:00+00:00,2025-07-03,2025-07-03 17:00:00+00:00,530326,value_area_bounce,1,5.405714285715346,22899.710000000003,22910.718750000004,22899.23625,22913.27041666667,22849.94190765961,22852.644764802466,22847.239050516753,False,False,False,655.6977771666291
1,2025-07-03 16:56:00+00:00,2025-07-03,2025-07-03 17:00:00+00:00,530342,value_area_bounce,1,9.232142857142858,22881.960000000003,22890.996458333335,22879.95479166667,22913.07979166667,22852.172267260994,22856.788338689566,22847.55619583242,False,False,False,5192.579100995886
1,2025-07-03 16:57:00+00:00,2025-07-03,2025-07-03 17:00:00+00:00,530343,value_area_bounce,1,9.740714285714473,22887.34,22890.996458333335,22879.95479166667,22913.07979166667,22852.371992408775,22857.24234955163,22847.50163526592,False,False,False,7258.40674257162
1,2025-07-07 13:34:00+00:00,2025-07-07,2025-07-07 20:00:00+00:00,532435,value_area_bounce,1,14.759285714285786,22753.41,22780.066458333335,22746.962291666663,22787.160208333335,22773.73848886455,22781.118131721694,22766.358846007406,False,False,False,2776.1779680377467
1,2025-07-07 13:40:00+00:00,2025-07-07,2025-07-07 20:00:00+00:00,532441,value_area_bounce,1,19.909999999999854,22769.03,22757.368541666663,22754.253958333335,22779.170625,22767.625510732196,22777.580510732194,22757.670510732198,False,False,False,3681.0323681621785
1,2025-07-07 13:42:00+00:00,2025-07-07,2025-07-07 20:00:00+00:00,532443,value_area_bounce,-1,20.629285714285288,22774.28,22760.483125,22754.253958333335,22779.170625,22768.1995143922,22778.51415724934,22757.884871535058,False,False,False,-182.43616767697802
1,2025-07-07 13:45:00+00:00,2025-07-07,2025-07-07 20:00:00+00:00,532446,value_area_bounce,-1,19.394285714285225,22752.91,22760.483125,22754.253958333335,22779.170625,22768.320137417686,22778.017280274827,22758.622994560545,False,False,False,-663.9928960015627
1,2025-07-07 13:56:00+00:00,2025-07-07,2025-07-07 20:00:00+00:00,532457,value_area_bounce,-1,12.98357142857094,22779.53,22754.83125,22754.83125,22783.473749999997,22771.70396619843,22778.195751912717,22765.212180484144,False,False,False,-4566.585580389609
1,2025-07-07 14:00:00+00:00,2025-07-07,2025-07-07 20:00:00+00:00,532461,value_area_bounce,-1,12.435714285713923,22763.66,22754.83125,22754.83125,22783.473749999997,22772.27128264579,22778.489139788646,22766.053425502934,False,False,False,-2311.394202690656
1,2025-07-07 15:06:00+00:00,2025-07-07,2025-07-07 20:00:00+00:00,532527,value_area_bounce,1,12.202857142857154,22730.41,22754.91,22728.243333333332,22764.91,22759.960115296126,22766.061543867556,22753.858686724696,False,False,False,769.0190794489599
1,2025-07-07 15:46:00+00:00,2025-07-07,2025-07-07 20:00:00+00:00,532567,value_area_bounce,-1,7.25,22733.41,22728.858541666665,22714.896458333333,22738.831458333334,22756.17178520272,22759.79678520272,22752.54678520272,False,False,False,-2009.7575938949635
1,2025-07-07 16:19:00+00:00,2025-07-07,2025-07-07 20:00:00+00:00,532600,value_area_bounce,-1,10.329999999999927,22743.41,22745.728750000002,22727.464583333334,22771.820416666666,22756.5734832339,22761.7384832339,22751.4084832339,False,False,False,-2186.3652491409216
1,2025-07-07 17:31:00+00:00,2025-07-07,2025-07-07 20:00:00+00:00,532672,value_area_bounce,-1,13.817857142856935,22715.41,22701.1175,22691.3825,22717.3425,22738.78045681152,22745.68938538295,22731.87152824009,False,False,False,-3907.5534533439945
1,2025-07-07 17:34:00+00:00,2025-07-07,2025-07-07 20:00:00+00:00,532675,value_area_bounce,-1,16.139285714285506,22709.66,22701.1175,22697.872499999998,22723.832499999997,22738.396770214076,22746.46641307122,22730.327127356933,False,False,False,-4463.495303392089
1,2025-07-07 19:50:00+00:00,2025-07-07,2025-07-07 20:00:00+00:00,532811,value_area_bounce,1,9.118571428571158,22696.53,22683.5925,22677.4675,22687.675833333335,22720.768336260102,22725.327621974386,22716.209050545818,False,False,False,2236.511417369737
1,2025-07-08 13:31:00+00:00,2025-07-08,2025-07-08 20:00:00+00:00,533812,value_area_bounce,-1,8.786428571428198,22749.77,22763.99375,22755.372916666667,22774.338750000003,22760.631626358998,22765.024840644714,22756.238412073282,False,False,False,-3230.834052644511
1,2025-07-08 13:50:00+00:00,2025-07-08,2025-07-08 20:00:00+00:00,533831,value_area_bounce,-1,12.954285714286275,22737.140000000003,22738.685625000002,22727.580625000002,22747.014375000002,22743.167434672352,22749.644577529496,22736.69029181521,False,False,False,-2120.921281258663
1,2025-07-08 13:51:00+00:00,2025-07-08,2025-07-08 20:00:00+00:00,533832,value_area_bounce,1,13.44571428571466,22736.890000000003,22741.461875,22733.133125,22747.014375000002,22742.740505899143,22749.463363042,22736.017648756286,False,False,False,1180.2316105436296
1,2025-07-08 13:57:00+00:00,2025-07-08,2025-07-08 20:00:00+00:00,533838,value_area_bounce,-1,12.455000000000187,22738.390000000003,22741.461875,22733.133125,22749.790625,22743.416799351922,22749.644299351923,22737.18929935192,False,False,False,-542.1027444749387
1,2025-07-08 14:49:00+00:00,2025-07-08,2025-07-08 20:00:00+00:00,533890,value_area_bounce,-1,13.404285714284404,22730.890000000003,22713.389166666668,22682.095833333336,22736.85916666667,22731.368320668866,22738.070463526008,22724.666177811723,False,False,False,-354.94986135889076
1,2025-07-08 14:51:00+00:00,2025-07-08,2025-07-08 20:00:00+00:00,533892,value_area_bounce,-1,14.207142857141921,22725.52,22713.389166666668,22682.095833333336,22736.85916666667,22731.393079844467,22738.49665127304,22724.289508415895,False,False,False,-5629.909650782773
1,2025-07-08 14:57:00+00:00,2025-07-08,2025-07-08 20:00:00+00:00,533898,value_area_bounce,1,19.351428571428446,22698.140000000003,22712.54604166667,22682.868958333333,22733.743958333333,22727.415467816496,22737.09118210221,22717.739753530783,False,False,False,2622.237795014005
1,2025-07-08 15:29:00+00:00,2025-07-08,2025-07-08 20:00:00+00:00,533930,value_area_bounce,1,11.040714285714785,22700.140000000003,22742.223125,22699.82729166667,22746.462708333333,22726.12977934405,22731.650136486907,22720.609422201193,False,False,False,1053.5351532392906
1,2025-07-08 15:30:00+00:00,2025-07-08,2025-07-08 20:00:00+00:00,533931,value_area_bounce,1,11.192857142857454,22707.640000000003,22742.223125,22699.82729166667,22746.462708333333,22725.96883290243,22731.565261473857,22720.372404331,False,False,False,1434.9308858126424
1,2025-07-08 16:35:00+00:00,2025-07-08,2025-07-08 20:00:00+00:00,533996,value_area_bounce,-1,13.888571428572115,22729.140000000003,22740.243333333336,22712.61666666667,22760.963333333333,22729.093890612126,22736.038176326412,22722.14960489784,False,False,False,-4014.6017151604046
1,2025-07-08 16:36:00+00:00,2025-07-08,2025-07-08 20:00:00+00:00,533997,value_area_bounce,1,14.889285714286027,22742.640000000003,22734.701041666667,22718.736458333336,22760.244375000002,22729.15231227325,22736.596955130393,22721.707669416108,False,False,False,517.7253446427185
1,2025-07-08 16:55:00+00:00,2025-07-08,2025-07-08 20:00:00+00:00,534016,value_area_bounce,-1,8.724999999999065,22747.640000000003,22736.435416666667,22736.435416666667,22758.129583333335,22730.522618868647,22734.885118868646,22726.160118868647,False,False,False,-2226.260869544431
1,2025-07-08 17:03:00+00:00,2025-07-08,2025-07-08 20:00:00+00:00,534024,value_area_bounce,1,10.464999999999625,22754.140000000003,22751.93125,22742.63375,22764.32791666667,22731.121733902706,22736.354233902704,22725.889233902708,False,False,False,671.7088989300748
1,2025-07-08 17:08:00+00:00,2025-07-08,2025-07-08 20:00:00+00:00,534029,value_area_bounce,1,11.375714285713912,22739.890000000003,22751.93125,22736.435416666667,22764.32791666667,22731.323370637412,22737.01122778027,22725.635513494555,False,False,False,160.3973067303234
1,2025-07-08 17:23:00+00:00,2025-07-08,2025-07-08 20:00:00+00:00,534044,value_area_bounce,1,11.639285714286027,22738.140000000003,22752.862708333334,22734.525625000002,22755.482291666667,22731.215091022837,22737.03473387998,22725.395448165695,False,False,False,2630.3832688225248
1,2025-07-08 18:20:00+00:00,2025-07-08,2025-07-08 20:00:00+00:00,534101,value_area_bounce,-1,6.3442857142862135,22754.390000000003,22729.718125000003,22723.436875000003,22763.218125000003,22732.910404045524,22736.082546902668,22729.73826118838,False,False,False,-779.1659396405894
1,2025-07-08 19:00:00+00:00,2025-07-08,2025-07-08 20:00:00+00:00,534141,value_area_bounce,1,6.512142857142733,22729.140000000003,22735.456458333334,22729.102708333332,22750.281875,22733.36371523897,22736.619786667543,22730.1076438104,False,False,False,124.40866370335681
1,2025-07-08 19:40:00+00:00,2025-07-08,2025-07-08 20:00:00+00:00,534181,value_area_bounce,1,6.867142857142296,22716.02,22719.5875,22707.955833333337,22722.910833333335,22732.396322916014,22735.829894344584,22728.962751487445,False,False,False,110.45164464918525
1,2025-07-08 19:46:00+00:00,2025-07-08,2025-07-08 20:00:00+00:00,534187,value_area_bounce,1,7.626428571427823,22714.390000000003,22719.5875,22709.617500000004,22721.24916666667,22732.20668061232,22736.019894898032,22728.393466326605,False,False,False,719.1276575543433
1,2025-07-08 19:53:00+00:00,2025-07-08,2025-07-08 20:00:00+00:00,534194,value_area_bounce,-1,8.41214285714211,22712.27,22719.004583333335,22712.25875,22723.052083333336,22732.0815282129,22736.287599641473,22727.875456784328,False,False,False,-369.497899234427
1,2025-07-08 19:54:00+00:00,2025-07-08,2025-07-08 20:00:00+00:00,534195,value_area_bounce,1,9.072857142856394,22726.390000000003,22719.004583333335,22712.25875,22723.052083333336,22732.047996326186,22736.584424897614,22727.51156775476,False,False,False,340.3154341002703
1,2025-07-09 13:55:00+00:00,2025-07-09,2025-07-09 20:00:00+00:00,535216,value_area_bounce,-1,11.21214285714294,22915.93,22914.124583333334,22849.38291666667,22927.072916666668,22878.902558960464,22884.508630389035,22873.296487531894,False,False,False,-3113.5410885451706
1,2025-07-09 14:53:00+00:00,2025-07-09,2025-07-09 20:00:00+00:00,535274,value_area_bounce,1,14.6414285714288,22796.93,22840.794583333336,22779.107083333336,22902.482083333336,22866.950049992254,22874.270764277968,22859.62933570654,False,False,False,103.6438966421374
1,2025-07-09 15:00:00+00:00,2025-07-09,2025-07-09 20:00:00+00:00,535281,value_area_bounce,1,16.306428571428373,22784.18,22838.64875,22772.46125,22838.64875,22859.995533552872,22868.148747838586,22851.842319267158,False,False,False,4172.711712749222
1,2025-07-09 16:59:00+00:00,2025-07-09,2025-07-09 20:00:00+00:00,535400,value_area_bounce,-1,6.75571428571415,22815.93,22790.013333333336,22781.113333333335,22819.68,22835.631817460773,22839.00967460363,22832.253960317918,False,False,False,-1573.0180988831476
1,2025-07-09 17:04:00+00:00,2025-07-09,2025-07-09 20:00:00+00:00,535405,value_area_bounce,-1,9.028571428571013,22809.06,22806.58625,22784.64875,22818.77375,22835.220097741287,22839.734383455572,22830.705812027,False,False,False,-412.10866542438373
1,2025-07-09 17:18:00+00:00,2025-07-09,2025-07-09 20:00:00+00:00,535419,value_area_bounce,-1,8.10285714285679,22820.56,22810.800833333335,22810.800833333335,22824.85916666667,22834.703526723966,22838.754955295393,22830.65209815254,False,False,False,-6.512862165314573
1,2025-07-09 17:24:00+00:00,2025-07-09,2025-07-09 20:00:00+00:00,535425,value_area_bounce,1,8.679999999999511,22817.68,22814.817500000005,22810.800833333335,22822.850833333338,22834.44071626534,22838.78071626534,22830.10071626534,False,False,False,771.8212990615729
1,2025-07-09 17:27:00+00:00,2025-07-09,2025-07-09 20:00:00+00:00,535428,value_area_bounce,-1,9.0114285714283,22810.93,22822.850833333338,22810.800833333335,22822.850833333338,22834.345402267758,22838.851116553473,22829.839687982043,False,False,False,-125.62929862397539
1,2025-07-09 17:28:00+00:00,2025-07-09,2025-07-09 20:00:00+00:00,535429,value_area_bounce,1,9.109999999999802,22815.18,22814.817500000005,22810.800833333335,22822.850833333338,22834.294783155954,22838.849783155954,22829.739783155954,False,False,False,352.12909269049806
1,2025-07-09 17:47:00+00:00,2025-07-09,2025-07-09 20:00:00+00:00,535448,value_area_bounce,1,6.927142857142566,22813.43,22814.537291666667,22809.543541666666,22821.195625,22833.63283932292,22837.096410751492,22830.169267894347,False,False,False,1135.9434604798512
1,2025-07-09 17:48:00+00:00,2025-07-09,2025-07-09 20:00:00+00:00,535449,value_area_bounce,1,6.998571428571138,22814.56,22814.537291666667,22809.543541666666,22821.195625,22833.576919867897,22837.076205582183,22830.07763415361,False,False,False,2242.607270442759
1,2025-07-09 17:57:00+00:00,2025-07-09,2025-07-09 20:00:00+00:00,535458,value_area_bounce,1,10.650714285714068,22816.18,22810.1175,22808.4925,22823.1175,22832.689727637582,22838.01508478044,22827.364370494724,False,False,False,2103.8901381594033
1,2025-07-09 19:42:00+00:00,2025-07-09,2025-07-09 20:00:00+00:00,535563,value_area_bounce,-1,4.714285714285714,22868.93,22867.924583333333,22862.84125,22875.549583333333,22836.02718898662,22838.38433184376,22833.67004612948,False,False,False,-480.40750354112174
1,2025-07-09 19:50:00+00:00,2025-07-09,2025-07-09 20:00:00+00:00,535571,value_area_bounce,-1,6.1521428571429295,22863.93,22876.42979166667,22867.346458333333,22877.565208333333,22836.488105476223,22839.564176904794,22833.41203404765,False,False,False,-1267.01925403053
1,2025-07-10 13:31:00+00:00,2025-07-10,2025-07-10 20:00:00+00:00,536572,value_area_bounce,-1,7.817857142856935,22893.31,22914.77,22885.043333333335,22914.77,22907.185211635395,22911.094140206824,22903.276283063966,False,False,False,-5008.550053270188
1,2025-07-10 13:36:00+00:00,2025-07-10,2025-07-10 20:00:00+00:00,536577,value_area_bounce,1,12.303571428571429,22871.18,22869.9075,22858.59416666667,22901.019166666665,22883.5921775711,22889.743963285386,22877.440391856813,False,False,False,3513.205688318515
1,2025-07-10 13:38:00+00:00,2025-07-10,2025-07-10 20:00:00+00:00,536579,value_area_bounce,1,13.446428571428571,22876.68,22869.9075,22864.25083333333,22895.362500000003,22881.879986111115,22888.60320039683,22875.1567718254,False,False,False,7465.572187163268
1,2025-07-10 13:50:00+00:00,2025-07-10,2025-07-10 20:00:00+00:00,536591,value_area_bounce,1,12.519285714286005,22841.18,22872.518333333333,22826.28166666667,22880.925000000003,22871.11230118562,22877.371944042763,22864.85265832848,False,False,False,769.0397518181044
1,2025-07-10 14:00:00+00:00,2025-07-10,2025-07-10 20:00:00+00:00,536601,opening_range_breakout,-1,17.579999999999927,22766.43,22871.44625,22827.29375,22902.98375,22852.001400036617,22860.791400036618,22843.211400036616,False,False,False,-6893.551977268188
1,2025-07-10 14:10:00+00:00,2025-07-10,2025-07-10 20:00:00+00:00,536611,value_area_bounce,1,18.317142857142503,22777.18,22866.113125000003,22771.798125,22881.832291666666,22829.7934902177,22838.952061646272,22820.63491878913,False,False,False,10050.854649959814
1,2025-07-10 15:00:00+00:00,2025-07-10,2025-07-10 20:00:00+00:00,536661,value_area_bounce,-1,8.634285714285786,22797.18,22777.805,22761.555,22803.805,22812.097959564173,22816.415102421317,22807.78081670703,False,False,False,-1215.6185364815951
1,2025-07-10 17:20:00+00:00,2025-07-10,2025-07-10 20:00:00+00:00,536801,value_area_bounce,-1,5.796428571428935,22837.68,22833.612291666668,22829.908541666668,22841.019791666666,22816.529603394592,22819.427817680305,22813.63138910888,False,False,False,-158.09204613445775
1,2025-07-10 18:01:00+00:00,2025-07-10,2025-07-10 20:00:00+00:00,536842,value_area_bounce,-1,5.249285714285569,22865.43,22859.863125,22837.933958333335,22866.441875,22819.26012650315,22821.884769360295,22816.63548364601,False,False,False,-854.0154921393251
1,2025-07-10 18:22:00+00:00,2025-07-10,2025-07-10 20:00:00+00:00,536863,value_area_bounce,-1,4.865714285714213,22879.68,22872.419375,22861.33604166667,22880.731875,22820.956336085343,22823.3891932282,22818.523478942487,False,False,False,-433.8908505749493
1,2025-07-10 18:55:00+00:00,2025-07-10,2025-07-10 20:00:00+00:00,536896,value_area_bounce,1,5.052857142856998,22870.43,22872.778958333336,22869.575208333335,22879.186458333334,22823.15231574483,22825.678744316258,22820.6258871734,False,False,False,200.57830474300454
1,2025-07-10 19:02:00+00:00,2025-07-10,2025-07-10 20:00:00+00:00,536903,value_area_bounce,1,5.6521428571429295,22875.93,22872.778958333336,22868.50729166667,22875.982708333333,22823.650903407826,22826.476974836398,22820.824831979255,False,False,False,696.4482343554223
1,2025-07-10 19:15:00+00:00,2025-07-10,2025-07-10 20:00:00+00:00,536916,value_area_bounce,1,5.026428571428498,22871.18,22870.68,22868.18,22873.18,22824.439487361735,22826.95270164745,22821.92627307602,False,False,False,80.56615214901751
1,2025-07-10 19:33:00+00:00,2025-07-10,2025-07-10 20:00:00+00:00,536934,value_area_bounce,1,4.9021428571429295,22868.81,22869.914375,22867.195625,22874.445625,22825.441975632366,22827.893047060938,22822.990904203794,False,False,False,414.5722694018379
1,2025-07-10 19:39:00+00:00,2025-07-10,2025-07-10 20:00:00+00:00,536940,value_area_bounce,1,4.678571428571429,22871.93,22869.914375,22868.101875,22874.445625,22825.741238963616,22828.080524677902,22823.40195324933,False,False,False,832.9843670298177
1,2025-07-11 13:32:00+00:00,2025-07-11,2025-07-11 20:00:00+00:00,537953,value_area_bounce,-1,11.999285714285568,22765.63,22773.520625,22735.197708333333,22773.520625,22775.11844052002,22781.11808337716,22769.118797662875,False,False,False,-3113.5475296182835
1,2025-07-11 13:45:00+00:00,2025-07-11,2025-07-11 20:00:00+00:00,537966,value_area_bounce,1,16.687142857142785,22718.75,22742.988958333335,22710.315208333333,22761.141041666666,22747.451243125517,22755.794814554087,22739.107671696947,False,False,False,2784.799890652236
1,2025-07-11 15:20:00+00:00,2025-07-11,2025-07-11 20:00:00+00:00,538061,value_area_bounce,1,13.014285714285506,22789.0,22792.90625,22788.838750000003,22829.51375,22783.597525330602,22790.104668187745,22777.09038247346,False,False,False,3648.33899828882
1,2025-07-11 16:04:00+00:00,2025-07-11,2025-07-11 20:00:00+00:00,538105,value_area_bounce,-1,11.409285714285422,22809.75,22794.703125,22748.241875,22815.821875,22788.693130909767,22794.39777376691,22782.988488052626,False,False,False,-1425.2015290576885
1,2025-07-11 16:10:00+00:00,2025-07-11,2025-07-11 20:00:00+00:00,538111,value_area_bounce,1,10.900714285714068,22808.0,22802.995000000003,22796.401666666665,22842.555,22789.248342543768,22794.698699686625,22783.79798540091,False,False,False,1188.0365203045667
1,2025-07-11 18:08:00+00:00,2025-07-11,2025-07-11 20:00:00+00:00,538229,value_area_bounce,-1,6.329999999999927,22846.25,22838.873958333334,22820.09729166667,22850.609375,22798.531150770246,22801.696150770247,22795.366150770245,False,False,False,-168.0856829761462
1,2025-07-11 18:31:00+00:00,2025-07-11,2025-07-11 20:00:00+00:00,538252,value_area_bounce,1,6.6557142857137865,22842.25,22836.591666666667,22832.158333333333,22845.458333333332,22800.076209502862,22803.40406664572,22796.748352360006,False,False,False,30.512460000713077
1,2025-07-11 19:08:00+00:00,2025-07-11,2025-07-11 20:00:00+00:00,538289,value_area_bounce,1,11.52714285714293,22799.5,22838.230625,22795.087708333333,22853.918958333335,22801.089122527774,22806.852693956345,22795.325551099202,False,False,False,2181.409826697473
1,2025-07-11 19:52:00+00:00,2025-07-11,2025-07-11 20:00:00+00:00,538333,value_area_bounce,1,8.677857142856997,22807.75,22805.781666666666,22802.745,22827.038333333334,22802.10366347957,22806.442592051,22797.76473490814,False,False,False,386.1778682025788
1,2025-07-11 19:54:00+00:00,2025-07-11,2025-07-11 20:00:00+00:00,538335,value_area_bounce,1,9.275714285714068,22807.0,22805.781666666666,22802.745,22827.038333333334,22802.131066448055,22806.768923590913,22797.493209305198,False,False,False,644.5197150525034
1,2025-07-14 13:31:00+00:00,2025-07-14,2025-07-14 20:00:00+00:00,539317,value_area_bounce,-1,10.47285714285707,22791.02,22795.655208333337,22745.894791666666,22795.655208333337,22797.097483750433,22802.33391232186,22791.861055179004,False,False,False,-792.7908704678875
1,2025-07-14 13:39:00+00:00,2025-07-14,2025-07-14 20:00:00+00:00,539325,value_area_bounce,1,19.11499999999978,22779.52,22793.613541666666,22778.655208333337,22801.092708333337,22790.803457347276,22800.360957347275,22781.245957347277,False,False,False,6240.782450282022
1,2025-07-14 13:48:00+00:00,2025-07-14,2025-07-14 20:00:00+00:00,539334,value_area_bounce,1,23.322142857143003,22755.77,22794.14625,22737.32125,22799.82875,22761.74631633105,22773.40738775962,22750.08524490248,False,False,False,7534.421857298701
1,2025-07-14 16:02:00+00:00,2025-07-14,2025-07-14 20:00:00+00:00,539468,value_area_bounce,-1,6.810714285713922,22850.77,22856.649375,22848.520625,22856.649375,22794.897621102034,22798.30297824489,22791.49226395918,False,False,False,-153.20898041945884
1,2025-07-14 16:31:00+00:00,2025-07-14,2025-07-14 20:00:00+00:00,539497,value_area_bounce,-1,5.885000000000218,22856.27,22852.676875,22843.834375,22861.519375000003,22799.19018382918,22802.132683829182,22796.24768382918,False,False,False,-734.9496206211179
1,2025-07-14 16:40:00+00:00,2025-07-14,2025-07-14 20:00:00+00:00,539506,value_area_bounce,1,6.008571428571356,22867.77,22862.311041666668,22853.96854166667,22872.043958333335,22800.26855314964,22803.272838863926,22797.264267435352,False,False,False,1655.1109540839998
1,2025-07-14 18:28:00+00:00,2025-07-14,2025-07-14 20:00:00+00:00,539614,value_area_bounce,-1,4.444999999999709,22893.77,22891.31229166667,22887.000625,22897.779791666668,22814.398060599506,22816.620560599506,22812.175560599506,False,False,False,-271.80605870626476
1,2025-07-14 18:30:00+00:00,2025-07-14,2025-07-14 20:00:00+00:00,539616,value_area_bounce,-1,4.498571428571138,22893.27,22892.155625,22888.343958333335,22896.920208333337,22814.657058369477,22816.906344083764,22812.40777265519,False,False,False,-411.2545954991592
1,2025-07-14 18:38:00+00:00,2025-07-14,2025-07-14 20:00:00+00:00,539624,value_area_bounce,1,4.659285714285423,22892.77,22891.665625,22889.853125,22896.196875,22815.536205760054,22817.865848617195,22813.206562902913,False,False,False,537.8678373852815
1,2025-07-14 18:40:00+00:00,2025-07-14,2025-07-14 20:00:00+00:00,539626,value_area_bounce,1,4.6057142857139945,22895.52,22891.665625,22890.759375,22896.196875,22815.73018797441,22818.033045117267,22813.42733083155,False,False,False,435.9848690947348
1,2025-07-14 19:14:00+00:00,2025-07-14,2025-07-14 20:00:00+00:00,539660,value_area_bounce,1,4.767857142857143,22892.52,22893.983125,22892.180625,22901.193125,22818.83829758857,22821.222226159996,22816.45436901714,False,False,False,400.3454257002447
1,2025-07-14 19:22:00+00:00,2025-07-14,2025-07-14 20:00:00+00:00,539668,value_area_bounce,1,5.349285714285933,22888.77,22891.107500000002,22884.725833333334,22898.400833333333,22819.673559756044,22822.348202613186,22816.9989168989,False,False,False,935.8787427868972
1,2025-07-14 19:25:00+00:00,2025-07-14,2025-07-14 20:00:00+00:00,539671,value_area_bounce,1,5.125714285714431,22892.4,22891.457291666666,22885.769791666666,22898.092708333337,22819.944193732732,22822.50705087559,22817.381336589875,False,False,False,1029.5191777542586
1,2025-07-14 19:49:00+00:00,2025-07-14,2025-07-14 20:00:00+00:00,539695,value_area_bounce,1,5.829285714285496,22876.52,22888.550625000003,22876.046875,22897.481874999998,22822.090515293607,22825.00515815075,22819.175872436463,False,False,False,198.44193001010993
1,2025-07-14 19:51:00+00:00,2025-07-14,2025-07-14 20:00:00+00:00,539697,value_area_bounce,1,6.415714285714265,22871.27,22872.474375,22867.115625,22890.336875,22822.31163507046,22825.519492213316,22819.1037779276,False,False,False,579.5146031670716
1,2025-07-14 19:55:00+00:00,2025-07-14,2025-07-14 20:00:00+00:00,539701,value_area_bounce,1,6.951428571428551,22878.77,22890.748125,22875.421875,22899.262708333335,22822.80357618397,22826.279290469683,22819.32786189826,False,False,False,1986.1633345771968
1,2025-07-14 19:59:00+00:00,2025-07-14,2025-07-14 20:00:00+00:00,539705,value_area_bounce,-1,8.068571428571627,22880.27,22877.592708333337,22866.582291666666,22887.030208333337,22823.640122992576,22827.674408706862,22819.60583727829,False,False,False,-519.3842011850174
1,2025-07-15 13:30:00+00:00,2025-07-15,2025-07-15 20:00:00+00:00,540696,value_area_bounce,-1,7.312142857143044,23054.79,23048.185625,23035.529375,23060.841875,23056.710000000003,23060.366071428572,23053.053928571433,False,False,False,-2523.258293024094
1,2025-07-15 13:54:00+00:00,2025-07-15,2025-07-15 20:00:00+00:00,540720,value_area_bounce,1,18.392857142857142,23001.92,23010.50708333333,22989.761250000003,23027.103750000002,23015.96577070609,23025.162199277518,23006.769342134663,False,False,False,4524.183330247972
1,2025-07-15 14:05:00+00:00,2025-07-15,2025-07-15 20:00:00+00:00,540731,value_area_bounce,1,14.353571428571481,23000.04,23008.893958333334,22987.591875,23025.935625,23009.122783750656,23016.29956946494,23001.94599803637,False,False,False,2890.120417486419
1,2025-07-15 14:31:00+00:00,2025-07-15,2025-07-15 20:00:00+00:00,540757,value_area_bounce,-1,13.246428571428623,23008.79,23008.847083333334,22992.676249999997,23028.252083333333,23013.554530408746,23020.17774469446,23006.93131612303,False,False,False,-3224.1841763645607
1,2025-07-15 14:32:00+00:00,2025-07-15,2025-07-15 20:00:00+00:00,540758,value_area_bounce,1,13.987857142857008,23012.79,23008.847083333334,22992.676249999997,23028.252083333333,23013.433741047033,23020.42766961846,23006.439812475604,False,False,False,1292.1452467622182
1,2025-07-15 16:13:00+00:00,2025-07-15,2025-07-15 20:00:00+00:00,540859,value_area_bounce,1,9.104999999999304,22999.29,23006.388958333337,22994.701458333337,23012.232708333337,23003.34003113457,23007.892531134567,22998.78753113457,False,False,False,1857.2297363904675
1,2025-07-15 18:19:00+00:00,2025-07-15,2025-07-15 20:00:00+00:00,540985,value_area_bounce,-1,5.455714285714099,23013.04,23021.045208333337,22988.670208333337,23023.743125,22997.795054761184,23000.52291190404,22995.067197618326,False,False,False,-804.5517182734587
1,2025-07-15 19:55:00+00:00,2025-07-15,2025-07-15 20:00:00+00:00,541081,value_area_bounce,-1,9.22785714285653,22936.42,22941.012916666667,22933.158750000002,22952.00875,22992.54215770665,22997.15608627808,22987.928229135225,False,False,False,-4131.644075076148
1,2025-07-16 13:30:00+00:00,2025-07-16,2025-07-16 20:00:00+00:00,542076,value_area_bounce,-1,7.2007142857141195,22916.9,22920.441666666666,22919.358333333337,22930.191666666666,22923.690000000002,22927.290357142858,22920.089642857147,False,False,False,-3999.438558727617
1,2025-07-16 13:42:00+00:00,2025-07-16,2025-07-16 20:00:00+00:00,542088,value_area_bounce,1,22.06000000000027,22874.02,22883.112500000003,22863.6425,22902.5825,22890.571589591676,22901.601589591675,22879.541589591678,False,False,False,2238.286185312925
1,2025-07-16 13:55:00+00:00,2025-07-16,2025-07-16 20:00:00+00:00,542101,value_area_bounce,1,18.70142857142855,22834.77,22868.81125,22816.152916666666,22895.14041666667,22873.623625000007,22882.97433928572,22864.272910714295,False,False,False,2719.2367501624176
1,2025-07-16 14:01:00+00:00,2025-07-16,2025-07-16 20:00:00+00:00,542107,value_area_bounce,1,18.832857142857392,22828.27,22882.093125,22827.038958333334,22904.114791666667,22865.724556045257,22875.140984616686,22856.30812747383,False,False,False,4288.46557930515
1,2025-07-16 14:41:00+00:00,2025-07-16,2025-07-16 20:00:00+00:00,542147,value_area_bounce,-1,15.07642857142855,22840.77,22824.80125,22800.73875,22845.42625,22854.909450778963,22862.447665064676,22847.37123649325,False,False,False,-771.1218837060546
1,2025-07-16 14:54:00+00:00,2025-07-16,2025-07-16 20:00:00+00:00,542160,value_area_bounce,-1,15.853571428571481,22827.02,22853.838333333333,22822.008333333335,22860.911666666667,22855.242173751067,22863.16895946535,22847.315388036783,False,False,False,-3237.0419791516015
1,2025-07-16 14:59:00+00:00,2025-07-16,2025-07-16 20:00:00+00:00,542165,value_area_bounce,1,22.377857142857465,22840.4,22842.651875000003,22830.43020833333,22860.984375,22853.863352382617,22865.052280954045,22842.67442381119,False,False,False,2868.721924209081
1,2025-07-16 15:00:00+00:00,2025-07-16,2025-07-16 20:00:00+00:00,542166,value_area_bounce,1,23.008571428571877,22854.65,22842.651875000003,22833.485625,22860.984375,22853.78816981356,22865.292455527848,22842.283884099274,False,False,False,4747.323361908864
1,2025-07-16 15:28:00+00:00,2025-07-16,2025-07-16 20:00:00+00:00,542194,value_area_bounce,1,33.92000000000007,22824.15,22849.660625,22812.973125,22892.462708333333,22843.931736671224,22860.891736671223,22826.971736671225,False,False,False,43.03378320127831
1,2025-07-16 15:31:00+00:00,2025-07-16,2025-07-16 20:00:00+00:00,542197,value_area_bounce,1,31.7235714285715,22801.65,22849.660625,22800.743958333333,22880.23354166667,22842.655595014618,22858.517380728903,22826.793809300332,False,False,False,2976.6559435964846
1,2025-07-16 15:42:00+00:00,2025-07-16,2025-07-16 20:00:00+00:00,542208,value_area_bounce,1,28.68500000000027,22770.9,22786.431458333333,22751.523125,22856.248125,22829.701989556885,22844.044489556883,22815.359489556886,False,False,False,10267.9228483096
1,2025-07-16 16:46:00+00:00,2025-07-16,2025-07-16 20:00:00+00:00,542272,value_area_bounce,-1,9.186428571428353,22818.52,22839.12416666667,22827.810833333337,22841.9525,22827.97640355302,22832.569617838733,22823.383189267308,False,False,False,-4682.3769336385085
1,2025-07-16 17:38:00+00:00,2025-07-16,2025-07-16 20:00:00+00:00,542324,value_area_bounce,1,8.147142857142692,22894.65,22889.90625,22886.14041666667,22908.73541666667,22832.772665797962,22836.846237226535,22828.69909436939,False,False,False,1354.940557408475
1,2025-07-16 17:45:00+00:00,2025-07-16,2025-07-16 20:00:00+00:00,542331,value_area_bounce,1,7.7935714285712105,22890.02,22888.254166666666,22888.254166666666,22907.045833333337,22833.29500517933,22837.191790893616,22829.398219465045,False,False,False,610.7157374866797
1,2025-07-16 18:03:00+00:00,2025-07-16,2025-07-16 20:00:00+00:00,542349,value_area_bounce,1,7.452142857142982,22878.4,22887.388958333337,22871.512291666666,22897.311875,22834.30174521803,22838.0278166466,22830.575673789455,False,False,False,321.76177943608707
1,2025-07-16 18:05:00+00:00,2025-07-16,2025-07-16 20:00:00+00:00,542351,value_area_bounce,1,7.60357142857148,22880.52,22876.438333333335,22874.64166666667,22892.608333333334,22834.446807172953,22838.248592887237,22830.64502145867,False,False,False,1712.1982644770462
1,2025-07-16 19:15:00+00:00,2025-07-16,2025-07-16 20:00:00+00:00,542421,value_area_bounce,-1,6.7771428571429295,22913.52,22901.223125,22885.973125,22918.379375,22839.125122802743,22842.513694231315,22835.73655137417,False,False,False,-1465.2928493000604
1,2025-07-16 19:52:00+00:00,2025-07-16,2025-07-16 20:00:00+00:00,542458,value_area_bounce,-1,7.1057142857139945,22931.27,22921.529375,22909.387291666666,22933.671458333334,22842.569706540347,22846.122563683206,22839.01684939749,False,False,False,-1779.5463258861346
1,2025-07-16 19:58:00+00:00,2025-07-16,2025-07-16 20:00:00+00:00,542464,value_area_bounce,-1,7.344285714285694,22931.52,22935.40604166667,22916.325625,22937.140625,22843.481837816114,22847.153980673258,22839.80969495897,False,False,False,-107.08836633212854
1,2025-07-17 16:21:00+00:00,2025-07-17,2025-07-17 20:00:00+00:00,543627,value_area_bounce,-1,5.965714285715616,23105.67,23094.93020833334,23088.89895833334,23111.013541666667,23016.762828321323,23019.745685464182,23013.779971178465,False,False,False,-951.700704438942
1,2025-07-17 16:27:00+00:00,2025-07-17,2025-07-17 20:00:00+00:00,543633,value_area_bounce,-1,7.625,23114.92,23107.19541666667,23093.79041666667,23118.36625,23018.8471406345,23022.6596406345,23015.0346406345,False,False,False,-584.6538901791193
1,2025-07-17 16:40:00+00:00,2025-07-17,2025-07-17 20:00:00+00:00,543646,value_area_bounce,1,5.768571428572094,23104.42,23107.716875,23102.748125,23115.998125,23021.868179957444,23024.75246567173,23018.98389424316,False,False,False,146.93722649207234
1,2025-07-17 17:23:00+00:00,2025-07-17,2025-07-17 20:00:00+00:00,543689,value_area_bounce,-1,4.464285714285714,23107.42,23107.51375,23105.20125,23112.909583333334,23029.53233333334,23031.76447619048,23027.3001904762,False,False,False,-296.0185252748556
1,2025-07-17 17:28:00+00:00,2025-07-17,2025-07-17 20:00:00+00:00,543694,value_area_bounce,1,5.757857142856145,23107.42,23107.893958333334,23103.081458333334,23110.300208333334,23030.54156732369,23033.420495895116,23027.662638752263,False,False,False,846.1264622916381
1,2025-07-17 17:45:00+00:00,2025-07-17,2025-07-17 20:00:00+00:00,543711,value_area_bounce,-1,4.3842857142860465,23109.050000000003,23110.47625,23106.372916666667,23113.55375,23033.2324009343,23035.424543791443,23031.040258077155,False,False,False,-472.3567846219887
1,2025-07-17 18:04:00+00:00,2025-07-17,2025-07-17 20:00:00+00:00,543730,value_area_bounce,-1,4.545000000000333,23115.300000000003,23110.284375000003,23108.690625000003,23116.659375000003,23036.193621175866,23038.466121175865,23033.921121175867,False,False,False,-1600.53031220664
1,2025-07-17 18:05:00+00:00,2025-07-17,2025-07-17 20:00:00+00:00,543731,value_area_bounce,-1,4.517857142857143,23110.67,23110.284375000003,23108.690625000003,23116.659375000003,23036.34832806725,23038.60725663868,23034.089399495824,False,False,False,-1572.3728462732606
1,2025-07-17 19:00:00+00:00,2025-07-17,2025-07-17 20:00:00+00:00,543786,value_area_bounce,1,4.47285714285681,23108.800000000003,23108.748125,23102.966875,23111.060625,23042.973054564605,23045.209483136034,23040.736625993177,False,False,False,442.31319964175856
1,2025-07-17 19:17:00+00:00,2025-07-17,2025-07-17 20:00:00+00:00,543803,value_area_bounce,-1,4.428571428571429,23111.92,23108.116875,23105.038125,23113.248125,23045.117146812376,23047.331432526662,23042.90286109809,False,False,False,-503.1178549727473
1,2025-07-17 19:42:00+00:00,2025-07-17,2025-07-17 20:00:00+00:00,543828,value_area_bounce,-1,5.090000000000665,23112.92,23113.46125,23106.00125,23117.191250000003,23047.973833888485,23050.518833888487,23045.428833888483,False,False,False,-209.48299413375616
1,2025-07-17 19:51:00+00:00,2025-07-17,2025-07-17 20:00:00+00:00,543837,value_area_bounce,1,6.062142857142525,23111.92,23112.887916666667,23110.340416666666,23118.832083333335,23049.40895410433,23052.4400255329,23046.37788267576,False,False,False,330.1188791388664
1,2025-07-17 19:54:00+00:00,2025-07-17,2025-07-17 20:00:00+00:00,543840,value_area_bounce,-1,7.963571428570764,23114.42,23113.992916666662,23110.07625,23119.867916666662,23050.204818968195,23054.18660468248,23046.22303325391,False,False,False,-586.5840012487462
1,2025-07-17 19:56:00+00:00,2025-07-17,2025-07-17 20:00:00+00:00,543842,value_area_bounce,1,8.811428571427573,23108.550000000003,23113.279166666667,23108.44583333334,23118.112500000003,23050.827386305333,23055.233100591046,23046.42167201962,False,False,False,682.1065411725422
1,2025-07-17 19:58:00+00:00,2025-07-17,2025-07-17 20:00:00+00:00,543844,value_area_bounce,1,10.141428571427241,23115.800000000003,23112.52395833334,23108.74270833334,23118.826041666667,23051.404936676252,23056.475650961966,23046.33422239054,False,False,False,1746.0198631803278
1,2025-07-17 19:59:00+00:00,2025-07-17,2025-07-17 20:00:00+00:00,543845,value_area_bounce,1,11.132142857141194,23110.92,23112.800000000003,23108.800000000003,23118.13333333334,23052.094022084035,23057.660093512604,23046.527950655465,False,False,False,4521.140817253507
1,2025-07-18 13:30:00+00:00,2025-07-18,2025-07-18 20:00:00+00:00,544836,value_area_bounce,-1,12.384285714285527,23130.6,23158.184583333332,23123.853750000002,23158.184583333332,23137.22333333333,23143.415476190476,23131.031190476187,False,False,False,-4590.965045224267
1,2025-07-18 13:34:00+00:00,2025-07-18,2025-07-18 20:00:00+00:00,544840,value_area_bounce,-1,16.247142857142535,23146.47,23137.057916666665,23113.29041666667,23150.262083333335,23144.91126535531,23153.03483678388,23136.787693926737,False,False,False,-1359.5878989605876
1,2025-07-18 13:52:00+00:00,2025-07-18,2025-07-18 20:00:00+00:00,544858,value_area_bounce,-1,13.5,23116.85,23142.339583333334,23118.572083333333,23142.339583333334,23137.020817980396,23143.770817980396,23130.270817980396,False,False,False,-1097.7428673495804
1,2025-07-18 16:21:00+00:00,2025-07-18,2025-07-18 20:00:00+00:00,545007,value_area_bounce,1,7.393571428572094,23070.22,23084.620625,23068.52479166667,23094.278124999997,23093.37862991906,23097.075415633346,23089.681844204777,False,False,False,1352.4484702404327
1,2025-07-18 16:22:00+00:00,2025-07-18,2025-07-18 20:00:00+00:00,545008,value_area_bounce,1,8.027857142857622,23076.47,23084.509583333333,23071.215416666666,23094.005416666667,23093.25962445739,23097.27355302882,23089.245695885962,False,False,False,1768.225548326497
1,2025-07-18 18:16:00+00:00,2025-07-18,2025-07-18 20:00:00+00:00,545122,value_area_bounce,1,5.594285714285953,23059.72,23066.266875,23051.996041666665,23069.121041666665,23082.61382973894,23085.410972596084,23079.816686881797,False,False,False,510.75244939427944
1,2025-07-18 19:01:00+00:00,2025-07-18,2025-07-18 20:00:00+00:00,545167,value_area_bounce,1,5.470714285713776,23061.72,23069.795625,23060.074375,23076.739374999997,23081.636158444977,23084.371515587834,23078.90080130212,False,False,False,488.8941972341107
1,2025-07-18 19:24:00+00:00,2025-07-18,2025-07-18 20:00:00+00:00,545190,value_area_bounce,-1,5.09785714285733,23076.22,23069.751041666666,23058.294374999998,23076.911458333336,23081.21197449409,23083.76090306552,23078.66304592266,False,False,False,-439.3491062947887
1,2025-07-18 19:40:00+00:00,2025-07-18,2025-07-18 20:00:00+00:00,545206,value_area_bounce,1,4.427857142857517,23059.22,23059.72645833333,23055.43020833333,23068.318958333333,23080.763418277078,23082.977346848507,23078.54948970565,False,False,False,946.0218995293008
1,2025-07-18 19:58:00+00:00,2025-07-18,2025-07-18 20:00:00+00:00,545224,value_area_bounce,-1,6.007857142857704,23069.97,23068.360625,23055.131458333337,23073.652291666665,23080.42029619706,23083.42422476849,23077.41636762563,False,False,False,-1443.3975855831545
1,2025-07-21 13:52:00+00:00,2025-07-21,2025-07-21 20:00:00+00:00,546223,value_area_bounce,-1,12.311428571429133,23239.04,23239.005624999998,23157.690625,23245.781875,23189.201208639344,23195.356922925057,23183.04549435363,False,False,False,-2191.5008908970085
1,2025-07-21 14:00:00+00:00,2025-07-21,2025-07-21 20:00:00+00:00,546231,opening_range_breakout,1,10.900714285714846,23262.54,23240.847291666665,23154.722291666665,23255.201458333337,23200.215095812036,23205.665452954894,23194.76473866918,False,False,False,1009.3116275590164
1,2025-07-21 17:38:00+00:00,2025-07-21,2025-07-21 20:00:00+00:00,546449,value_area_bounce,-1,3.088571428571803,23275.54,23281.045208333337,23269.628541666665,23281.045208333337,23242.24015331407,23243.784439028354,23240.695867599785,False,False,False,-1167.3382644638618
1,2025-07-21 18:16:00+00:00,2025-07-21,2025-07-21 20:00:00+00:00,546487,value_area_bounce,1,4.275714285714847,23275.67,23275.378541666665,23274.451458333337,23281.868125,23244.50699273674,23246.644849879598,23242.369135593883,False,False,False,896.1340857490657
1,2025-07-21 19:50:00+00:00,2025-07-21,2025-07-21 20:00:00+00:00,546581,value_area_bounce,1,7.975000000000104,23220.29,23230.503541666665,23219.618125,23241.388958333337,23244.016433173998,23248.003933173997,23240.028933174,False,False,False,1986.9898385042193
1,2025-07-22 13:30:00+00:00,2025-07-22,2025-07-22 20:00:00+00:00,547581,value_area_bounce,-1,6.953571428569766,23183.42,23204.435625,23197.518958333334,23204.435625,23193.63,23197.106785714284,23190.153214285718,False,False,False,-4438.324329781767
1,2025-07-22 13:56:00+00:00,2025-07-22,2025-07-22 20:00:00+00:00,547607,value_area_bounce,1,24.397142857141652,23028.42,23159.85208333334,23012.03958333334,23169.706250000003,23099.237111546277,23111.435682974847,23087.038540117708,False,False,False,6563.673826455452
1,2025-07-22 13:59:00+00:00,2025-07-22,2025-07-22 20:00:00+00:00,547610,value_area_bounce,1,25.084285714284174,23006.67,23012.03958333334,22982.47708333334,23159.85208333334,23088.353694651294,23100.895837508437,23075.81155179415,False,False,False,7759.93677478473
1,2025-07-22 14:04:00+00:00,2025-07-22,2025-07-22 20:00:00+00:00,547615,value_area_bounce,1,26.963571428568684,22998.550000000003,23007.913958333338,22977.747708333336,23148.68979166667,23069.996512720812,23083.478298435097,23056.514727006528,False,False,False,5256.518111082236
1,2025-07-22 15:43:00+00:00,2025-07-22,2025-07-22 20:00:00+00:00,547714,value_area_bounce,-1,9.355714285712954,23076.67,23073.321041666662,23071.685625,23086.404375,23065.28490716396,23069.962764306816,23060.607050021106,False,False,False,-44.96761690020651
1,2025-07-22 15:57:00+00:00,2025-07-22,2025-07-22 20:00:00+00:00,547728,value_area_bounce,1,8.697142857143522,23076.17,23073.63270833333,23071.960625,23087.009375,23066.078665414567,23070.427236843138,23061.730093985996,False,False,False,425.9361421935869
1,2025-07-22 17:40:00+00:00,2025-07-22,2025-07-22 20:00:00+00:00,547831,value_area_bounce,-1,6.5092857142860465,23090.42,23066.159583333334,23040.992916666662,23094.472083333334,23066.133537329897,23069.38818018704,23062.878894472753,False,False,False,-932.7602139069934
1,2025-07-22 18:18:00+00:00,2025-07-22,2025-07-22 20:00:00+00:00,547869,value_area_bounce,1,9.339285714285714,23068.17,23082.216875,23056.623125,23093.591875,23066.932265219377,23071.601908076518,23062.262622362236,False,False,False,900.956435797731
1,2025-07-22 18:31:00+00:00,2025-07-22,2025-07-22 20:00:00+00:00,547882,value_area_bounce,1,10.017142857142192,23087.67,23083.17875,23078.293749999997,23090.50625,23067.23229864414,23072.24087007271,23062.22372721557,False,False,False,397.54703565571737
1,2025-07-22 19:25:00+00:00,2025-07-22,2025-07-22 20:00:00+00:00,547936,value_area_bounce,1,5.105714285712955,23103.92,23104.52395833334,23100.065625000003,23108.982291666667,23070.004962639705,23072.55781978256,23067.45210549685,False,False,False,448.2891787608286
1,2025-07-22 19:40:00+00:00,2025-07-22,2025-07-22 20:00:00+00:00,547951,value_area_bounce,-1,5.142857142857143,23111.92,23104.52395833334,23095.607291666667,23112.326041666667,23070.72930282918,23073.300731400606,23068.15787425775,False,False,False,-943.8398268425223
1,2025-07-22 19:41:00+00:00,2025-07-22,2025-07-22 20:00:00+00:00,547952,value_area_bounce,-1,5.286428571429236,23106.92,23104.52395833334,23095.607291666667,23112.326041666667,23070.785336378638,23073.428550664354,23068.142122092922,False,False,False,-1107.4531601746417
1,2025-07-22 19:50:00+00:00,2025-07-22,2025-07-22 20:00:00+00:00,547961,value_area_bounce,1,4.973571428571761,23106.42,23104.52395833334,23101.18020833334,23108.982291666667,23071.220161670455,23073.70694738474,23068.73337595617,False,False,False,1207.581304553748
1,2025-07-22 19:52:00+00:00,2025-07-22,2025-07-22 20:00:00+00:00,547963,value_area_bounce,-1,5.1342857142860465,23103.17,23105.143750000003,23100.893750000003,23107.268750000003,23071.328460314475,23073.89560317162,23068.76131745733,False,False,False,-515.692729415967
1,2025-07-22 19:53:00+00:00,2025-07-22,2025-07-22 20:00:00+00:00,547964,value_area_bounce,-1,5.140000000000457,23102.17,23105.143750000003,23100.893750000003,23107.268750000003,23071.382419381418,23073.952419381418,23068.81241938142,False,False,False,-953.951232921486
1,2025-07-22 19:57:00+00:00,2025-07-22,2025-07-22 20:00:00+00:00,547968,value_area_bounce,1,6.228571428571221,23105.92,23104.579375,23100.413125,23108.745625000003,23071.635539387058,23074.749825101342,23068.521253672774,False,False,False,970.6894204451327
1,2025-07-22 19:59:00+00:00,2025-07-22,2025-07-22 20:00:00+00:00,547970,value_area_bounce,-1,8.291428571428696,23086.67,23103.190625000003,23100.413125,23108.745625000003,23071.904111310898,23076.049825596612,23067.758397025184,False,False,False,-886.9492700802075
1,2025-07-23 13:30:00+00:00,2025-07-23,2025-07-23 20:00:00+00:00,548961,value_area_bounce,-1,9.928571428571429,23092.2,23106.86,23101.5,23115.793333333335,23105.446666666667,23110.410952380953,23100.48238095238,False,False,False,-6480.927047592587
1,2025-07-23 13:48:00+00:00,2025-07-23,2025-07-23 20:00:00+00:00,548979,value_area_bounce,1,17.39785714285686,23075.07,23074.71,23070.09,23107.050000000003,23078.409706354512,23087.108634925942,23069.710777783082,False,False,False,380.31452754115753
1,2025-07-23 13:51:00+00:00,2025-07-23,2025-07-23 20:00:00+00:00,548982,value_area_bounce,1,18.187857142857215,23071.32,23070.09,23070.09,23107.050000000003,23077.125086603122,23086.219015174553,23068.031158031692,False,False,False,3154.1080379373307
1,2025-07-23 13:55:00+00:00,2025-07-23,2025-07-23 20:00:00+00:00,548986,value_area_bounce,1,16.704999999999927,23067.32,23070.09,23065.47,23097.809999999998,23076.22310747494,23084.57560747494,23067.87060747494,False,False,False,2055.3275628753886
1,2025-07-23 16:00:00+00:00,2025-07-23,2025-07-23 20:00:00+00:00,549111,value_area_bounce,-1,17.747142857142794,23114.57,23128.090625,23070.267708333333,23128.090625,23068.967640055605,23077.841211484178,23060.094068627033,False,False,False,-3182.433243524153
1,2025-07-23 17:51:00+00:00,2025-07-23,2025-07-23 20:00:00+00:00,549222,value_area_bounce,-1,8.937857142857215,23102.95,23104.340208333335,23085.796875,23111.293958333335,23078.080679759318,23082.549608330748,23073.611751187887,False,False,False,-3005.669456498543
1,2025-07-23 19:08:00+00:00,2025-07-23,2025-07-23 20:00:00+00:00,549299,value_area_bounce,1,4.882142857142493,23164.57,23165.440625000003,23157.446875,23167.039375,23087.93369090977,23090.37476233834,23085.4926194812,False,False,False,880.2710406595947
1,2025-07-23 19:20:00+00:00,2025-07-23,2025-07-23 20:00:00+00:00,549311,value_area_bounce,1,5.321428571428571,23163.82,23165.189375,23161.711041666666,23168.667708333334,23089.081724437656,23091.74243872337,23086.421010151942,False,False,False,103.38115176063451
1,2025-07-23 19:47:00+00:00,2025-07-23,2025-07-23 20:00:00+00:00,549338,value_area_bounce,1,6.219999999999865,23152.2,23161.929375,23149.273125,23168.960625,23091.251953720537,23094.361953720538,23088.141953720537,False,False,False,1759.4800491626024
1,2025-07-23 19:50:00+00:00,2025-07-23,2025-07-23 20:00:00+00:00,549341,value_area_bounce,1,7.050714285714223,23152.32,23161.929375,23149.273125,23167.554375,23091.58174805822,23095.107105201078,23088.05639091536,False,False,False,1381.562636078127
1,2025-07-23 19:51:00+00:00,2025-07-23,2025-07-23 20:00:00+00:00,549342,value_area_bounce,1,7.327142857142722,23156.32,23161.929375,23149.273125,23166.148125,23091.735999836736,23095.39957126531,23088.072428408163,False,False,False,1072.798682921206
1,2025-07-23 19:52:00+00:00,2025-07-23,2025-07-23 20:00:00+00:00,549343,value_area_bounce,1,7.960714285714078,23163.7,23161.929375,23149.273125,23166.148125,23091.939681285392,23095.92003842825,23087.959324142535,False,False,False,1985.3214101939334
1,2025-07-24 13:31:00+00:00,2025-07-24,2025-07-24 20:00:00+00:00,550342,value_area_bounce,-1,10.914999999999575,23228.16,23253.337291666663,23223.441458333335,23253.337291666663,23246.12918198123,23251.58668198123,23240.671681981228,False,False,False,-8.376328908098913
1,2025-07-24 13:32:00+00:00,2025-07-24,2025-07-24 20:00:00+00:00,550343,value_area_bounce,1,12.236428571428146,23228.53,23253.337291666663,23226.431041666663,23253.337291666663,23239.575892973175,23245.69410725889,23233.45767868746,False,False,False,1447.9833780518252
1,2025-07-24 13:35:00+00:00,2025-07-24,2025-07-24 20:00:00+00:00,550346,value_area_bounce,-1,14.664999999999575,23228.78,23226.431041666663,23214.472708333335,23238.389375,23236.541496779366,23243.873996779366,23229.208996779365,False,False,False,-6713.067237968357
1,2025-07-24 14:05:00+00:00,2025-07-24,2025-07-24 20:00:00+00:00,550376,value_area_bounce,1,12.509285714285786,23221.03,23225.81125,23214.727916666663,23236.894583333335,23232.162323548215,23238.41696640536,23225.90768069107,False,False,False,1620.4108180764956
1,2025-07-24 16:00:00+00:00,2025-07-24,2025-07-24 20:00:00+00:00,550491,value_area_bounce,-1,6.803571428571429,23249.03,23252.050208333334,23244.142708333333,23258.639791666665,23228.878404305295,23232.28019001958,23225.47661859101,False,False,False,-1854.575871967082
1,2025-07-24 16:17:00+00:00,2025-07-24,2025-07-24 20:00:00+00:00,550508,value_area_bounce,1,8.16928571428564,23235.53,23245.571458333332,23231.241875,23253.759791666664,23229.18217694563,23233.26681980277,23225.097534088487,False,False,False,2495.503618421767
1,2025-07-24 18:01:00+00:00,2025-07-24,2025-07-24 20:00:00+00:00,550612,value_area_bounce,1,4.757857142856925,23262.16,23267.785,23257.285,23274.785,23233.535753774686,23235.914682346116,23231.156825203256,False,False,False,990.7219608550328
1,2025-07-24 18:48:00+00:00,2025-07-24,2025-07-24 20:00:00+00:00,550659,value_area_bounce,1,6.920714285713724,23267.53,23283.983125,23267.389375,23289.514375,23237.33508165996,23240.795438802816,23233.874724517103,False,False,False,1151.0267513225654
1,2025-07-24 18:55:00+00:00,2025-07-24,2025-07-24 20:00:00+00:00,550666,value_area_bounce,1,7.599999999999584,23268.28,23283.983125,23267.389375,23289.514375,23237.71687399164,23241.51687399164,23233.916873991642,False,False,False,1303.309110360095
1,2025-07-24 18:56:00+00:00,2025-07-24,2025-07-24 20:00:00+00:00,550667,value_area_bounce,1,7.814285714285298,23273.28,23283.983125,23267.389375,23289.514375,23237.782836626455,23241.6899794836,23233.87569376931,False,False,False,1225.2190540751226
1,2025-07-24 19:00:00+00:00,2025-07-24,2025-07-24 20:00:00+00:00,550671,value_area_bounce,1,5.612142857142577,23274.03,23283.983125,23267.389375,23289.514375,23238.011115252524,23240.817186681095,23235.205043823953,False,False,False,661.0781108695171
1,2025-07-24 19:26:00+00:00,2025-07-24,2025-07-24 20:00:00+00:00,550697,value_area_bounce,-1,5.243571428571158,23281.03,23271.925833333335,23264.279166666667,23283.395833333332,23239.63039597297,23242.252181687254,23237.008610258687,False,False,False,-1073.7333195154242
1,2025-07-25 13:31:00+00:00,2025-07-25,2025-07-25 20:00:00+00:00,551722,value_area_bounce,-1,7.442857142856935,23227.26,23226.866250000003,23216.78041666667,23239.83375,23228.798737789377,23232.520166360806,23225.077309217948,False,False,False,-1803.9711675639853
1,2025-07-25 13:32:00+00:00,2025-07-25,2025-07-25 20:00:00+00:00,551723,value_area_bounce,-1,8.13071428571441,23230.01,23231.311875,23216.723125000004,23239.269375000003,23229.681891298187,23233.747248441043,23225.61653415533,False,False,False,-3686.8515860999755
1,2025-07-25 13:34:00+00:00,2025-07-25,2025-07-25 20:00:00+00:00,551725,value_area_bounce,-1,9.050714285714744,23237.51,23231.311875,23229.985625,23240.595625,23232.071425551196,23236.596782694054,23227.546068408337,False,False,False,-2375.655500903609
1,2025-07-25 13:36:00+00:00,2025-07-25,2025-07-25 20:00:00+00:00,551727,value_area_bounce,-1,10.879999999999459,23235.01,23231.24125,23216.78291666667,23239.916250000002,23234.35474341657,23239.79474341657,23228.91474341657,False,False,False,-1530.6420941658462
1,2025-07-25 13:43:00+00:00,2025-07-25,2025-07-25 20:00:00+00:00,551734,value_area_bounce,1,15.555714285714203,23235.51,23230.145,23226.218333333334,23243.888333333332,23229.487339860007,23237.265197002864,23221.70948271715,False,False,False,2091.1145045354087
1,2025-07-25 13:44:00+00:00,2025-07-25,2025-07-25 20:00:00+00:00,551735,value_area_bounce,1,14.960714285714078,23234.01,23230.145,23226.218333333334,23243.888333333332,23229.625371933314,23237.10572907617,23222.145014790458,False,False,False,541.2190801991275
1,2025-07-25 14:34:00+00:00,2025-07-25,2025-07-25 20:00:00+00:00,551785,value_area_bounce,-1,8.71714285714344,23273.51,23272.16604166667,23264.44729166667,23279.88479166667,23253.665422327776,23258.02399375635,23249.306850899204,False,False,False,-2470.2074296303254
1,2025-07-25 15:36:00+00:00,2025-07-25,2025-07-25 20:00:00+00:00,551847,value_area_bounce,-1,6.247857142855147,23279.51,23272.335,23267.684999999998,23283.184999999998,23261.981181763585,23265.105110335015,23258.857253192156,False,False,False,-1697.5537815249522
1,2025-07-25 17:13:00+00:00,2025-07-25,2025-07-25 20:00:00+00:00,551944,value_area_bounce,1,4.223571428571761,23319.51,23317.867291666666,23314.981458333332,23333.739375,23275.890720363248,23278.002506077533,23273.778934648963,False,False,False,711.3078486439078
1,2025-07-25 17:24:00+00:00,2025-07-25,2025-07-25 20:00:00+00:00,551955,value_area_bounce,1,4.75,23319.26,23317.901041666668,23313.79229166667,23330.227291666666,23276.914624949113,23279.289624949113,23274.539624949113,False,False,False,1555.1460749198525
1,2025-07-25 18:08:00+00:00,2025-07-25,2025-07-25 20:00:00+00:00,551999,value_area_bounce,1,5.859285714285631,23308.26,23310.434999999998,23307.285000000003,23319.885000000002,23280.50670890478,23283.436351761924,23277.577066047637,False,False,False,341.6547378542645
1,2025-07-25 18:10:00+00:00,2025-07-25,2025-07-25 20:00:00+00:00,552001,value_area_bounce,1,5.554999999999252,23311.76,23319.445416666666,23310.49125,23322.00375,23280.634376410904,23283.411876410904,23277.856876410904,False,False,False,1395.6296296287592
1,2025-07-25 19:10:00+00:00,2025-07-25,2025-07-25 20:00:00+00:00,552061,value_area_bounce,1,4.490000000000042,23321.51,23327.55916666667,23320.5325,23330.194166666668,23284.911003787347,23287.156003787346,23282.666003787348,False,False,False,898.7084440983822
1,2025-07-25 19:46:00+00:00,2025-07-25,2025-07-25 20:00:00+00:00,552097,value_area_bounce,1,4.28214285714265,23315.01,23320.097916666666,23314.942916666667,23324.39375,23286.80137171857,23288.94244314714,23284.66030029,False,False,False,144.17894371550733
1,2025-07-25 19:50:00+00:00,2025-07-25,2025-07-25 20:00:00+00:00,552101,value_area_bounce,1,4.822857142856394,23308.640000000003,23314.08375,23308.069583333338,23320.097916666666,23287.02982815225,23289.441256723676,23284.61839958082,False,False,False,1226.6912259134174
1,2025-07-25 19:53:00+00:00,2025-07-25,2025-07-25 20:00:00+00:00,552104,value_area_bounce,1,5.802857142857517,23301.01,23314.754166666666,23294.850833333338,23320.440833333334,23287.15169137293,23290.053119944358,23284.2502628015,False,False,False,188.4157788857965
1,2025-07-28 13:30:00+00:00,2025-07-28,2025-07-28 20:00:00+00:00,553086,value_area_bounce,1,7.7407142857139535,23368.730000000003,23355.261458333334,23348.480208333334,23375.605208333334,23363.353333333333,23367.22369047619,23359.482976190477,False,False,False,3757.6610281717412
1,2025-07-28 13:33:00+00:00,2025-07-28,2025-07-28 20:00:00+00:00,553089,value_area_bounce,1,11.338571428570763,23368.1,23363.189375,23353.877708333333,23363.189375,23362.182889282518,23367.852174996802,23356.513603568234,False,False,False,3010.138485676171
1,2025-07-28 13:41:00+00:00,2025-07-28,2025-07-28 20:00:00+00:00,553097,value_area_bounce,1,15.079999999999668,23370.1,23363.189375,23353.877708333333,23370.173125,23367.473247942246,23375.013247942246,23359.933247942245,False,False,False,1510.616657108244
1,2025-07-28 17:03:00+00:00,2025-07-28,2025-07-28 20:00:00+00:00,553299,value_area_bounce,1,6.098571428571761,23357.35,23366.730000000003,23356.730000000003,23370.06333333334,23373.833372061745,23376.88265777603,23370.78408634746,False,False,False,22.17599581136085
1,2025-07-28 17:04:00+00:00,2025-07-28,2025-07-28 20:00:00+00:00,553300,value_area_bounce,1,6.161428571429236,23358.6,23366.730000000003,23355.06333333334,23370.06333333334,23373.78710766946,23376.867821955177,23370.706393383745,False,False,False,611.7305729826985
1,2025-07-28 17:30:00+00:00,2025-07-28,2025-07-28 20:00:00+00:00,553326,value_area_bounce,1,7.233571428572759,23355.1,23360.59458333334,23352.573750000003,23368.615416666667,23372.14924473727,23375.766030451556,23368.532459022983,False,False,False,1198.0412493915524
1,2025-07-28 17:31:00+00:00,2025-07-28,2025-07-28 20:00:00+00:00,553327,value_area_bounce,1,7.170714285715284,23358.6,23360.59458333334,23352.573750000003,23367.011250000003,23372.102437651814,23375.68779479467,23368.51708050896,False,False,False,1122.7283378304583
1,2025-07-28 17:49:00+00:00,2025-07-28,2025-07-28 20:00:00+00:00,553345,value_area_bounce,-1,4.482857142857808,23355.35,23364.447083333333,23351.839583333334,23364.447083333333,23371.771064868855,23374.012493440285,23369.529636297426,False,False,False,-570.3531119334314
1,2025-07-28 19:10:00+00:00,2025-07-28,2025-07-28 20:00:00+00:00,553426,value_area_bounce,1,4.607142857142857,23336.35,23336.802499999998,23335.807500000003,23343.7675,23366.817974420665,23369.121545849237,23364.514402992092,False,False,False,914.6512698419864
1,2025-07-28 19:13:00+00:00,2025-07-28,2025-07-28 20:00:00+00:00,553429,value_area_bounce,1,4.90214285714319,23340.35,23335.807500000003,23335.807500000003,23343.7675,23366.672405083496,23369.123476512068,23364.221333654925,False,False,False,317.0914475100547
1,2025-07-28 19:17:00+00:00,2025-07-28,2025-07-28 20:00:00+00:00,553433,value_area_bounce,1,5.1157142857139535,23338.1,23336.802499999998,23335.807500000003,23343.7675,23366.46139808446,23369.019255227315,23363.903540941603,False,False,False,264.3738265276156
1,2025-07-28 19:30:00+00:00,2025-07-28,2025-07-28 20:00:00+00:00,553446,value_area_bounce,-1,3.9635714285707633,23341.85,23336.551874999997,23335.713125000002,23342.423125,23365.937082115568,23367.918867829852,23363.955296401284,False,False,False,-29.024788877423873
1,2025-07-28 19:31:00+00:00,2025-07-28,2025-07-28 20:00:00+00:00,553447,value_area_bounce,-1,3.8035714285714284,23341.1,23336.551874999997,23335.713125000002,23342.423125,23365.893114763214,23367.7949004775,23363.991329048928,False,False,False,-163.47324248614842
1,2025-07-29 13:42:00+00:00,2025-07-29,2025-07-29 20:00:00+00:00,554478,value_area_bounce,-1,13.356428571428946,23511.230000000003,23493.693541666667,23457.14145833334,23516.95395833334,23511.25200601658,23517.930220302296,23504.573791730865,False,False,False,-4791.224940856407
1,2025-07-29 13:43:00+00:00,2025-07-29,2025-07-29 20:00:00+00:00,554479,value_area_bounce,-1,14.01714285714323,23502.980000000003,23493.693541666667,23457.14145833334,23516.95395833334,23511.03051204796,23518.03908347653,23504.02194061939,False,False,False,-7057.875859583583
1,2025-07-29 14:30:00+00:00,2025-07-29,2025-07-29 20:00:00+00:00,554526,value_area_bounce,1,10.767857142857142,23448.730000000003,23447.21041666667,23442.60125,23474.865416666667,23475.51592826385,23480.899856835276,23470.13199969242,False,False,False,3894.8419534077257
1,2025-07-29 15:20:00+00:00,2025-07-29,2025-07-29 20:00:00+00:00,554576,value_area_bounce,1,10.187857142856956,23389.61,23408.813125,23377.594375,23440.031875,23454.665624650403,23459.759553221833,23449.571696078972,False,False,False,1600.4907230534607
1,2025-07-29 15:23:00+00:00,2025-07-29,2025-07-29 20:00:00+00:00,554579,value_area_bounce,1,11.40214285714267,23379.730000000003,23408.36,23376.86,23432.86,23452.762844095803,23458.463915524375,23447.06177266723,False,False,False,161.6253785195522
1,2025-07-29 17:28:00+00:00,2025-07-29,2025-07-29 20:00:00+00:00,554704,value_area_bounce,-1,6.492142857142296,23390.230000000003,23391.948750000003,23365.511250000003,23400.761250000003,23417.4272605735,23420.67333200207,23414.18118914493,False,False,False,-554.6122237588197
1,2025-07-29 17:55:00+00:00,2025-07-29,2025-07-29 20:00:00+00:00,554731,value_area_bounce,1,9.134999999999438,23375.11,23391.42270833334,23361.29770833334,23398.95395833334,23413.878140419525,23418.445640419526,23409.310640419524,False,False,False,2009.7372547057391
1,2025-07-29 18:42:00+00:00,2025-07-29,2025-07-29 20:00:00+00:00,554778,value_area_bounce,-1,5.98357142857068,23375.86,23373.522083333337,23366.95875,23381.72625,23410.74338124811,23413.735166962397,23407.751595533824,False,False,False,-140.9122364027769
1,2025-07-29 19:44:00+00:00,2025-07-29,2025-07-29 20:00:00+00:00,554840,value_area_bounce,1,9.60785714285677,23332.230000000003,23362.219375,23330.344375,23367.531875,23404.212349376317,23409.016277947747,23399.408420804888,False,False,False,982.7823143425129
1,2025-07-29 19:45:00+00:00,2025-07-29,2025-07-29 20:00:00+00:00,554841,value_area_bounce,1,9.714999999999625,23337.730000000003,23362.219375,23330.344375,23367.531875,23404.039774645455,23408.897274645453,23399.182274645456,False,False,False,814.8868304723525
1,2025-07-29 19:59:00+00:00,2025-07-29,2025-07-29 20:00:00+00:00,554855,value_area_bounce,1,9.080714285714098,23339.61,23319.28854166667,23319.28854166667,23347.645625000005,23400.92908205136,23405.469439194218,23396.388724908502,False,False,False,1441.067063079282
1,2025-07-30 13:42:00+00:00,2025-07-30,2025-07-30 20:00:00+00:00,555858,value_area_bounce,-1,17.687857142857215,23371.61,23385.130625,23360.443125,23387.599375,23369.927287360864,23378.771215932295,23361.083358789434,False,False,False,-1778.5784923468952
1,2025-07-30 13:49:00+00:00,2025-07-30,2025-07-30 20:00:00+00:00,555865,value_area_bounce,-1,15.827142857142983,23376.36,23385.75041666667,23360.58375,23385.75041666667,23374.476022575585,23382.38959400416,23366.562451147012,False,False,False,-1294.8854386725561
1,2025-07-30 13:52:00+00:00,2025-07-30,2025-07-30 20:00:00+00:00,555868,value_area_bounce,1,14.79928571428562,23372.61,23385.75041666667,23360.58375,23385.75041666667,23374.125483817483,23381.525126674627,23366.72584096034,False,False,False,924.1205329915254
1,2025-07-30 14:01:00+00:00,2025-07-30,2025-07-30 20:00:00+00:00,555877,value_area_bounce,1,12.247857142856706,23365.86,23385.75041666667,23360.58375,23385.75041666667,23372.926402272173,23379.050330843602,23366.802473700744,False,False,False,1228.213420448465
1,2025-07-30 15:01:00+00:00,2025-07-30,2025-07-30 20:00:00+00:00,555937,value_area_bounce,-1,8.322857142857433,23402.99,23401.28166666667,23376.615,23410.53166666667,23381.55722625462,23385.718654826047,23377.39579768319,False,False,False,-2446.886294688998
1,2025-07-30 16:30:00+00:00,2025-07-30,2025-07-30 20:00:00+00:00,556026,value_area_bounce,-1,5.928571428571429,23420.61,23409.755833333336,23387.630833333336,23424.505833333336,23384.98558052518,23387.949866239465,23382.021294810893,False,False,False,-571.6453738269629
1,2025-07-30 17:06:00+00:00,2025-07-30,2025-07-30 20:00:00+00:00,556062,value_area_bounce,-1,4.867857142857507,23419.86,23425.629583333335,23414.12125,23425.629583333335,23387.702790494663,23390.136719066093,23385.268861923232,False,False,False,-371.11765027648767
1,2025-07-30 17:27:00+00:00,2025-07-30,2025-07-30 20:00:00+00:00,556083,value_area_bounce,1,4.1599999999998545,23414.36,23418.78166666667,23414.198333333334,23422.448333333334,23388.91770471132,23390.99770471132,23386.837704711317,False,False,False,201.69988402496523
1,2025-07-30 17:52:00+00:00,2025-07-30,2025-07-30 20:00:00+00:00,556108,value_area_bounce,1,5.045000000000073,23416.61,23418.322500000002,23413.675833333335,23426.454166666666,23390.65890653464,23393.18140653464,23388.136406534642,False,False,False,380.14897572919267
1,2025-07-30 18:01:00+00:00,2025-07-30,2025-07-30 20:00:00+00:00,556117,value_area_bounce,-1,7.979285714285912,23415.24,23419.156875,23413.281875,23430.906875,23391.42639052983,23395.416033386973,23387.436747672684,False,False,False,-1034.9970937993592
1,2025-07-30 18:03:00+00:00,2025-07-30,2025-07-30 20:00:00+00:00,556119,value_area_bounce,1,9.895000000000177,23419.24,23422.243333333332,23412.41,23428.143333333333,23391.781541704444,23396.729041704442,23386.834041704446,False,False,False,1438.0730416903739
1,2025-07-30 18:05:00+00:00,2025-07-30,2025-07-30 20:00:00+00:00,556121,value_area_bounce,-1,10.66285714285732,23419.49,23422.243333333332,23412.41,23428.143333333333,23392.184333598514,23397.515762169944,23386.852905027084,False,False,False,-489.541662073908
1,2025-07-30 18:13:00+00:00,2025-07-30,2025-07-30 20:00:00+00:00,556129,value_area_bounce,-1,13.090714285714316,23430.61,23428.143333333333,23418.31,23436.010000000002,23393.566125896436,23400.111483039294,23387.020768753577,False,False,False,-448.16075583397134
1,2025-07-30 18:37:00+00:00,2025-07-30,2025-07-30 20:00:00+00:00,556153,value_area_bounce,-1,14.800000000000052,23439.61,23422.06,23409.046666666665,23441.58,23399.0523690197,23406.452369019702,23391.6523690197,False,False,False,-2846.514545513146
1,2025-07-30 18:42:00+00:00,2025-07-30,2025-07-30 20:00:00+00:00,556158,value_area_bounce,1,20.600000000000104,23427.11,23428.566666666666,23409.046666666665,23441.58,23400.6335671182,23410.933567118198,23390.3335671182,False,False,False,1103.5409734911063
1,2025-07-31 13:41:00+00:00,2025-07-31,2025-07-31 20:00:00+00:00,557237,value_area_bounce,1,23.017857142857142,23543.41,23544.3975,23530.4075,23600.3575,23558.232730657175,23569.741659228603,23546.723802085748,False,False,False,5386.419050822088
1,2025-07-31 13:59:00+00:00,2025-07-31,2025-07-31 20:00:00+00:00,557255,value_area_bounce,-1,17.696428571428573,23558.41,23540.210625,23516.319375,23564.101875,23551.115288871028,23559.96350315674,23542.267074585314,False,False,False,-1500.4738895784926
1,2025-07-31 17:10:00+00:00,2025-07-31,2025-07-31 20:00:00+00:00,557446,value_area_bounce,1,9.302857142856997,23438.91,23433.84,23430.72,23483.760000000002,23498.248607517282,23502.90003608871,23493.597178945853,False,False,False,421.81779616176044
1,2025-07-31 18:20:00+00:00,2025-07-31,2025-07-31 20:00:00+00:00,557516,value_area_bounce,1,21.753571428570858,23258.04,23259.993125,23244.180625,23339.055625,23445.859340294104,23456.73612600839,23434.98255457982,False,False,False,5785.663472183354
1,2025-08-01 13:32:00+00:00,2025-08-01,2025-08-01 20:00:00+00:00,558608,value_area_bounce,-1,22.354999999999563,22924.52,22944.830833333337,22944.830833333337,22977.300833333335,22949.00593174351,22960.183431743513,22937.82843174351,False,False,False,-6455.687686423498
1,2025-08-01 13:53:00+00:00,2025-08-01,2025-08-01 20:00:00+00:00,558629,value_area_bounce,1,27.106428571428946,22759.77,22798.2675,22759.0875,22935.3975,22861.129892351702,22874.683106637418,22847.576678065987,False,False,False,1594.9848927515368
1,2025-08-01 13:54:00+00:00,2025-08-01,2025-08-01 20:00:00+00:00,558630,value_area_bounce,1,27.28428571428646,22770.390000000003,22901.243958333333,22752.962708333333,22940.785625,22858.312083249195,22871.95422610634,22844.66994039205,False,False,False,9933.714397600415
1,2025-08-01 14:00:00+00:00,2025-08-01,2025-08-01 20:00:00+00:00,558636,opening_range_breakout,-1,27.692857142857456,22717.27,22901.243958333333,22762.848125,22921.01479166667,22846.550659169206,22860.397087740635,22832.704230597777,False,False,False,-6803.075700421608
1,2025-08-01 14:22:00+00:00,2025-08-01,2025-08-01 20:00:00+00:00,558658,value_area_bounce,-1,25.162142857142108,22818.52,22789.853333333333,22718.853333333333,22837.18666666667,22821.543276126908,22834.12434755548,22808.962204698335,False,False,False,-12330.935479216958
1,2025-08-01 14:43:00+00:00,2025-08-01,2025-08-01 20:00:00+00:00,558679,value_area_bounce,-1,21.351428571430006,22851.52,22749.698333333334,22693.918333333335,22861.258333333335,22834.372251827266,22845.04796611298,22823.696537541553,False,False,False,-11324.94532756559
1,2025-08-01 18:00:00+00:00,2025-08-01,2025-08-01 20:00:00+00:00,558876,value_area_bounce,1,13.88071428571441,22738.140000000003,22757.588541666668,22736.711875,22760.198125000003,22828.16500381507,22835.105360957925,22821.224646672214,False,False,False,940.9507808743213
1,2025-08-01 18:22:00+00:00,2025-08-01,2025-08-01 20:00:00+00:00,558898,value_area_bounce,1,16.85285714285783,22727.390000000003,22726.755624999998,22715.074375000004,22757.905625,22822.13176181255,22830.558190383977,22813.705333241123,False,False,False,2234.0515977287787
1,2025-08-01 18:50:00+00:00,2025-08-01,2025-08-01 20:00:00+00:00,558926,value_area_bounce,-1,12.389999999999938,22779.890000000003,22717.03583333333,22677.485833333332,22796.135833333334,22820.58582326451,22826.78082326451,22814.39082326451,False,False,False,-5018.085385165737
1,2025-08-01 19:13:00+00:00,2025-08-01,2025-08-01 20:00:00+00:00,558949,value_area_bounce,1,14.349285714285154,22769.140000000003,22764.57229166667,22750.54104166667,22797.311875000003,22817.391483140873,22824.566125998015,22810.21684028373,False,False,False,2676.989681704872
1,2025-08-01 19:30:00+00:00,2025-08-01,2025-08-01 20:00:00+00:00,558966,value_area_bounce,1,16.286428571428196,22764.27,22763.66604166667,22747.957708333335,22771.520208333335,22815.726156898265,22823.86937118398,22807.58294261255,False,False,False,6608.480009776766
1,2025-08-01 19:53:00+00:00,2025-08-01,2025-08-01 20:00:00+00:00,558989,value_area_bounce,-1,17.955714285714098,22761.890000000003,22764.640000000003,22760.140000000003,22787.140000000003,22814.209972577726,22823.187829720584,22805.23211543487,False,False,False,-11491.48474224155
1,2025-08-01 19:59:00+00:00,2025-08-01,2025-08-01 20:00:00+00:00,558995,value_area_bounce,-1,21.721428571429506,22770.390000000003,22764.640000000003,22764.640000000003,22791.640000000003,22813.64219496111,22824.502909246825,22802.781480675396,False,False,False,-798.9673962858874
1,2025-08-04 13:32:00+00:00,2025-08-04,2025-08-04 20:00:00+00:00,559973,value_area_bounce,-1,9.268571428571574,23006.79,23007.47625,22980.60875,23007.47625,23007.569164612305,23012.20345032659,23002.93487889802,False,False,False,-615.3168947239155
1,2025-08-04 15:02:00+00:00,2025-08-04,2025-08-04 20:00:00+00:00,560063,value_area_bounce,1,16.509285714285788,23117.29,23143.368333333332,23115.618333333332,23158.785,23105.218082157833,23113.472725014977,23096.96343930069,False,False,False,2747.868421568217
1,2025-08-04 15:07:00+00:00,2025-08-04,2025-08-04 20:00:00+00:00,560068,value_area_bounce,1,12.829285714285495,23107.16,23115.264166666668,23103.0975,23148.7225,23105.51868108937,23111.933323946512,23099.104038232224,False,False,False,719.1719182824947
1,2025-08-04 17:38:00+00:00,2025-08-04,2025-08-04 20:00:00+00:00,560219,value_area_bounce,1,4.8314285714287895,23178.16,23180.186875,23174.904375000002,23183.708541666667,23119.19048192621,23121.606196211924,23116.774767640494,False,False,False,95.10229248704229
1,2025-08-04 17:53:00+00:00,2025-08-04,2025-08-04 20:00:00+00:00,560234,value_area_bounce,1,8.687857142857215,23172.41,23180.409791666665,23167.649375,23184.055625,23120.692569417195,23125.036497988625,23116.348640845765,False,False,False,1286.590164745439
1,2025-08-04 18:00:00+00:00,2025-08-04,2025-08-04 20:00:00+00:00,560241,value_area_bounce,1,8.786428571428717,23175.66,23180.409791666665,23167.649375,23184.055625,23121.262198929617,23125.655413215332,23116.8689846439,False,False,False,1272.881474778683
1,2025-08-04 18:40:00+00:00,2025-08-04,2025-08-04 20:00:00+00:00,560281,value_area_bounce,-1,5.615714285714213,23164.66,23167.15375,23163.85625,23172.649583333332,23124.477820747252,23127.285677890108,23121.669963604396,False,False,False,-466.5442428628096
1,2025-08-04 19:00:00+00:00,2025-08-04,2025-08-04 20:00:00+00:00,560301,value_area_bounce,1,5.251428571428862,23169.16,23161.590625,23160.606041666666,23168.482708333333,23125.60020928449,23128.225923570204,23122.974494998776,False,False,False,825.454468368377
1,2025-08-04 19:03:00+00:00,2025-08-04,2025-08-04 20:00:00+00:00,560304,value_area_bounce,1,5.3942857142860055,23163.66,23161.9725,23160.2225,23168.0975,23125.79586157018,23128.49300442732,23123.098718713038,False,False,False,907.8852336244988
1,2025-08-04 19:06:00+00:00,2025-08-04,2025-08-04 20:00:00+00:00,560307,value_area_bounce,1,5.393571428571574,23162.66,23161.201666666668,23161.201666666668,23168.535,23125.964728127372,23128.661513841656,23123.267942413087,False,False,False,214.6006204693942
1,2025-08-04 19:07:00+00:00,2025-08-04,2025-08-04 20:00:00+00:00,560308,value_area_bounce,1,5.5271428571429295,23165.41,23161.201666666668,23161.201666666668,23168.535,23126.02813186038,23128.791703288953,23123.26456043181,False,False,False,1063.0067340067121
1,2025-08-04 19:27:00+00:00,2025-08-04,2025-08-04 20:00:00+00:00,560328,value_area_bounce,-1,6.616428571428644,23170.41,23160.782916666667,23158.93375,23175.576250000002,23127.825696071897,23131.13391035761,23124.517481786184,False,False,False,-1309.7724369963287
1,2025-08-04 19:37:00+00:00,2025-08-04,2025-08-04 20:00:00+00:00,560338,value_area_bounce,1,5.410714285714286,23159.41,23161.564375,23155.860625,23174.873125,23128.411597615097,23131.116954757956,23125.70624047224,False,False,False,453.10062190980227
1,2025-08-04 19:44:00+00:00,2025-08-04,2025-08-04 20:00:00+00:00,560345,value_area_bounce,-1,5.446428571428571,23170.41,23161.564375,23155.860625,23176.774375,23128.886869942762,23131.610084228476,23126.16365565705,False,False,False,-323.222159221684
1,2025-08-05 14:02:00+00:00,2025-08-05,2025-08-05 20:00:00+00:00,561383,value_area_bounce,1,17.186428571428355,23253.79,23253.925625,23230.518125000002,23292.938125,23250.010057853007,23258.60327213872,23241.416843567295,False,False,False,949.0491943497466
1,2025-08-05 14:09:00+00:00,2025-08-05,2025-08-05 20:00:00+00:00,561390,value_area_bounce,1,19.633571428571354,23238.41,23253.925625,23230.518125000002,23292.938125,23247.426926431774,23257.24371214606,23237.610140717487,False,False,False,1660.716272509303
1,2025-08-05 16:30:00+00:00,2025-08-05,2025-08-05 20:00:00+00:00,561531,value_area_bounce,-1,11.045000000000073,23101.66,23098.44125,23049.69125,23110.62875,23140.486013013866,23146.008513013865,23134.963513013867,False,False,False,-2264.2471963669004
1,2025-08-05 17:04:00+00:00,2025-08-05,2025-08-05 20:00:00+00:00,561565,value_area_bounce,1,12.052857142856997,23080.04,23095.665833333333,23066.3725,23106.650833333333,23134.963229096535,23140.989657667964,23128.936800525105,False,False,False,3623.6281399148625
1,2025-08-05 18:10:00+00:00,2025-08-05,2025-08-05 20:00:00+00:00,561631,value_area_bounce,-1,9.582142857143221,23128.16,23119.998541666668,23084.873541666668,23137.561041666668,23132.85871965991,23137.649791088483,23128.06764823134,False,False,False,-1231.4425706697536
1,2025-08-05 18:44:00+00:00,2025-08-05,2025-08-05 20:00:00+00:00,561665,value_area_bounce,1,12.340714285713798,23064.41,23065.644375,23057.456875,23110.675625,23129.39722684505,23135.567583987904,23123.226869702194,False,False,False,527.8774062936775
1,2025-08-05 18:48:00+00:00,2025-08-05,2025-08-05 20:00:00+00:00,561669,value_area_bounce,1,12.054999999999511,23046.41,23068.775833333333,23045.834166666667,23105.482500000002,23128.445346900313,23134.472846900313,23122.417846900313,False,False,False,1357.8772973081707
1,2025-08-05 19:50:00+00:00,2025-08-05,2025-08-05 20:00:00+00:00,561731,value_area_bounce,1,9.676428571428655,23057.41,23054.050625,23046.175625,23059.956875,23120.510085055943,23125.34829934166,23115.671870770228,False,False,False,1417.7163710164973
1,2025-08-06 13:31:00+00:00,2025-08-06,2025-08-06 20:00:00+00:00,562732,value_area_bounce,1,10.437142857143044,23105.01,23073.292083333334,23073.292083333334,23083.197083333333,23084.407496127213,23089.626067555786,23079.18892469864,False,False,False,3368.6613492316646
1,2025-08-06 13:36:00+00:00,2025-08-06,2025-08-06 20:00:00+00:00,562737,value_area_bounce,-1,18.937857142856956,23070.01,23073.088125,23060.79645833333,23109.963125,23099.54943223927,23109.018360810696,23090.080503667843,False,False,False,-7715.881683693784
1,2025-08-06 13:43:00+00:00,2025-08-06,2025-08-06 20:00:00+00:00,562744,value_area_bounce,1,25.089999999999627,23085.63,23111.614166666666,23075.40583333333,23118.1975,23087.69562674145,23100.240626741448,23075.15062674145,False,False,False,1202.1010654050601
1,2025-08-06 13:59:00+00:00,2025-08-06,2025-08-06 20:00:00+00:00,562760,value_area_bounce,-1,25.91857142857199,23106.01,23135.685416666667,23083.89125,23135.685416666667,23101.756796271788,23114.716081986073,23088.797510557502,False,False,False,-3037.245927882426
1,2025-08-06 14:01:00+00:00,2025-08-06,2025-08-06 20:00:00+00:00,562762,value_area_bounce,-1,26.427142857143604,23130.26,23119.74875,23083.89125,23135.685416666667,23103.43896491992,23116.65253634849,23090.225393491346,False,False,False,-1799.2050316987552
1,2025-08-06 16:34:00+00:00,2025-08-06,2025-08-06 20:00:00+00:00,562915,value_area_bounce,1,9.151428571428758,23267.88,23275.084166666667,23267.849166666667,23284.73083333333,23154.374042623116,23158.94975690883,23149.7983283374,False,False,False,200.33661157824702
1,2025-08-06 16:35:00+00:00,2025-08-06,2025-08-06 20:00:00+00:00,562916,value_area_bounce,1,8.856428571428946,23277.13,23276.506041666667,23265.541458333333,23283.084791666664,23154.664098606056,23159.09231289177,23150.23588432034,False,False,False,1821.0546838674816
1,2025-08-06 16:48:00+00:00,2025-08-06,2025-08-06 20:00:00+00:00,562929,value_area_bounce,1,12.106428571428946,23272.88,23273.723749999997,23266.49375,23284.56875,23158.94787160536,23165.001085891075,23152.894657319644,False,False,False,485.3112063598787
1,2025-08-06 18:59:00+00:00,2025-08-06,2025-08-06 20:00:00+00:00,563060,value_area_bounce,1,6.560714285715221,23320.88,23331.300416666665,23319.744583333333,23334.602083333335,23182.127808296842,23185.4081654397,23178.847451153983,False,False,False,491.5934224774488
1,2025-08-06 19:00:00+00:00,2025-08-06,2025-08-06 20:00:00+00:00,563061,value_area_bounce,1,6.4185714285719895,23322.76,23331.300416666665,23319.744583333333,23334.602083333335,23182.322963656254,23185.53224937054,23179.11367794197,False,False,False,651.206544146756
1,2025-08-06 19:02:00+00:00,2025-08-06,2025-08-06 20:00:00+00:00,563063,value_area_bounce,-1,6.5800000000001875,23328.88,23331.239375,23321.395625,23334.051875,23182.694522932743,23185.984522932744,23179.404522932742,False,False,False,-7.634194561699928
1,2025-08-06 19:05:00+00:00,2025-08-06,2025-08-06 20:00:00+00:00,563066,value_area_bounce,-1,6.802857142857517,23325.13,23330.655,23321.57833333333,23334.545,23183.243054670955,23186.644483242384,23179.841626099525,False,False,False,-548.686209400895
1,2025-08-06 19:16:00+00:00,2025-08-06,2025-08-06 20:00:00+00:00,563077,value_area_bounce,1,5.582142857141922,23328.13,23330.43666666667,23324.156666666666,23334.623333333333,23184.87368196089,23187.66475338946,23182.082610532318,False,False,False,885.1571006622139
1,2025-08-06 19:41:00+00:00,2025-08-06,2025-08-06 20:00:00+00:00,563102,value_area_bounce,-1,6.32071428571466,23331.88,23330.1875,23315.970833333333,23337.295833333334,23189.163599462372,23192.32395660523,23186.003242319515,False,False,False,-149.8458146445828
1,2025-08-06 19:51:00+00:00,2025-08-06,2025-08-06 20:00:00+00:00,563112,value_area_bounce,1,6.665714285714524,23321.38,23320.37375,23320.37375,23336.73625,23191.39221245007,23194.72506959293,23188.059355307214,False,False,False,481.2713486176184
1,2025-08-06 19:54:00+00:00,2025-08-06,2025-08-06 20:00:00+00:00,563115,value_area_bounce,1,7.38071428571415,23324.88,23327.5575,23314.012499999997,23336.5875,23192.154384658093,23195.84474180095,23188.464027515238,False,False,False,364.69154333408176
1,2025-08-07 13:31:00+00:00,2025-08-07,2025-08-07 20:00:00+00:00,564112,value_area_bounce,1,8.634285714285527,23515.38,23498.066041666665,23490.851458333334,23512.495208333334,23503.018699369244,23507.33584222639,23498.7015565121,False,False,False,1137.57943088811
1,2025-08-07 14:05:00+00:00,2025-08-07,2025-08-07 20:00:00+00:00,564146,value_area_bounce,-1,17.34357142857204,23532.76,23520.390625,23490.970208333332,23532.999375,23523.26585415177,23531.937639866057,23514.594068437484,False,False,False,-8887.884773254435
1,2025-08-07 14:07:00+00:00,2025-08-07,2025-08-07 20:00:00+00:00,564148,value_area_bounce,-1,19.312142857143044,23530.51,23520.390625,23486.767291666663,23532.999375,23524.337493704137,23533.99356513271,23514.681422275564,False,False,False,-6117.976734932282
1,2025-08-07 14:09:00+00:00,2025-08-07,2025-08-07 20:00:00+00:00,564150,value_area_bounce,-1,20.15357142857153,23512.13,23520.390625,23486.767291666663,23532.999375,23524.500236958567,23534.577022672853,23514.42345124428,False,False,False,-7001.218224861144
1,2025-08-07 14:48:00+00:00,2025-08-07,2025-08-07 20:00:00+00:00,564189,value_area_bounce,1,18.562142857143044,23469.38,23504.078125,23460.788125,23520.311875,23506.23673325124,23515.51780467981,23496.95566182267,False,False,False,1200.5051838272561
1,2025-08-07 15:25:00+00:00,2025-08-07,2025-08-07 20:00:00+00:00,564226,value_area_bounce,-1,17.344999999999864,23431.88,23437.1175,23425.8425,23463.425833333335,23490.726415430297,23499.398915430298,23482.053915430297,False,False,True,-2650.1608024796988
1,2025-08-07 16:51:00+00:00,2025-08-07,2025-08-07 20:00:00+00:00,564312,value_area_bounce,1,17.633571428571617,23362.76,23376.39041666667,23345.51541666667,23417.557083333333,23458.51225798172,23467.32904369601,23449.695472267435,False,False,False,8495.401425208769
1,2025-08-07 18:02:00+00:00,2025-08-07,2025-08-07 20:00:00+00:00,564383,value_area_bounce,1,14.80428571428534,23311.51,23305.257083333334,23302.06125,23334.019583333335,23433.120799264347,23440.52294212149,23425.718656407204,False,False,False,668.1205264414292
1,2025-08-07 19:16:00+00:00,2025-08-07,2025-08-07 20:00:00+00:00,564457,value_area_bounce,-1,10.09785714285733,23295.51,23263.072708333333,23245.62479166667,23304.947708333333,23411.95780873627,23417.0067373077,23406.908880164843,False,False,False,-3565.887290640125
1,2025-08-08 13:32:00+00:00,2025-08-08,2025-08-08 20:00:00+00:00,565493,value_area_bounce,-1,8.677857142856997,23457.91,23470.549375,23441.640625,23470.549375,23466.65423994231,23470.993168513738,23462.31531137088,False,False,False,-1272.6015101025764
1,2025-08-08 14:01:00+00:00,2025-08-08,2025-08-08 20:00:00+00:00,565522,opening_range_breakout,1,13.883571428571356,23557.78,23463.805833333332,23432.055833333332,23532.5975,23504.564437198176,23511.506222912463,23497.62265148389,False,False,False,3466.2392511730286
1,2025-08-08 15:02:00+00:00,2025-08-08,2025-08-08 20:00:00+00:00,565583,value_area_bounce,1,10.049999999999793,23565.66,23557.64875,23557.64875,23592.65625,23540.907860655523,23545.932860655525,23535.88286065552,False,False,False,2426.929294534215
1,2025-08-08 15:47:00+00:00,2025-08-08,2025-08-08 20:00:00+00:00,565628,value_area_bounce,1,13.749285714285568,23547.28,23576.15125,23544.35208333333,23587.714583333334,23545.421480075383,23552.296122932526,23538.54683721824,False,False,False,2011.4513149108725
1,2025-08-08 16:51:00+00:00,2025-08-08,2025-08-08 20:00:00+00:00,565692,value_area_bounce,1,6.901428571428498,23602.03,23596.321875,23593.624375,23603.065625,23553.732621021103,23557.183335306818,23550.28190673539,False,False,False,386.2718629643059
1,2025-08-08 17:12:00+00:00,2025-08-08,2025-08-08 20:00:00+00:00,565713,value_area_bounce,1,9.079285714285495,23587.41,23596.196666666663,23586.196666666663,23604.53,23555.302134829646,23559.84177768679,23550.762491972502,False,False,False,444.07718452084475
1,2025-08-08 17:22:00+00:00,2025-08-08,2025-08-08 20:00:00+00:00,565723,value_area_bounce,1,8.721428571428207,23584.28,23595.113333333335,23573.113333333335,23596.946666666663,23555.81887084719,23560.179585132904,23551.458156561475,False,False,False,1543.3554866002007
1,2025-08-08 17:30:00+00:00,2025-08-08,2025-08-08 20:00:00+00:00,565731,value_area_bounce,1,8.846428571428207,23579.03,23573.113333333335,23567.613333333335,23589.613333333335,23556.235823867402,23560.659038153117,23551.812609581688,False,False,False,196.4842132840197
1,2025-08-08 19:11:00+00:00,2025-08-08,2025-08-08 20:00:00+00:00,565832,value_area_bounce,1,4.94571428571414,23617.53,23614.649166666666,23611.134166666667,23620.5075,23564.62354482098,23567.096401963838,23562.150687678124,False,False,False,10.797366300137014
1,2025-08-08 19:22:00+00:00,2025-08-08,2025-08-08 20:00:00+00:00,565843,value_area_bounce,-1,5.17928571428586,23617.28,23616.06625,23613.62875,23621.75375,23565.468843647162,23568.058486504306,23562.87920079002,False,False,False,-203.85184989462613
1,2025-08-08 19:23:00+00:00,2025-08-08,2025-08-08 20:00:00+00:00,565844,value_area_bounce,-1,5.670714285714504,23619.03,23616.06625,23613.62875,23621.75375,23565.571131219906,23568.40648836276,23562.73577407705,False,False,False,-838.9056427621919
1,2025-08-08 19:24:00+00:00,2025-08-08,2025-08-08 20:00:00+00:00,565845,value_area_bounce,-1,5.7064285714287895,23617.78,23616.06625,23613.62875,23621.75375,23565.65451428334,23568.507728569053,23562.801299997624,False,False,False,-1836.6056427621918
1,2025-08-08 19:26:00+00:00,2025-08-08,2025-08-08 20:00:00+00:00,565847,value_area_bounce,-1,5.688571428571647,23614.78,23616.06625,23613.62875,23621.75375,23565.789807029345,23568.634092743632,23562.945521315058,False,False,False,-1481.4917614837173
1,2025-08-08 19:51:00+00:00,2025-08-08,2025-08-08 20:00:00+00:00,565872,value_area_bounce,1,8.272857142856862,23610.28,23615.103750000002,23602.45125,23625.94875,23567.543405695702,23571.67983426713,23563.406977124272,False,False,False,2696.847823416292
1,2025-08-08 19:56:00+00:00,2025-08-08,2025-08-08 20:00:00+00:00,565877,value_area_bounce,1,9.464285714285714,23610.91,23615.103750000002,23604.25875,23625.94875,23568.19580023284,23572.92794308998,23563.463657375698,False,False,False,741.1002070280227
1,2025-08-11 13:30:00+00:00,2025-08-11,2025-08-11 20:00:00+00:00,566856,value_area_bounce,-1,7.365714285714473,23632.11,23635.531875,23626.781875,23636.625625,23633.85666666667,23637.539523809526,23630.173809523814,False,False,False,-1618.9483069522685
1,2025-08-11 13:31:00+00:00,2025-08-11,2025-08-11 20:00:00+00:00,566857,value_area_bounce,-1,9.19571428571466,23605.980000000003,23634.343333333338,23628.27666666667,23635.55666666667,23624.86124277457,23629.459099917425,23620.26338563171,False,False,False,-8630.960675923783
1,2025-08-11 13:40:00+00:00,2025-08-11,2025-08-11 20:00:00+00:00,566866,value_area_bounce,-1,15.199285714287337,23622.730000000003,23608.542500000003,23594.25083333334,23626.917500000003,23614.905725299537,23622.505368156682,23607.306082442392,False,False,False,-1982.762367471069
1,2025-08-11 13:41:00+00:00,2025-08-11,2025-08-11 20:00:00+00:00,566867,value_area_bounce,-1,15.13642857143038,23621.730000000003,23608.542500000003,23594.25083333334,23626.917500000003,23615.437696804835,23623.00591109055,23607.86948251912,False,False,False,-292.9312920923853
1,2025-08-11 13:45:00+00:00,2025-08-11,2025-08-11 20:00:00+00:00,566871,value_area_bounce,-1,15.110714285715533,23629.980000000003,23632.67875,23608.77041666667,23637.46041666667,23619.227533737063,23626.78289087992,23611.672176594206,False,False,False,-283.8847095022379
1,2025-08-11 13:53:00+00:00,2025-08-11,2025-08-11 20:00:00+00:00,566879,value_area_bounce,-1,14.214285714285714,23621.980000000003,23632.67875,23615.942916666667,23644.63291666667,23623.53832076934,23630.645463626483,23616.4311779122,False,False,False,-1810.8170129343796
1,2025-08-11 15:46:00+00:00,2025-08-11,2025-08-11 20:00:00+00:00,566992,value_area_bounce,-1,8.669285714285902,23638.480000000003,23646.177916666667,23635.567083333335,23649.209583333337,23641.371823932193,23645.706466789336,23637.03718107505,False,False,False,-787.5278129126009
1,2025-08-11 18:11:00+00:00,2025-08-11,2025-08-11 20:00:00+00:00,567137,value_area_bounce,1,9.811428571429133,23602.230000000003,23616.709375000002,23592.195625,23622.156875,23645.823451242515,23650.72916552823,23640.9177369568,False,False,False,897.809409203285
1,2025-08-11 18:25:00+00:00,2025-08-11,2025-08-11 20:00:00+00:00,567151,value_area_bounce,1,7.847142857143418,23610.480000000003,23615.4225,23598.7975,23622.5475,23644.427437893624,23648.351009322196,23640.503866465053,False,False,False,747.9403635234744
1,2025-08-11 19:20:00+00:00,2025-08-11,2025-08-11 20:00:00+00:00,567206,value_area_bounce,1,7.933571428571928,23585.230000000003,23590.000625,23583.969375,23608.094375,23638.630978489262,23642.597764203547,23634.664192774977,False,False,False,1456.006677245772
1,2025-08-11 19:58:00+00:00,2025-08-11,2025-08-11 20:00:00+00:00,567244,value_area_bounce,1,12.556428571428635,23532.730000000003,23573.787291666667,23529.901875000003,23593.73520833334,23629.790922657758,23636.06913694347,23623.512708372044,False,False,False,1085.462382436408
1,2025-08-11 19:59:00+00:00,2025-08-11,2025-08-11 20:00:00+00:00,567245,value_area_bounce,1,13.56500000000025,23550.11,23573.787291666667,23529.901875000003,23593.73520833334,23628.67164839735,23635.45414839735,23621.88914839735,False,False,False,4010.8520651846
1,2025-08-12 13:44:00+00:00,2025-08-12,2025-08-12 20:00:00+00:00,568250,value_area_bounce,-1,25.802142857142567,23654.24,23651.64625,23627.27125,23688.20875,23676.95822268671,23689.859294115282,23664.057151258137,False,False,True,-3692.296894907654
1,2025-08-12 13:53:00+00:00,2025-08-12,2025-08-12 20:00:00+00:00,568259,value_area_bounce,1,27.633571428571354,23624.99,23649.432708333334,23596.651458333334,23667.026458333334,23655.728942481765,23669.54572819605,23641.912156767477,False,False,False,956.5085635210517
1,2025-08-12 14:00:00+00:00,2025-08-12,2025-08-12 20:00:00+00:00,568266,opening_range_breakout,-1,26.866428571428646,23543.49,23653.615,23587.78166666667,23666.78166666667,23640.56037461644,23653.993588902154,23627.12716033073,False,False,False,-21529.883103548556
1,2025-08-12 14:04:00+00:00,2025-08-12,2025-08-12 20:00:00+00:00,568270,value_area_bounce,1,25.0,23578.24,23664.80875,23564.394583333335,23664.80875,23631.257943622808,23643.757943622808,23618.757943622808,False,False,False,1544.1051538396669
1,2025-08-12 15:30:00+00:00,2025-08-12,2025-08-12 20:00:00+00:00,568356,value_area_bounce,-1,10.089285714285714,23738.99,23666.443125,23650.411875,23741.255625,23651.545210665274,23656.589853522415,23646.500567808132,False,False,False,-3879.8429059914974
1,2025-08-12 17:39:00+00:00,2025-08-12,2025-08-12 20:00:00+00:00,568485,value_area_bounce,1,6.150714285714067,23817.11,23815.84416666667,23811.6775,23818.96916666667,23678.83667281432,23681.912029957177,23675.76131567146,False,False,False,60.65526034361784
1,2025-08-12 18:22:00+00:00,2025-08-12,2025-08-12 20:00:00+00:00,568528,value_area_bounce,-1,4.9728571428570705,23830.36,23826.82875,23819.224583333336,23832.912083333336,23685.45736431676,23687.94379288819,23682.970935745332,False,False,False,-249.0480454322069
1,2025-08-12 18:25:00+00:00,2025-08-12,2025-08-12 20:00:00+00:00,568531,value_area_bounce,-1,5.035714285714286,23831.86,23827.464375000003,23820.095625,23833.359375,23685.956467487642,23688.4743246305,23683.438610344783,False,False,False,-1107.4382063517116
1,2025-08-12 18:30:00+00:00,2025-08-12,2025-08-12 20:00:00+00:00,568536,value_area_bounce,-1,5.670000000000073,23832.86,23827.464375000003,23825.990625,23833.359375,23686.67791060889,23689.51291060889,23683.84291060889,False,False,False,-189.39278846164225
1,2025-08-12 18:36:00+00:00,2025-08-12,2025-08-12 20:00:00+00:00,568542,value_area_bounce,-1,5.241428571428644,23829.36,23832.974583333336,23827.220416666667,23834.12541666667,23687.683059111194,23690.303773396907,23685.06234482548,False,False,False,-116.0492635726552
1,2025-08-12 19:15:00+00:00,2025-08-12,2025-08-12 20:00:00+00:00,568581,value_area_bounce,1,4.4099999999998545,23824.61,23826.880833333336,23822.689166666667,23830.23416666667,23692.55742051622,23694.76242051622,23690.352420516218,False,False,False,511.9820076219354
1,2025-08-12 19:17:00+00:00,2025-08-12,2025-08-12 20:00:00+00:00,568583,value_area_bounce,1,4.2935714285712105,23826.86,23826.880833333336,23824.365833333333,23830.23416666667,23692.856880271112,23695.003665985398,23690.710094556827,False,False,False,693.6037746232826
1,2025-08-12 19:42:00+00:00,2025-08-12,2025-08-12 20:00:00+00:00,568608,value_area_bounce,-1,6.143571428571574,23837.86,23824.974375,23818.099375,23838.724375,23696.97637479191,23700.048160506194,23693.904589077625,False,False,False,-1643.5955528771656
1,2025-08-13 13:30:00+00:00,2025-08-13,2025-08-13 20:00:00+00:00,569616,value_area_bounce,-1,5.171428571427636,23948.15,23941.165625,23935.957291666666,23950.280208333337,23953.11,23955.695714285714,23950.524285714288,False,False,False,-3572.9565872951266
1,2025-08-13 13:43:00+00:00,2025-08-13,2025-08-13 20:00:00+00:00,569629,value_area_bounce,1,14.84714285714342,23962.03,23973.338541666668,23958.623958333337,23977.542708333334,23966.959778663917,23974.38335009249,23959.536207235346,False,False,False,305.5795907134079
1,2025-08-13 13:49:00+00:00,2025-08-13,2025-08-13 20:00:00+00:00,569635,value_area_bounce,1,13.053571428571429,23957.4,23973.41416666667,23952.530833333334,23973.41416666667,23964.18510424327,23970.711889957558,23957.658318528986,False,False,False,2097.2144081061406
1,2025-08-13 16:32:00+00:00,2025-08-13,2025-08-13 20:00:00+00:00,569798,value_area_bounce,1,9.080000000000187,23838.9,23841.31125,23833.87375,23853.707083333335,23892.33161047161,23896.87161047161,23887.79161047161,False,False,False,1617.1699722103485
1,2025-08-13 16:35:00+00:00,2025-08-13,2025-08-13 20:00:00+00:00,569801,value_area_bounce,1,9.27714285714267,23841.65,23847.12875,23837.692083333335,23851.847083333334,23891.893544803595,23896.532116232167,23887.254973375024,False,False,False,1276.5836233641573
1,2025-08-13 17:00:00+00:00,2025-08-13,2025-08-13 20:00:00+00:00,569826,value_area_bounce,1,9.714999999999625,23826.15,23832.87375,23815.040416666663,23841.790416666663,23887.340609919418,23892.198109919416,23882.48310991942,False,False,False,597.5313987386155
1,2025-08-13 19:30:00+00:00,2025-08-13,2025-08-13 20:00:00+00:00,569976,value_area_bounce,-1,5.982857142856768,23848.9,23844.290416666667,23840.092083333333,23854.78625,23875.02092850054,23878.01235707197,23872.02949992911,False,False,False,-1433.7568789413835
1,2025-08-13 19:59:00+00:00,2025-08-13,2025-08-13 20:00:00+00:00,570005,value_area_bounce,-1,8.719999999999866,23860.4,23853.28,23842.28,23869.78,23873.49966349094,23877.85966349094,23869.13966349094,False,False,False,-214.79711171364397
1,2025-08-14 13:49:00+00:00,2025-08-14,2025-08-14 20:00:00+00:00,571015,value_area_bounce,-1,15.751428571428862,23850.0,23831.19625,23772.38625,23850.799583333333,23817.44229540363,23825.318009689345,23809.566581117917,False,False,False,-426.94307366086196
1,2025-08-14 14:09:00+00:00,2025-08-14,2025-08-14 20:00:00+00:00,571035,value_area_bounce,1,14.562857142857215,23838.38,23831.344375,23825.693124999998,23865.251875,23829.597913896385,23836.879342467815,23822.316485324955,False,False,False,2366.3595045952975
1,2025-08-14 17:48:00+00:00,2025-08-14,2025-08-14 20:00:00+00:00,571254,value_area_bounce,1,7.561428571428353,23867.25,23878.953125,23865.703125,23883.921875,23839.63109313094,23843.411807416654,23835.85037884523,False,False,False,322.5607938999211
1,2025-08-14 17:59:00+00:00,2025-08-14,2025-08-14 20:00:00+00:00,571265,value_area_bounce,1,8.215000000000146,23881.75,23879.900625000002,23869.558125000003,23895.414375,23840.16059729287,23844.268097292872,23836.05309729287,False,False,False,1244.5656470203764
1,2025-08-14 18:54:00+00:00,2025-08-14,2025-08-14 20:00:00+00:00,571320,value_area_bounce,-1,6.438571428571647,23841.88,23822.47375,23820.28625,23842.16125,23839.98015720723,23843.199442921516,23836.76087149294,False,False,False,-865.2597239167246
1,2025-08-14 19:05:00+00:00,2025-08-14,2025-08-14 20:00:00+00:00,571331,value_area_bounce,-1,6.927142857142566,23837.25,23820.97375,23819.119583333333,23837.66125,23839.99518720394,23843.45875863251,23836.531615775366,False,False,False,-1230.7933127707481
1,2025-08-14 19:26:00+00:00,2025-08-14,2025-08-14 20:00:00+00:00,571352,value_area_bounce,-1,6.724285714285933,23848.5,23844.489375,23833.551875,23851.78104166667,23840.236199998668,23843.59834285581,23836.874057141526,False,False,False,-957.1515854410447
1,2025-08-14 19:32:00+00:00,2025-08-14,2025-08-14 20:00:00+00:00,571358,value_area_bounce,1,6.337857142857372,23846.25,23844.364375,23840.083125,23852.926875,23840.274728123277,23843.443656694704,23837.10579955185,False,False,False,277.9350728879035
1,2025-08-15 13:30:00+00:00,2025-08-15,2025-08-15 20:00:00+00:00,572376,value_area_bounce,-1,12.454999999999927,23781.08,23826.449791666666,23816.022708333338,23827.939375,23797.243333333336,23803.470833333336,23791.015833333335,False,False,False,-8020.250847303306
1,2025-08-15 13:55:00+00:00,2025-08-15,2025-08-15 20:00:00+00:00,572401,value_area_bounce,1,20.7385714285717,23721.08,23789.187083333338,23718.79625,23795.58625,23756.915248054716,23767.284533769,23746.54596234043,False,False,False,1804.0189024887707
1,2025-08-15 13:56:00+00:00,2025-08-15,2025-08-15 20:00:00+00:00,572402,value_area_bounce,1,20.757142857143272,23727.33,23789.187083333338,23718.79625,23795.58625,23755.9998945299,23766.378465958474,23745.621323101328,False,False,False,2269.8950652446715
1,2025-08-15 14:01:00+00:00,2025-08-15,2025-08-15 20:00:00+00:00,572407,value_area_bounce,1,20.770714285714607,23754.58,23789.187083333338,23718.79625,23795.58625,23752.34902310939,23762.73438025225,23741.96366596653,False,False,False,4648.435723196614
1,2025-08-15 15:51:00+00:00,2025-08-15,2025-08-15 20:00:00+00:00,572517,value_area_bounce,1,14.224285714285932,23717.45,23726.172708333335,23701.455208333333,23746.770625,23747.734597597002,23754.846740454144,23740.62245473986,False,False,False,5215.054454334431
1,2025-08-15 18:05:00+00:00,2025-08-15,2025-08-15 20:00:00+00:00,572651,value_area_bounce,-1,10.375,23739.95,23742.637291666666,23711.762291666666,23742.637291666666,23739.517100983998,23744.704600983998,23734.329600983998,False,False,False,-2253.124459644391
1,2025-08-15 18:58:00+00:00,2025-08-15,2025-08-15 20:00:00+00:00,572704,value_area_bounce,1,8.221428571428987,23729.95,23730.809374999997,23719.821875,23738.134375,23739.235774610515,23743.34648889623,23735.1250603248,False,False,False,1320.1487268121432
1,2025-08-15 19:09:00+00:00,2025-08-15,2025-08-15 20:00:00+00:00,572715,value_area_bounce,1,12.254285714286068,23720.2,23730.07041666667,23718.74125,23743.66541666667,23738.451551707003,23744.578694564145,23732.32440884986,False,False,False,2915.0824039585823
1,2025-08-15 19:50:00+00:00,2025-08-15,2025-08-15 20:00:00+00:00,572756,value_area_bounce,-1,7.436428571428353,23725.2,23728.13291666667,23719.569583333334,23740.97791666667,23737.960684268586,23741.6788985543,23734.242469982873,False,False,False,-1929.977524016775
1,2025-08-15 19:57:00+00:00,2025-08-15,2025-08-15 20:00:00+00:00,572763,value_area_bounce,1,8.52714285714293,23725.58,23725.684375,23722.16354166667,23741.528125,23737.662776148387,23741.92634757696,23733.399204719815,False,False,False,1533.4544254896232
1,2025-08-15 19:59:00+00:00,2025-08-15,2025-08-15 20:00:00+00:00,572765,value_area_bounce,1,9.571428571428571,23724.58,23726.179375,23719.284375000003,23733.074375000004,23737.49763958224,23742.283353867955,23732.711925296528,False,False,False,2679.9130220325737
1,2025-08-18 13:40:00+00:00,2025-08-18,2025-08-18 20:00:00+00:00,573751,value_area_bounce,-1,17.197142857143003,23725.07,23721.19,23693.69,23726.19,23725.620602190484,23734.219173619054,23717.022030761913,False,False,False,-3377.939469435295
1,2025-08-18 13:41:00+00:00,2025-08-18,2025-08-18 20:00:00+00:00,573752,value_area_bounce,-1,18.599285714285934,23710.94,23721.19,23696.19,23726.19,23725.165790482803,23734.465433339945,23715.86614762566,False,False,False,-4778.866087278826
1,2025-08-18 14:29:00+00:00,2025-08-18,2025-08-18 20:00:00+00:00,573800,value_area_bounce,-1,13.117142857143076,23703.19,23686.991875,23672.116875,23713.023125,23710.362299150755,23716.920870579324,23703.803727722185,False,False,False,-4085.1789531352097
1,2025-08-18 16:34:00+00:00,2025-08-18,2025-08-18 20:00:00+00:00,573925,value_area_bounce,-1,6.742142857143075,23692.94,23682.075208333335,23668.658541666664,23693.814791666664,23699.468397681147,23702.839469109716,23696.097326252577,False,False,False,-318.70225256336676
1,2025-08-18 16:35:00+00:00,2025-08-18,2025-08-18 20:00:00+00:00,573926,value_area_bounce,-1,6.5900000000001455,23687.69,23682.075208333335,23668.658541666664,23693.814791666664,23699.442055567386,23702.737055567384,23696.147055567388,False,False,False,-1343.9354871798753
1,2025-08-18 17:39:00+00:00,2025-08-18,2025-08-18 20:00:00+00:00,573990,value_area_bounce,-1,8.41857142857121,23687.44,23667.993333333332,23658.353333333333,23693.7,23696.88605587685,23701.095341591135,23692.676770162565,False,False,False,-2785.619493120823
1,2025-08-18 19:12:00+00:00,2025-08-18,2025-08-18 20:00:00+00:00,574083,value_area_bounce,-1,6.2307142857139945,23719.19,23702.605625,23691.328541666666,23722.904375,23697.512233847312,23700.62759099017,23694.396876704453,False,False,False,-928.607777843463
1,2025-08-18 19:50:00+00:00,2025-08-18,2025-08-18 20:00:00+00:00,574121,value_area_bounce,-1,6.25,23724.19,23720.996249999997,23716.432916666665,23727.841249999998,23698.895175324233,23702.020175324233,23695.770175324233,False,False,False,-265.9206624048726
1,2025-08-18 19:59:00+00:00,2025-08-18,2025-08-18 20:00:00+00:00,574130,value_area_bounce,-1,8.107142857142858,23724.07,23720.903541666667,23715.69520833333,23728.716041666667,23699.7131685699,23703.76673999847,23695.659597141326,False,False,False,-2010.5984630136088
1,2025-08-19 16:50:00+00:00,2025-08-19,2025-08-19 20:00:00+00:00,575321,value_area_bounce,1,13.639285714286027,23428.960000000003,23471.610833333332,23428.694166666668,23480.194166666668,23545.991299536814,23552.810942393957,23539.17165667967,False,False,False,1937.2682460368874
1,2025-08-19 16:51:00+00:00,2025-08-19,2025-08-19 20:00:00+00:00,575322,value_area_bounce,1,13.35357142857174,23433.710000000003,23471.610833333332,23428.694166666668,23480.194166666668,23545.522595878792,23552.199381593076,23538.84581016451,False,False,False,494.19205556069676
1,2025-08-19 17:02:00+00:00,2025-08-19,2025-08-19 20:00:00+00:00,575333,value_area_bounce,1,12.143571428571054,23410.710000000003,23424.350625000003,23398.319375000003,23461.538125000003,23540.494178955967,23546.56596467025,23534.422393241683,False,False,False,2072.9596604840913
1,2025-08-19 18:06:00+00:00,2025-08-19,2025-08-19 20:00:00+00:00,575397,value_area_bounce,1,10.670714285713725,23416.960000000003,23431.174791666668,23407.298125,23443.113125,23522.895578786905,23528.23093592976,23517.56022164405,False,False,False,337.8520879646119
1,2025-08-19 19:12:00+00:00,2025-08-19,2025-08-19 20:00:00+00:00,575463,value_area_bounce,1,11.339285714285714,23368.210000000003,23395.86,23367.300000000003,23403.0,23510.00313939314,23515.67278225028,23504.333496535997,False,False,False,1283.4372971723876
1,2025-08-19 19:51:00+00:00,2025-08-19,2025-08-19 20:00:00+00:00,575502,value_area_bounce,-1,7.195000000000748,23383.710000000003,23367.6175,23357.5925,23389.6725,23503.90036034069,23507.49786034069,23500.30286034069,False,False,False,-1071.083741743426
1,2025-08-20 13:30:00+00:00,2025-08-20,2025-08-20 20:00:00+00:00,576501,value_area_bounce,-1,10.106428571428946,23319.54,23357.905,23345.575,23362.015,23334.623333333333,23339.67654761905,23329.570119047617,False,False,False,-7117.720595099322
1,2025-08-20 14:05:00+00:00,2025-08-20,2025-08-20 20:00:00+00:00,576536,opening_range_breakout,-1,31.001428571427823,23077.92,23122.461875,23086.743125,23301.055625,23209.51756787569,23225.018282161403,23194.016853589976,False,False,False,-13114.16513839842
1,2025-08-20 14:13:00+00:00,2025-08-20,2025-08-20 20:00:00+00:00,576544,value_area_bounce,1,28.399285714285206,23052.92,23116.836875,23031.224374999998,23288.061875,23178.541859553847,23192.74150241099,23164.342216696703,False,False,False,1952.9807848444889
1,2025-08-20 14:17:00+00:00,2025-08-20,2025-08-20 20:00:00+00:00,576548,value_area_bounce,1,28.523571428571294,23038.92,23044.82833333333,23014.901666666665,23239.351666666666,23167.186245578283,23181.44803129257,23152.924459863996,False,False,False,4976.487481648856
1,2025-08-20 15:00:00+00:00,2025-08-20,2025-08-20 20:00:00+00:00,576591,value_area_bounce,1,18.089999999999627,23007.29,23027.75875,22992.32125,23053.07125,23111.969751994748,23121.014751994746,23102.92475199475,False,False,False,4647.987980181788
1,2025-08-20 16:01:00+00:00,2025-08-20,2025-08-20 20:00:00+00:00,576652,value_area_bounce,1,15.764285714285766,23132.79,23172.586875,23111.024375,23191.055625,23112.91029400172,23120.79243685886,23105.028151144576,False,False,False,6898.330538237298
1,2025-08-20 17:00:00+00:00,2025-08-20,2025-08-20 20:00:00+00:00,576711,value_area_bounce,1,14.133571428571615,23173.54,23204.424583333333,23172.551249999997,23216.377083333333,23123.92140253892,23130.988188253206,23116.854616824632,False,False,False,671.632608019677
1,2025-08-20 17:02:00+00:00,2025-08-20,2025-08-20 20:00:00+00:00,576713,value_area_bounce,1,13.642857142857142,23193.79,23200.993125,23176.128541666665,23218.753541666665,23124.263710654155,23131.085139225583,23117.442282082728,False,False,False,3873.407479989734
1,2025-08-20 17:18:00+00:00,2025-08-20,2025-08-20 20:00:00+00:00,576729,value_area_bounce,1,16.737857142857006,23188.92,23200.993125,23172.576458333337,23204.545208333337,23126.86856440939,23135.237492980817,23118.49963583796,False,False,False,658.1563398482506
1,2025-08-20 19:50:00+00:00,2025-08-20,2025-08-20 20:00:00+00:00,576881,value_area_bounce,-1,10.544999999999813,23271.29,23275.909791666665,23248.597291666665,23275.909791666665,23145.51081702866,23150.783317028658,23140.23831702866,False,False,False,-1151.1763979006926
1,2025-08-20 19:51:00+00:00,2025-08-20,2025-08-20 20:00:00+00:00,576882,value_area_bounce,-1,11.062857142856956,23264.29,23259.471250000002,23246.14375,23277.24125,23145.75488658723,23151.286315158657,23140.223458015804,False,False,False,-2031.3062680305627
1,2025-08-20 19:56:00+00:00,2025-08-20,2025-08-20 20:00:00+00:00,576887,value_area_bounce,-1,13.365714285714473,23269.42,23274.279375,23247.841875,23274.279375,23147.26465037547,23153.947507518325,23140.581793232614,False,False,False,-1478.4315685732388
1,2025-08-20 19:58:00+00:00,2025-08-20,2025-08-20 20:00:00+00:00,576889,value_area_bounce,-1,14.09785714285733,23261.42,23272.723124999997,23252.591875,23276.749375,23147.782017971087,23154.830946542515,23140.73308939966,False,False,False,-2718.0527064320804
1,2025-08-21 13:30:00+00:00,2025-08-21,2025-08-21 20:00:00+00:00,577881,value_area_bounce,-1,11.740714285714473,23134.17,23158.754375,23152.020624999997,23174.466458333332,23156.083333333332,23161.953690476188,23150.212976190476,False,False,False,-5170.7707473034725
1,2025-08-21 13:31:00+00:00,2025-08-21,2025-08-21 20:00:00+00:00,577882,value_area_bounce,-1,14.544285714285902,23144.42,23157.19625,23151.57125,23171.25875,23153.87930107527,23161.151443932413,23146.60715821813,False,False,False,-9875.052537462256
1,2025-08-21 13:52:00+00:00,2025-08-21,2025-08-21 20:00:00+00:00,577903,value_area_bounce,-1,32.400714285714066,23162.42,23188.336875,23155.013958333337,23193.097291666665,23174.098648537718,23190.299005680576,23157.89829139486,False,False,False,-6711.348245607427
1,2025-08-21 14:00:00+00:00,2025-08-21,2025-08-21 20:00:00+00:00,577911,value_area_bounce,1,31.45214285714272,23150.92,23188.336875,23150.253541666665,23193.097291666665,23167.892201976574,23183.618273405147,23152.166130548,False,False,False,3270.7303702409918
1,2025-08-21 14:01:00+00:00,2025-08-21,2025-08-21 20:00:00+00:00,577912,value_area_bounce,1,29.70142857142881,23162.42,23187.715833333335,23154.185833333333,23193.30416666667,23167.43283638182,23182.283550667536,23152.582122096104,False,False,False,10476.787340438656
1,2025-08-21 16:56:00+00:00,2025-08-21,2025-08-21 20:00:00+00:00,578087,value_area_bounce,-1,11.160000000000375,23123.54,23121.018333333333,23107.39166666667,23132.941666666666,23181.323070911967,23186.90307091197,23175.743070911965,False,False,False,-1592.2988864944498
1,2025-08-21 18:35:00+00:00,2025-08-21,2025-08-21 20:00:00+00:00,578186,value_area_bounce,1,10.589999999999625,23151.29,23147.74958333333,23132.95625,23147.74958333333,23168.18209432854,23173.477094328537,23162.88709432854,False,False,False,1895.3157946592169
1,2025-08-21 18:50:00+00:00,2025-08-21,2025-08-21 20:00:00+00:00,578201,value_area_bounce,1,9.544285714285902,23145.04,23143.274375,23130.659791666665,23148.680625,23167.48240788735,23172.254550744492,23162.710265030208,False,False,False,1159.2091037852128
1,2025-08-21 19:51:00+00:00,2025-08-21,2025-08-21 20:00:00+00:00,578262,value_area_bounce,1,8.937857142856956,23164.29,23177.482708333337,23157.378541666665,23185.524375,23167.211392044224,23171.680320615655,23162.742463472794,False,False,False,1965.0344653906186
1,2025-08-21 19:54:00+00:00,2025-08-21,2025-08-21 20:00:00+00:00,578265,value_area_bounce,1,9.901428571428758,23157.54,23177.482708333337,23157.378541666665,23185.524375,23167.155087770083,23172.105802055798,23162.20437348437,False,False,False,2302.5241270136466
1,2025-08-22 13:30:00+00:00,2025-08-22,2025-08-22 20:00:00+00:00,579261,value_area_bounce,-1,10.256428571428062,23144.97,23192.290833333333,23185.99916666667,23197.324166666665,23164.763333333336,23169.89154761905,23159.635119047623,False,False,False,-5360.781369804485
1,2025-08-22 13:33:00+00:00,2025-08-22,2025-08-22 20:00:00+00:00,579264,value_area_bounce,-1,14.764999999999677,23162.35,23164.356041666666,23142.23270833333,23186.479375000003,23165.897184476835,23173.279684476835,23158.514684476835,False,False,False,-2721.115011958319
1,2025-08-22 13:34:00+00:00,2025-08-22,2025-08-22 20:00:00+00:00,579265,value_area_bounce,-1,16.68499999999949,23167.85,23164.356041666666,23142.23270833333,23186.479375000003,23167.01374874804,23175.356248748038,23158.67124874804,False,False,False,-5680.4455665065025
1,2025-08-22 13:36:00+00:00,2025-08-22,2025-08-22 20:00:00+00:00,579267,value_area_bounce,1,19.050714285713962,23192.85,23172.652291666665,23169.886875,23197.541041666667,23170.22704445099,23179.752401593847,23160.70168730813,False,False,False,3058.5583976480248
1,2025-08-22 13:55:00+00:00,2025-08-22,2025-08-22 20:00:00+00:00,579286,value_area_bounce,-1,18.291428571428437,23241.6,23172.044166666667,23143.68583333333,23245.775833333333,23214.815881518614,23223.96159580433,23205.6701672329,False,False,False,-1107.388298259068
1,2025-08-22 13:56:00+00:00,2025-08-22,2025-08-22 20:00:00+00:00,579287,value_area_bounce,-1,18.568571428571108,23229.97,23172.044166666667,23143.68583333333,23245.775833333333,23215.337950146702,23224.62223586099,23206.053664432417,False,False,False,-4884.433622933697
1,2025-08-22 18:12:00+00:00,2025-08-22,2025-08-22 20:00:00+00:00,579543,value_area_bounce,1,7.687857142856956,23546.22,23539.558125,23538.073541666665,23548.465624999997,23469.020126124222,23472.864054695652,23465.17619755279,False,False,False,616.9605720721884
1,2025-08-22 18:26:00+00:00,2025-08-22,2025-08-22 20:00:00+00:00,579557,value_area_bounce,1,7.3300000000001875,23535.72,23546.272708333334,23535.297291666666,23549.408541666664,23469.89721225547,23473.56221225547,23466.23221225547,False,False,False,98.26602062006242
1,2025-08-22 19:20:00+00:00,2025-08-22,2025-08-22 20:00:00+00:00,579611,value_area_bounce,1,6.339285714285714,23508.47,23522.657916666667,23505.550416666665,23534.062916666666,23472.560255900957,23475.729898758098,23469.390613043815,False,False,False,649.6692367606033
1,2025-08-22 19:46:00+00:00,2025-08-22,2025-08-22 20:00:00+00:00,579637,value_area_bounce,1,9.264999999999677,23496.22,23511.610625,23496.048125,23524.579375,23473.212107411964,23477.844607411964,23468.579607411964,False,False,False,2982.8257911060246
1,2025-08-22 19:47:00+00:00,2025-08-22,2025-08-22 20:00:00+00:00,579638,value_area_bounce,1,8.920714285713725,23497.22,23511.610625,23493.454375,23524.579375,23473.236236769597,23477.696593912453,23468.77587962674,False,False,False,3318.8902775258402
1,2025-08-22 19:51:00+00:00,2025-08-22,2025-08-22 20:00:00+00:00,579642,value_area_bounce,1,10.139999999999677,23501.97,23512.277291666665,23494.850208333337,23522.235625,23473.48956526165,23478.55956526165,23468.41956526165,False,False,False,482.19926506046806
1,2025-08-25 13:31:00+00:00,2025-08-25,2025-08-25 20:00:00+00:00,580627,value_area_bounce,-1,9.274999999999636,23414.34,23446.146249999998,23423.83625,23446.146249999998,23432.124424565034,23436.761924565035,23427.486924565033,False,False,False,-7339.002176093036
1,2025-08-25 13:43:00+00:00,2025-08-25,2025-08-25 20:00:00+00:00,580639,value_area_bounce,-1,21.898571428571294,23428.72,23427.299375000002,23402.31604166667,23436.668125,23425.599575979417,23436.548861693704,23414.65029026513,False,False,False,-9628.87813419045
1,2025-08-25 13:52:00+00:00,2025-08-25,2025-08-25 20:00:00+00:00,580648,value_area_bounce,-1,19.84785714285707,23413.97,23427.299375000002,23408.561875000003,23436.668125,23422.428502209645,23432.352430781073,23412.504573638216,False,False,False,-318.94530340428355
1,2025-08-25 13:55:00+00:00,2025-08-25,2025-08-25 20:00:00+00:00,580651,value_area_bounce,-1,18.856428571428427,23425.72,23427.299375000002,23408.561875000003,23436.668125,23422.67922359633,23432.107437882045,23413.251009310614,False,False,False,-3481.064878569653
1,2025-08-25 16:56:00+00:00,2025-08-25,2025-08-25 20:00:00+00:00,580832,value_area_bounce,1,6.267857142857143,23541.34,23545.845208333332,23535.324375,23546.897291666668,23478.7624314018,23481.896359973227,23475.628502830372,False,False,False,549.1136008699201
1,2025-08-25 17:45:00+00:00,2025-08-25,2025-08-25 20:00:00+00:00,580881,value_area_bounce,1,6.303571428571429,23519.09,23529.761875,23518.699375,23533.449375,23482.772953033917,23485.924738748203,23479.62116731963,False,False,False,2254.1245999066864
1,2025-08-25 18:08:00+00:00,2025-08-25,2025-08-25 20:00:00+00:00,580904,value_area_bounce,1,6.350000000000364,23518.47,23517.506666666668,23514.6,23526.22666666667,23484.043559995043,23487.218559995043,23480.868559995044,False,False,False,717.6551538588585
1,2025-08-25 18:23:00+00:00,2025-08-25,2025-08-25 20:00:00+00:00,580919,value_area_bounce,1,6.525714285714067,23513.84,23516.949166666665,23509.199166666665,23522.115833333337,23484.750353311505,23488.013210454363,23481.487496168647,False,False,False,449.9452077317053
1,2025-08-25 18:52:00+00:00,2025-08-25,2025-08-25 20:00:00+00:00,580948,value_area_bounce,1,6.107142857142857,23506.22,23509.05875,23504.74625,23517.68375,23485.54863779666,23488.60220922523,23482.495066368087,False,False,False,599.5629882648201
1,2025-08-25 19:06:00+00:00,2025-08-25,2025-08-25 20:00:00+00:00,580962,value_area_bounce,1,5.572857142857434,23500.84,23508.1575,23499.115833333337,23512.0325,23485.79231960579,23488.578748177217,23483.00589103436,False,False,False,809.4487394797925
1,2025-08-25 19:08:00+00:00,2025-08-25,2025-08-25 20:00:00+00:00,580964,value_area_bounce,1,5.768571428571574,23504.84,23508.949166666665,23499.574166666665,23512.074166666665,23485.83508351171,23488.719369225993,23482.950797797424,False,False,False,932.4608309838507
1,2025-08-25 19:15:00+00:00,2025-08-25,2025-08-25 20:00:00+00:00,580971,value_area_bounce,-1,5.973571428571502,23499.84,23496.334583333337,23496.334583333337,23508.584583333337,23486.09660738314,23489.083393097426,23483.109821668855,False,False,False,-1612.514330885824
1,2025-08-25 19:20:00+00:00,2025-08-25,2025-08-25 20:00:00+00:00,580976,value_area_bounce,1,6.705714285714358,23498.84,23496.166875000003,23496.166875000003,23508.143125000002,23486.18070269284,23489.533559835698,23482.827845549982,False,False,False,829.6724196652316
1,2025-08-26 13:30:00+00:00,2025-08-26,2025-08-26 20:00:00+00:00,582006,value_area_bounce,-1,5.294285714285642,23414.13,23413.125,23411.625,23417.625,23420.043333333335,23422.690476190477,23417.396190476193,False,False,False,-6077.353295047735
1,2025-08-26 13:36:00+00:00,2025-08-26,2025-08-26 20:00:00+00:00,582012,value_area_bounce,-1,12.534999999999854,23428.25,23421.003958333335,23407.846458333333,23442.933125,23437.019151598663,23443.28665159866,23430.751651598664,False,False,False,-5061.315081388321
1,2025-08-26 13:53:00+00:00,2025-08-26,2025-08-26 20:00:00+00:00,582029,value_area_bounce,1,22.45142857142829,23439.38,23442.18875,23415.53625,23453.61125,23425.3899830436,23436.61569732931,23414.164268757886,False,False,False,9536.873785243084
1,2025-08-26 14:01:00+00:00,2025-08-26,2025-08-26 20:00:00+00:00,582037,value_area_bounce,-1,18.2235714285715,23440.25,23442.18875,23419.34375,23453.61125,23427.890557004062,23437.002342718348,23418.778771289777,False,False,False,-3156.838072525057
1,2025-08-26 16:58:00+00:00,2025-08-26,2025-08-26 20:00:00+00:00,582214,value_area_bounce,1,6.284285714285423,23485.0,23487.3175,23479.5675,23492.48416666667,23453.784560149976,23456.926703007117,23450.642417292835,False,False,False,1371.1206837603772
1,2025-08-26 17:29:00+00:00,2025-08-26,2025-08-26 20:00:00+00:00,582245,value_area_bounce,-1,5.572142857143002,23481.75,23477.213750000003,23470.48375,23485.62625,23454.986691065405,23457.772762493976,23452.200619636835,False,False,False,-815.0394590924931
1,2025-08-26 17:30:00+00:00,2025-08-26,2025-08-26 20:00:00+00:00,582246,value_area_bounce,-1,5.732857142857289,23476.75,23477.213750000003,23468.80125,23483.94375,23455.03635700522,23457.90278557665,23452.169928433792,False,False,False,-1075.9300621782213
1,2025-08-26 18:01:00+00:00,2025-08-26,2025-08-26 20:00:00+00:00,582277,value_area_bounce,1,7.442857142856935,23452.75,23479.42166666667,23451.005,23482.005,23454.845006393338,23458.566434964767,23451.12357782191,False,False,False,2072.3630375354783
1,2025-08-26 19:10:00+00:00,2025-08-26,2025-08-26 20:00:00+00:00,582346,value_area_bounce,1,5.062142857142784,23491.13,23489.495208333334,23484.806875000002,23496.527708333335,23457.23120296436,23459.76227439293,23454.700131535792,False,False,False,781.2600477808182
1,2025-08-26 19:20:00+00:00,2025-08-26,2025-08-26 20:00:00+00:00,582356,value_area_bounce,1,5.014285714285506,23497.63,23488.468125,23488.468125,23496.016875,23457.60738058732,23460.114523444463,23455.100237730177,False,False,False,445.22686265856873
1,2025-08-26 19:35:00+00:00,2025-08-26,2025-08-26 20:00:00+00:00,582371,value_area_bounce,-1,7.629999999999719,23507.75,23490.411458333336,23481.401041666664,23510.234375,23459.32881450918,23463.143814509178,23455.51381450918,False,False,False,-1039.6438243337527
1,2025-08-26 19:36:00+00:00,2025-08-26,2025-08-26 20:00:00+00:00,582372,value_area_bounce,-1,6.540714285714005,23505.25,23490.411458333336,23481.401041666664,23510.234375,23459.40891394414,23462.679271086996,23456.13855680128,False,False,False,-2098.537004365328
1,2025-08-26 19:45:00+00:00,2025-08-26,2025-08-26 20:00:00+00:00,582381,value_area_bounce,1,6.51642857142828,23490.75,23489.548125,23480.304375,23508.035625,23459.948835933934,23463.207050219647,23456.69062164822,False,False,False,269.34581410968894
1,2025-08-27 13:36:00+00:00,2025-08-27,2025-08-27 20:00:00+00:00,583392,value_area_bounce,1,13.964285714285714,23502.24,23495.463750000003,23487.776250000003,23505.713750000003,23494.031158878686,23501.013301735828,23487.049016021545,False,False,False,3156.204751048711
1,2025-08-27 13:54:00+00:00,2025-08-27,2025-08-27 20:00:00+00:00,583410,value_area_bounce,1,18.21142857142877,23486.49,23496.349375,23466.599375,23518.661875,23478.927386795494,23488.033101081208,23469.82167250978,False,False,False,8434.448583438014
1,2025-08-27 13:56:00+00:00,2025-08-27,2025-08-27 20:00:00+00:00,583412,value_area_bounce,1,18.907857142857342,23477.49,23497.151458333334,23468.73479166667,23518.463958333334,23478.63493251328,23488.088861084707,23469.181003941852,False,False,False,4403.886899809355
1,2025-08-27 14:45:00+00:00,2025-08-27,2025-08-27 20:00:00+00:00,583461,value_area_bounce,-1,8.740714285714214,23533.620000000003,23481.443125,23464.818125,23543.786875,23494.83699887237,23499.207356015228,23490.466641729516,False,False,False,-1618.0290596135142
1,2025-08-27 15:01:00+00:00,2025-08-27,2025-08-27 20:00:00+00:00,583477,value_area_bounce,-1,7.1521428571429295,23549.49,23549.201875000002,23540.343125,23552.154791666668,23499.29846833033,23502.8745397589,23495.722396901758,False,False,False,-1510.0797323939446
1,2025-08-27 16:40:00+00:00,2025-08-27,2025-08-27 20:00:00+00:00,583576,value_area_bounce,1,9.802857142856997,23514.99,23568.25875,23509.178750000003,23575.643750000003,23510.85245607901,23515.75388465044,23505.95102750758,False,False,False,639.4932404050662
1,2025-08-27 19:59:00+00:00,2025-08-27,2025-08-27 20:00:00+00:00,583775,value_area_bounce,-1,8.944285714286057,23567.370000000003,23571.792083333334,23521.68791666667,23571.792083333334,23526.87429395307,23531.346436810214,23522.40215109593,False,False,False,-2600.555834320999
1,2025-08-28 13:30:00+00:00,2025-08-28,2025-08-28 20:00:00+00:00,584766,value_area_bounce,1,10.291428571428437,23655.04,23585.504999999997,23584.375,23594.545,23630.293333333335,23635.43904761905,23625.14761904762,False,False,False,7212.8316144252985
1,2025-08-28 13:35:00+00:00,2025-08-28,2025-08-28 20:00:00+00:00,584771,value_area_bounce,-1,19.371428571428623,23643.92,23680.334791666668,23591.37520833333,23680.334791666668,23660.892584598656,23670.57829888437,23651.20687031294,False,False,False,-3807.129482722752
1,2025-08-28 13:38:00+00:00,2025-08-28,2025-08-28 20:00:00+00:00,584774,value_area_bounce,-1,23.47857142857148,23653.79,23652.242291666666,23582.011041666665,23666.28854166667,23658.019290583834,23669.758576298118,23646.28000486955,False,False,False,-6196.91667087336
1,2025-08-28 13:41:00+00:00,2025-08-28,2025-08-28 20:00:00+00:00,584777,value_area_bounce,-1,26.817857142857196,23652.29,23652.242291666666,23582.011041666665,23666.28854166667,23659.620146623438,23673.029075194867,23646.21121805201,False,False,False,-1214.761750080243
1,2025-08-28 13:43:00+00:00,2025-08-28,2025-08-28 20:00:00+00:00,584779,value_area_bounce,-1,29.758571428571617,23655.67,23670.970625,23628.831875,23670.970625,23660.456486174604,23675.33577188889,23645.577200460317,False,False,False,-2703.6156085984776
1,2025-08-28 16:55:00+00:00,2025-08-28,2025-08-28 20:00:00+00:00,584971,value_area_bounce,-1,6.356428571428945,23695.04,23677.644166666665,23664.330833333333,23700.942499999997,23627.293193694062,23630.471407979778,23624.114979408347,False,False,False,-173.8256202643538
1,2025-08-28 18:00:00+00:00,2025-08-28,2025-08-28 20:00:00+00:00,585036,value_area_bounce,-1,5.0221428571434705,23713.79,23714.274375,23696.461875,23719.618125,23633.183541298353,23635.694612726926,23630.67246986978,False,False,False,-163.45806933037272
1,2025-08-28 19:03:00+00:00,2025-08-28,2025-08-28 20:00:00+00:00,585099,value_area_bounce,-1,4.549285714285101,23738.54,23731.90625,23725.83625,23744.04625,23638.256911474356,23640.531554331497,23635.982268617216,False,False,False,-13.024686723394097
1,2025-08-28 19:35:00+00:00,2025-08-28,2025-08-28 20:00:00+00:00,585131,value_area_bounce,1,4.90214285714267,23733.79,23731.877916666665,23727.47458333333,23738.482916666668,23640.842391617607,23643.29346304618,23638.391320189035,False,False,False,1010.2447290100456
1,2025-08-28 19:37:00+00:00,2025-08-28,2025-08-28 20:00:00+00:00,585133,value_area_bounce,1,5.196428571428571,23729.54,23731.877916666665,23727.47458333333,23738.482916666668,23641.0282035466,23643.626417832314,23638.429989260887,False,False,False,787.7526109325895
1,2025-08-28 19:45:00+00:00,2025-08-28,2025-08-28 20:00:00+00:00,585141,value_area_bounce,-1,4.76571428571359,23737.04,23737.38208333333,23728.575416666667,23740.684583333335,23641.670265547928,23644.053122690784,23639.28740840507,False,False,False,-832.5061425403167
1,2025-08-28 19:50:00+00:00,2025-08-28,2025-08-28 20:00:00+00:00,585146,value_area_bounce,-1,5.882142857141973,23734.04,23731.877916666665,23727.47458333333,23739.583749999998,23642.338186456716,23645.279257885286,23639.397115028147,False,False,False,-229.684921783454
1,2025-08-28 19:56:00+00:00,2025-08-28,2025-08-28 20:00:00+00:00,585152,value_area_bounce,1,8.372142857142535,23730.79,23737.628333333334,23727.254999999997,23738.925,23643.554841849935,23647.740913278507,23639.368770421363,False,False,False,261.55641329353455
1,2025-08-29 13:30:00+00:00,2025-08-29,2025-08-29 20:00:00+00:00,586146,value_area_bounce,-1,8.65214285714293,23600.61,23613.730833333335,23605.104166666668,23613.730833333335,23603.570000000003,23607.896071428575,23599.24392857143,False,False,False,-2889.005784595876
1,2025-08-29 13:31:00+00:00,2025-08-29,2025-08-29 20:00:00+00:00,586147,value_area_bounce,1,9.857142857142858,23605.11,23603.068125,23603.068125,23612.818125,23602.206452089988,23607.13502351856,23597.277880661415,False,False,False,41.17011762004313
1,2025-08-29 13:35:00+00:00,2025-08-29,2025-08-29 20:00:00+00:00,586151,value_area_bounce,1,12.335714285714337,23587.74,23588.74375,23582.18041666667,23610.074583333335,23595.511863461754,23601.67972060461,23589.344006318897,False,False,False,334.1546899656166
1,2025-08-29 14:00:00+00:00,2025-08-29,2025-08-29 20:00:00+00:00,586176,value_area_bounce,1,20.94000000000025,23494.49,23508.760000000002,23461.253333333334,23583.413333333334,23536.326089284896,23546.796089284897,23525.856089284895,False,False,False,2075.4581805126377
1,2025-08-29 14:03:00+00:00,2025-08-29,2025-08-29 20:00:00+00:00,586179,opening_range_breakout,-1,22.894285714285747,23448.49,23505.528749999998,23456.651250000003,23575.353750000002,23530.05103159414,23541.49817445128,23518.603888736998,False,False,False,-7529.787382347467
1,2025-08-29 14:16:00+00:00,2025-08-29,2025-08-29 20:00:00+00:00,586192,value_area_bounce,1,24.51071428571439,23393.74,23403.948333333334,23383.78166666667,23545.115,23491.871535079357,23504.126892222215,23479.6161779365,False,False,False,233.07480031118575
1,2025-08-29 17:21:00+00:00,2025-08-29,2025-08-29 20:00:00+00:00,586377,value_area_bounce,1,11.062142857143304,23382.61,23428.915833333336,23382.375833333335,23436.6725,23443.104262780398,23448.63533420897,23437.573191351825,False,False,False,1876.7247362715334
1,2025-08-29 18:00:00+00:00,2025-08-29,2025-08-29 20:00:00+00:00,586416,value_area_bounce,-1,9.204999999999927,23397.61,23376.92875,23360.74125,23399.591249999998,23439.854254243637,23444.456754243638,23435.251754243636,False,False,False,-1547.7808637627031
1,2025-08-29 19:27:00+00:00,2025-08-29,2025-08-29 20:00:00+00:00,586503,value_area_bounce,-1,6.492857142857507,23409.86,23397.603125,23395.660208333335,23418.975208333333,23436.384362923003,23439.630791494434,23433.137934351573,False,False,False,-1531.8226047499675
1,2025-08-29 19:41:00+00:00,2025-08-29,2025-08-29 20:00:00+00:00,586517,value_area_bounce,1,8.15214285714293,23419.86,23418.975208333333,23409.260625000003,23428.689791666668,23435.870655538813,23439.946726967384,23431.79458411024,False,False,False,1400.128718457992
1,2025-08-29 19:49:00+00:00,2025-08-29,2025-08-29 20:00:00+00:00,586525,value_area_bounce,-1,8.963571428571283,23424.36,23419.630625,23409.186875,23427.985625,23435.8037432232,23440.285528937486,23431.321957508917,False,False,False,-59.05433141955041
1,2025-08-29 19:50:00+00:00,2025-08-29,2025-08-29 20:00:00+00:00,586526,value_area_bounce,-1,11.263571428571336,23397.86,23419.630625,23409.186875,23427.985625,23435.66789090421,23441.299676618495,23430.036105189924,False,False,False,-2776.1870224076893
1,2025-08-29 19:58:00+00:00,2025-08-29,2025-08-29 20:00:00+00:00,586534,value_area_bounce,1,14.812857142856956,23412.36,23401.1775,23401.1775,23427.0525,23434.669919917313,23442.076348488743,23427.263491345882,False,False,False,2749.290081802703
1,2025-08-29 19:59:00+00:00,2025-08-29,2025-08-29 20:00:00+00:00,586535,value_area_bounce,1,16.9292857142856,23423.86,23401.1775,23401.1775,23427.0525,23434.482613602206,23442.94725645935,23426.017970745062,False,False,False,10334.310134975894
1,2025-09-02 17:11:00+00:00,2025-09-02,2025-09-02 20:00:00+00:00,588879,value_area_bounce,-1,8.22285714285707,23076.0,23034.708333333336,23024.458333333336,23079.125,23115.576312682664,23119.687741254093,23111.464884111236,False,False,False,-2737.6366124893284
1,2025-09-02 18:13:00+00:00,2025-09-02,2025-09-02 20:00:00+00:00,588941,value_area_bounce,1,10.160714285714286,23146.5,23176.853958333333,23144.770625,23180.864375,23118.174020484177,23123.254377627036,23113.09366334132,False,False,False,70.6998078625877
1,2025-09-02 18:46:00+00:00,2025-09-02,2025-09-02 20:00:00+00:00,588974,value_area_bounce,1,8.079999999999927,23136.5,23142.900833333333,23124.19583333333,23144.979166666668,23118.814270344214,23122.854270344214,23114.774270344213,False,False,False,1120.1971992675485
1,2025-09-02 18:58:00+00:00,2025-09-02,2025-09-02 20:00:00+00:00,588986,value_area_bounce,-1,15.591428571429008,23148.75,23142.478125,23120.565208333333,23151.869375000002,23120.073651354887,23127.869365640603,23112.27793706917,False,False,False,-2096.5097687483876
1,2025-09-03 13:41:00+00:00,2025-09-03,2025-09-03 20:00:00+00:00,590049,value_area_bounce,1,21.49571428571497,23357.75,23359.703125,23338.515625,23384.421875,23362.1752334752,23372.923090618056,23351.42737633234,False,False,False,748.1530496653404
1,2025-09-03 13:44:00+00:00,2025-09-03,2025-09-03 20:00:00+00:00,590052,value_area_bounce,-1,22.150714285714848,23361.25,23359.703125,23349.109375,23370.296875,23361.34004247198,23372.415399614838,23350.264685329123,False,False,False,-3848.657522491033
1,2025-09-03 13:45:00+00:00,2025-09-03,2025-09-03 20:00:00+00:00,590053,value_area_bounce,-1,21.052857142857516,23358.25,23359.703125,23349.109375,23370.296875,23361.443915508593,23371.970344080022,23350.917486937164,False,False,False,-2985.323985909018
1,2025-09-03 13:48:00+00:00,2025-09-03,2025-09-03 20:00:00+00:00,590056,value_area_bounce,-1,20.589285714285715,23338.120000000003,23363.234375,23349.109375,23366.765625,23360.556125582403,23370.850768439544,23350.261482725262,False,False,False,-7467.8871647931355
1,2025-09-03 13:55:00+00:00,2025-09-03,2025-09-03 20:00:00+00:00,590063,value_area_bounce,-1,21.849285714285152,23349.0,23361.770000000004,23347.29,23372.63,23362.697984709503,23373.622627566645,23351.77334185236,False,False,False,-7111.479407709071
1,2025-09-03 14:00:00+00:00,2025-09-03,2025-09-03 20:00:00+00:00,590068,value_area_bounce,1,22.38499999999944,23380.25,23361.770000000004,23350.910000000003,23372.63,23362.003452885423,23373.195952885424,23350.810952885422,False,False,False,5757.474466049283
1,2025-09-03 14:12:00+00:00,2025-09-03,2025-09-03 20:00:00+00:00,590080,value_area_bounce,-1,23.150000000000936,23364.75,23358.9625,23347.7275,23377.6875,23369.574868797354,23381.149868797354,23357.999868797353,False,False,False,-9580.824926617284
1,2025-09-03 16:25:00+00:00,2025-09-03,2025-09-03 20:00:00+00:00,590213,value_area_bounce,-1,10.644285714284965,23391.870000000003,23390.285624999997,23374.423125,23398.216875,23396.38581107358,23401.70795393072,23391.063668216437,False,False,False,-2116.592708256665
1,2025-09-03 16:56:00+00:00,2025-09-03,2025-09-03 20:00:00+00:00,590244,value_area_bounce,1,10.018571428571054,23374.75,23396.958125,23372.834791666668,23402.988958333335,23395.18155824766,23400.190843961944,23390.172272533375,False,False,False,2361.9886137275053
1,2025-09-03 17:25:00+00:00,2025-09-03,2025-09-03 20:00:00+00:00,590273,value_area_bounce,-1,8.326428571429071,23387.370000000003,23381.084166666667,23357.71083333333,23395.6925,23395.44496255671,23399.608176842426,23391.281748270994,False,False,False,-2659.0540377019443
1,2025-09-03 18:25:00+00:00,2025-09-03,2025-09-03 20:00:00+00:00,590333,value_area_bounce,1,12.786428571428198,23316.120000000003,23311.171875,23296.796875,23339.921875,23385.65590424068,23392.049118526396,23379.262689954965,False,False,False,2727.64406992751
1,2025-09-04 13:31:00+00:00,2025-09-04,2025-09-04 20:00:00+00:00,591419,value_area_bounce,1,9.535000000000375,23454.25,23436.370000000003,23431.036666666667,23441.70333333334,23443.174348733046,23447.941848733048,23438.406848733044,False,False,False,2516.1420044563692
1,2025-09-04 13:37:00+00:00,2025-09-04,2025-09-04 20:00:00+00:00,591425,value_area_bounce,-1,17.991428571428383,23466.120000000003,23435.586875,23424.258125,23480.901875000003,23468.76324908478,23477.758963370492,23459.767534799066,False,False,False,-4759.538417733278
1,2025-09-04 13:46:00+00:00,2025-09-04,2025-09-04 20:00:00+00:00,591434,value_area_bounce,-1,21.470714285714035,23455.5,23435.586875,23435.586875,23462.020625,23461.20320975787,23471.938566900728,23450.467852615013,False,False,False,-747.4585999940737
1,2025-09-04 13:48:00+00:00,2025-09-04,2025-09-04 20:00:00+00:00,591436,value_area_bounce,-1,23.273571428571554,23426.25,23435.586875,23431.810625000002,23462.020625,23460.552055799028,23472.188841513314,23448.91527008474,False,False,False,-1965.7596061583808
1,2025-09-04 13:49:00+00:00,2025-09-04,2025-09-04 20:00:00+00:00,591437,value_area_bounce,1,23.764285714286025,23449.870000000003,23435.586875,23431.810625000002,23462.020625,23459.66150033178,23471.54364318892,23447.779357474636,False,False,False,973.4812284793798
1,2025-09-04 13:52:00+00:00,2025-09-04,2025-09-04 20:00:00+00:00,591440,value_area_bounce,-1,22.567857142857456,23443.25,23435.586875,23435.586875,23462.020625,23458.987701248643,23470.271629820072,23447.703772677214,False,False,False,-4147.814758315068
1,2025-09-04 13:53:00+00:00,2025-09-04,2025-09-04 20:00:00+00:00,591441,value_area_bounce,1,22.70142857142907,23444.5,23435.586875,23435.586875,23462.020625,23458.452947045636,23469.803661331352,23447.10223275992,False,False,False,1833.05164945242
1,2025-09-04 14:12:00+00:00,2025-09-04,2025-09-04 20:00:00+00:00,591460,value_area_bounce,1,17.335714285714598,23431.120000000003,23452.385416666664,23420.760416666664,23478.739583333336,23444.030684732512,23452.69854187537,23435.362827589655,False,False,False,3279.468709649441
1,2025-09-04 15:11:00+00:00,2025-09-04,2025-09-04 20:00:00+00:00,591519,value_area_bounce,-1,10.360714285713973,23463.870000000003,23470.811875,23462.739375,23495.029375000002,23447.262708930128,23452.443066072985,23442.08235178727,False,False,False,-2099.391444754863
1,2025-09-04 16:58:00+00:00,2025-09-04,2025-09-04 20:00:00+00:00,591626,value_area_bounce,-1,8.696428571428571,23506.870000000003,23496.17125,23491.80625,23513.63125,23461.446758626906,23465.79497291262,23457.098544341192,False,False,False,-1978.3551172592051
1,2025-09-04 18:29:00+00:00,2025-09-04,2025-09-04 20:00:00+00:00,591717,value_area_bounce,-1,4.982142857142857,23562.370000000003,23557.521666666667,23552.411666666667,23567.74166666667,23471.49112147842,23473.98219290699,23469.000050049846,False,False,False,-406.35376697806106
1,2025-09-04 19:09:00+00:00,2025-09-04,2025-09-04 20:00:00+00:00,591757,value_area_bounce,-1,4.731428571428945,23584.0,23584.796875,23572.890625,23588.765625,23476.380940860785,23478.7466551465,23474.01522657507,False,False,False,-1.8922384196341682
1,2025-09-04 19:28:00+00:00,2025-09-04,2025-09-04 20:00:00+00:00,591776,value_area_bounce,-1,5.052857142857517,23593.120000000003,23585.114166666666,23570.90916666667,23597.740833333333,23479.443326231813,23481.96975480324,23476.916897660383,False,False,False,-1663.3290952744474
1,2025-09-04 19:31:00+00:00,2025-09-04,2025-09-04 20:00:00+00:00,591779,value_area_bounce,-1,4.883571428571615,23593.370000000003,23585.114166666666,23570.90916666667,23597.740833333333,23479.90215000461,23482.343935718898,23477.460364290324,False,False,False,-1479.7234846797726
1,2025-09-04 19:45:00+00:00,2025-09-04,2025-09-04 20:00:00+00:00,591793,value_area_bounce,-1,5.619285714285589,23599.370000000003,23584.826458333337,23581.435208333336,23599.521875000002,23482.014290108564,23484.823932965708,23479.20464725142,False,False,False,-1163.0842164997975
1,2025-09-05 13:30:00+00:00,2025-09-05,2025-09-05 20:00:00+00:00,592798,value_area_bounce,-1,13.221428571429508,23817.59,23846.652708333335,23807.933958333335,23859.558958333335,23833.546666666665,23840.15738095238,23826.93595238095,False,False,False,-12120.452058298999
1,2025-09-05 13:53:00+00:00,2025-09-05,2025-09-05 20:00:00+00:00,592821,value_area_bounce,1,27.748571428570617,23829.710000000003,23834.495833333334,23814.465833333335,23857.86416666667,23820.515870150357,23834.390155864643,23806.64158443607,False,False,False,14192.43134909145
1,2025-09-05 13:54:00+00:00,2025-09-05,2025-09-05 20:00:00+00:00,592822,value_area_bounce,1,27.739285714285092,23827.84,23834.495833333334,23814.465833333335,23857.86416666667,23820.669846659956,23834.539489517098,23806.800203802813,False,False,False,13188.715196642283
1,2025-09-05 14:02:00+00:00,2025-09-05,2025-09-05 20:00:00+00:00,592830,value_area_bounce,1,27.096428571429506,23791.960000000003,23815.62666666667,23791.346666666668,23831.813333333335,23815.619250350333,23829.167464636048,23802.07103606462,False,False,False,7027.80340691555
1,2025-09-05 14:40:00+00:00,2025-09-05,2025-09-05 20:00:00+00:00,592868,value_area_bounce,1,29.00928571428553,23604.34,23614.1525,23578.5275,23768.5275,23736.423185616168,23750.927828473312,23721.918542759024,False,False,False,4524.1520198037815
1,2025-09-05 16:08:00+00:00,2025-09-05,2025-09-05 20:00:00+00:00,592956,value_area_bounce,1,18.36571428571447,23592.59,23590.736458333333,23563.828958333335,23604.190208333333,23656.380871448488,23665.563728591344,23647.19801430563,False,False,False,3421.337903859919
1,2025-09-05 16:21:00+00:00,2025-09-05,2025-09-05 20:00:00+00:00,592969,value_area_bounce,-1,15.442142857143542,23586.710000000003,23591.855625,23576.491041666668,23607.220208333332,23654.393645654007,23662.11471708258,23646.672574225435,False,False,False,-4523.742660773333
1,2025-09-05 16:47:00+00:00,2025-09-05,2025-09-05 20:00:00+00:00,592995,value_area_bounce,-1,14.613571428571179,23577.460000000003,23589.95479166667,23560.910208333335,23597.87604166667,23649.72911341307,23657.035899127353,23642.422327698783,False,False,False,-2403.558345303169
1,2025-09-05 17:02:00+00:00,2025-09-05,2025-09-05 20:00:00+00:00,593010,value_area_bounce,-1,14.061428571429133,23586.710000000003,23580.163125000003,23562.006875000003,23603.506875000003,23647.617951042106,23654.64866532782,23640.587236756393,False,False,False,-125.46809994329215
1,2025-09-05 17:28:00+00:00,2025-09-05,2025-09-05 20:00:00+00:00,593036,value_area_bounce,-1,11.696428571428571,23601.960000000003,23578.471875000003,23568.576875,23608.156875,23645.205304443614,23651.053518729328,23639.3570901579,False,False,False,-5086.478957980952
1,2025-09-05 18:52:00+00:00,2025-09-05,2025-09-05 20:00:00+00:00,593120,value_area_bounce,-1,7.5449999999998125,23604.710000000003,23586.656875,23568.973125000004,23611.919375,23638.91757066672,23642.69007066672,23635.14507066672,False,False,False,-3403.038078588099
1,2025-09-05 19:30:00+00:00,2025-09-05,2025-09-05 20:00:00+00:00,593158,value_area_bounce,-1,7.6150000000005615,23644.960000000003,23632.663125000003,23609.881875000003,23645.319375000003,23638.59218710801,23642.39968710801,23634.78468710801,False,False,False,-302.37607196642864
1,2025-09-05 19:31:00+00:00,2025-09-05,2025-09-05 20:00:00+00:00,593159,value_area_bounce,-1,7.927142857143606,23629.460000000003,23632.663125000003,23609.881875000003,23645.319375000003,23638.587092412472,23642.550663841044,23634.6235209839,False,False,False,-1843.5935124421571
1,2025-09-05 19:47:00+00:00,2025-09-05,2025-09-05 20:00:00+00:00,593175,value_area_bounce,-1,10.947857142856394,23625.210000000003,23633.194375000003,23615.277708333335,23639.913125000003,23638.44761087263,23643.921539444058,23632.973682301203,False,False,False,-2375.6051621338866
1,2025-09-05 19:50:00+00:00,2025-09-05,2025-09-05 20:00:00+00:00,593178,value_area_bounce,1,10.909285714284904,23637.210000000003,23634.397500000003,23623.772500000003,23645.022500000003,23638.411562392568,23643.86620524971,23632.956919535427,False,False,False,2413.469796936
1,2025-09-05 19:54:00+00:00,2025-09-05,2025-09-05 20:00:00+00:00,593182,value_area_bounce,1,10.943571428571365,23624.59,23634.25166666667,23621.675000000003,23637.845,23638.28627272387,23643.758058438158,23632.814487009586,False,False,False,832.162508634307
1,2025-09-05 19:55:00+00:00,2025-09-05,2025-09-05 20:00:00+00:00,593183,value_area_bounce,1,11.46714285714292,23634.84,23633.772291666668,23619.810208333336,23635.766875,23638.26798235099,23644.001553779563,23632.534410922417,False,False,False,176.14561960021774
1,2025-09-05 19:57:00+00:00,2025-09-05,2025-09-05 20:00:00+00:00,593185,value_area_bounce,1,11.860000000000062,23624.59,23631.777708333335,23619.810208333336,23635.766875,23638.220695344862,23644.150695344862,23632.290695344862,False,False,False,2824.2264790516574
1,2025-09-05 19:58:00+00:00,2025-09-05,2025-09-05 20:00:00+00:00,593186,value_area_bounce,1,12.28857142857149,23633.460000000003,23631.777708333335,23619.810208333336,23635.766875,23638.20587784214,23644.350163556428,23632.061592127855,False,False,False,5902.369643785712
1,2025-09-08 13:30:00+00:00,2025-09-08,2025-09-08 20:00:00+00:00,594163,value_area_bounce,-1,7.92928571428586,23757.38,23749.744791666664,23743.036458333336,23758.130208333336,23763.33666666667,23767.301309523813,23759.372023809527,False,False,False,-5989.1203309295615
1,2025-09-08 13:33:00+00:00,2025-09-08,2025-09-08 20:00:00+00:00,594166,value_area_bounce,1,11.83071428571436,23770.38,23762.51125,23753.114583333336,23764.860416666666,23763.09540203684,23769.0107591797,23757.180044893983,False,False,False,666.3707895170858
1,2025-09-08 13:39:00+00:00,2025-09-08,2025-09-08 20:00:00+00:00,594172,value_area_bounce,-1,17.730000000000082,23772.13,23762.833125,23735.583125,23783.270625,23775.17341907369,23784.03841907369,23766.308419073688,False,False,False,-804.5459006971096
1,2025-09-08 13:47:00+00:00,2025-09-08,2025-09-08 20:00:00+00:00,594180,value_area_bounce,-1,20.26714285714323,23786.38,23764.525208333333,23738.14854166667,23800.793125,23785.298467578083,23795.432039006653,23775.164896149512,False,False,False,-1493.4224982520714
1,2025-09-08 14:01:00+00:00,2025-09-08,2025-09-08 20:00:00+00:00,594194,value_area_bounce,-1,17.54285714285678,23800.25,23765.048125,23743.304375,23808.535625,23797.130685884367,23805.902114455796,23788.35925731294,False,False,False,-5245.614146823269
1,2025-09-08 15:51:00+00:00,2025-09-08,2025-09-08 20:00:00+00:00,594304,value_area_bounce,1,9.679285714285859,23825.88,23831.572916666664,23824.885416666664,23847.177083333336,23812.045977240636,23816.88562009778,23807.206334383493,False,False,False,1794.223579018275
1,2025-09-08 17:17:00+00:00,2025-09-08,2025-09-08 20:00:00+00:00,594390,value_area_bounce,1,9.27714285714293,23765.25,23766.381458333333,23759.835208333334,23781.65604166667,23807.801747012483,23812.440318441055,23803.16317558391,False,False,False,733.2964590885055
1,2025-09-08 17:26:00+00:00,2025-09-08,2025-09-08 20:00:00+00:00,594399,value_area_bounce,-1,6.892142857142711,23770.5,23766.214375000003,23755.168958333335,23777.259791666667,23807.201756103685,23810.647827532255,23803.755684675114,False,False,False,-32.08265457006223
1,2025-09-09 13:30:00+00:00,2025-09-09,2025-09-09 20:00:00+00:00,595543,value_area_bounce,-1,8.643571428571574,23798.31,23785.777708333335,23772.995208333334,23804.951458333333,23808.516666666666,23812.83845238095,23804.194880952382,False,False,False,-8607.597406073091
1,2025-09-09 13:33:00+00:00,2025-09-09,2025-09-09 20:00:00+00:00,595546,value_area_bounce,-1,11.803571428571429,23812.31,23811.378750000003,23794.642916666668,23816.160416666666,23811.710064433766,23817.611850148052,23805.80827871948,False,False,False,-4417.13316196782
1,2025-09-09 13:36:00+00:00,2025-09-09,2025-09-09 20:00:00+00:00,595549,value_area_bounce,-1,13.79357142857121,23808.18,23811.378750000003,23804.206250000003,23816.160416666666,23811.341116504856,23818.23790221914,23804.44433079057,False,False,False,-5522.7129707643635
1,2025-09-09 13:38:00+00:00,2025-09-09,2025-09-09 20:00:00+00:00,595551,value_area_bounce,-1,14.374285714285568,23808.68,23811.378750000003,23806.597083333334,23816.160416666666,23811.057745113725,23818.244887970868,23803.870602256582,False,False,False,-2243.3461821651827
1,2025-09-09 13:39:00+00:00,2025-09-09,2025-09-09 20:00:00+00:00,595552,value_area_bounce,-1,14.29428571428564,23806.18,23808.987916666665,23806.597083333334,23816.160416666666,23810.882565185955,23818.029708043097,23803.735422328813,False,False,False,-2792.157424671942
1,2025-09-09 13:43:00+00:00,2025-09-09,2025-09-09 20:00:00+00:00,595556,value_area_bounce,1,16.6514285714285,23808.18,23808.987916666665,23801.815416666668,23816.160416666666,23808.62399299197,23816.949707277683,23800.298278706254,False,False,False,4620.7520544985155
1,2025-09-09 13:47:00+00:00,2025-09-09,2025-09-09 20:00:00+00:00,595560,value_area_bounce,1,13.77785714285736,23816.56,23808.987916666665,23801.815416666668,23816.160416666666,23809.0594974368,23815.948426008228,23802.17056886537,False,False,False,3899.486897978917
1,2025-09-09 13:48:00+00:00,2025-09-09,2025-09-09 20:00:00+00:00,595561,value_area_bounce,-1,14.563571428571647,23797.93,23808.987916666665,23801.815416666668,23816.160416666666,23808.885829479957,23816.167615194245,23801.60404376567,False,False,False,-1990.2676625520226
1,2025-09-09 14:00:00+00:00,2025-09-09,2025-09-09 20:00:00+00:00,595573,opening_range_breakout,-1,16.889999999999937,23758.06,23809.299583333333,23797.52875,23816.362083333333,23802.37213201703,23810.81713201703,23793.92713201703,False,False,False,-3893.556864241307
1,2025-09-09 14:07:00+00:00,2025-09-09,2025-09-09 20:00:00+00:00,595580,value_area_bounce,1,19.05928571428558,23791.56,23808.759166666667,23786.627500000002,23815.0825,23794.874062125462,23804.403704982604,23785.34441926832,False,False,False,5397.444936310799
1,2025-09-09 14:09:00+00:00,2025-09-09,2025-09-09 20:00:00+00:00,595582,value_area_bounce,1,19.45285714285715,23803.68,23808.759166666667,23786.627500000002,23815.0825,23794.858998052445,23804.585426623875,23785.132569481015,False,False,False,9134.065185025587
1,2025-09-09 14:45:00+00:00,2025-09-09,2025-09-09 20:00:00+00:00,595618,value_area_bounce,1,17.400714285713807,23734.18,23793.956041666665,23731.831041666665,23799.133125,23782.132646063514,23790.83300320637,23773.432288920656,False,False,False,2599.792082168046
1,2025-09-09 17:29:00+00:00,2025-09-09,2025-09-09 20:00:00+00:00,595782,value_area_bounce,-1,5.857142857142857,23813.68,23791.200833333336,23778.950833333336,23817.7425,23775.26382746552,23778.19239889409,23772.335256036946,False,False,False,-1884.3996103063587
1,2025-09-09 17:30:00+00:00,2025-09-09,2025-09-09 20:00:00+00:00,595783,value_area_bounce,-1,6.0349999999998545,23814.43,23791.200833333336,23778.950833333336,23815.700833333336,23775.340924538603,23778.3584245386,23772.323424538605,False,False,False,-1758.1418104127179
1,2025-09-09 17:41:00+00:00,2025-09-09,2025-09-09 20:00:00+00:00,595794,value_area_bounce,1,6.517142857142711,23808.68,23803.450833333336,23803.450833333336,23821.825833333336,23776.05401493132,23779.31258635989,23772.79544350275,False,False,False,1243.051707449467
1,2025-09-09 17:47:00+00:00,2025-09-09,2025-09-09 20:00:00+00:00,595800,value_area_bounce,1,6.302857142856998,23812.93,23814.580208333333,23802.956875000003,23817.486041666667,23776.433045738617,23779.584474310046,23773.281617167188,False,False,False,1319.2777002104867
1,2025-09-09 18:10:00+00:00,2025-09-09,2025-09-09 20:00:00+00:00,595823,value_area_bounce,-1,5.05428571428586,23806.56,23811.164375,23807.680625,23818.131875,23777.723046483847,23780.25018934099,23775.195903626704,False,False,False,-1288.310453190566
1,2025-09-09 18:19:00+00:00,2025-09-09,2025-09-09 20:00:00+00:00,595832,value_area_bounce,1,7.357857142857289,23813.18,23810.387708333335,23806.159375,23815.673125,23778.38687484943,23782.06580342086,23774.707946278002,False,False,False,1147.7277518882702
1,2025-09-09 18:20:00+00:00,2025-09-09,2025-09-09 20:00:00+00:00,595833,value_area_bounce,-1,7.517857142857143,23810.81,23810.387708333335,23806.159375,23815.673125,23778.451771039687,23782.210699611114,23774.69284246826,False,False,False,-568.7343170768704
1,2025-09-09 18:45:00+00:00,2025-09-09,2025-09-09 20:00:00+00:00,595858,value_area_bounce,1,5.062142857142784,23808.31,23811.44479166667,23802.988125,23818.844375,23779.369289444872,23781.900360873442,23776.838218016303,False,False,False,172.45896816881896
1,2025-09-09 19:00:00+00:00,2025-09-09,2025-09-09 20:00:00+00:00,595873,value_area_bounce,-1,4.5,23811.68,23800.873958333334,23795.588541666668,23813.558958333335,23780.065582947158,23782.315582947158,23777.815582947158,False,False,False,-2148.9520000006287
1,2025-09-09 19:37:00+00:00,2025-09-09,2025-09-09 20:00:00+00:00,595910,value_area_bounce,-1,4.688571428571647,23820.18,23817.778333333335,23808.448333333334,23825.035,23781.974567892445,23784.318853606732,23779.630282178157,False,False,False,-990.7846963816103
1,2025-09-09 19:38:00+00:00,2025-09-09,2025-09-09 20:00:00+00:00,595911,value_area_bounce,-1,4.7692857142860055,23820.68,23817.778333333335,23809.485,23822.961666666666,23782.02850018121,23784.413143038353,23779.64385732407,False,False,False,-2122.8831641840734
1,2025-09-10 13:49:00+00:00,2025-09-10,2025-09-10 20:00:00+00:00,596942,value_area_bounce,1,20.078571428570804,23918.7,23934.799166666668,23904.4075,23939.140833333335,23917.704432647202,23927.74371836149,23907.665146932915,False,False,False,7034.804686521925
1,2025-09-10 15:09:00+00:00,2025-09-10,2025-09-10 20:00:00+00:00,597022,value_area_bounce,1,9.97857142857122,23941.95,23943.403333333335,23938.263333333332,23950.256666666668,23926.879413126087,23931.86869884037,23921.890127411803,False,False,False,13.032599375265363
1,2025-09-10 17:06:00+00:00,2025-09-10,2025-09-10 20:00:00+00:00,597139,value_area_bounce,-1,7.759285714285787,23900.07,23892.533541666664,23883.418958333335,23903.471041666664,23921.72513560266,23925.604778459805,23917.845492745517,False,False,False,-1647.477630426377
1,2025-09-10 18:55:00+00:00,2025-09-10,2025-09-10 20:00:00+00:00,597248,value_area_bounce,1,8.685000000000011,23825.32,23837.450208333335,23823.232708333333,23854.037291666667,23909.45969823179,23913.802198231788,23905.11719823179,False,False,False,816.3379071815343
1,2025-09-11 13:32:00+00:00,2025-09-11,2025-09-11 20:00:00+00:00,598305,value_area_bounce,-1,10.197857142857433,23958.32,23959.443541666667,23924.06979166667,23959.443541666667,23961.28828714555,23966.38721571698,23956.189358574124,False,False,False,-3596.4529156545877
1,2025-09-11 13:34:00+00:00,2025-09-11,2025-09-11 20:00:00+00:00,598307,value_area_bounce,-1,12.099285714285932,23961.95,23961.045625,23925.934375,23964.946875,23962.151006006006,23968.20064886315,23956.101363148864,False,False,False,-1467.9822304041893
1,2025-09-11 13:35:00+00:00,2025-09-11,2025-09-11 20:00:00+00:00,598308,value_area_bounce,-1,12.697857142857433,23953.95,23959.253750000003,23928.36125,23966.11875,23961.29857422032,23967.647502791748,23954.949645648892,False,False,False,-544.3878600271519
1,2025-09-11 13:46:00+00:00,2025-09-11,2025-09-11 20:00:00+00:00,598319,value_area_bounce,1,20.080714285714357,23924.95,23961.903125,23921.684375,23965.559375,23931.64158259549,23941.681939738348,23921.601225452632,False,False,False,2873.103701029404
1,2025-09-11 13:50:00+00:00,2025-09-11,2025-09-11 20:00:00+00:00,598323,value_area_bounce,1,18.142857142857142,23929.45,23961.903125,23918.028125,23965.559375,23931.353583105105,23940.425011676532,23922.282154533677,False,False,False,8656.463149714345
1,2025-09-11 13:52:00+00:00,2025-09-11,2025-09-11 20:00:00+00:00,598325,value_area_bounce,1,18.24928571428557,23936.57,23961.903125,23921.684375,23965.559375,23931.571336505738,23940.69597936288,23922.446693648595,False,False,False,8438.959297136018
1,2025-09-11 14:55:00+00:00,2025-09-11,2025-09-11 20:00:00+00:00,598388,value_area_bounce,-1,11.00571428571415,23956.95,23940.842083333333,23925.712916666667,23971.100416666668,23945.00731153271,23950.510168675566,23939.504454389855,False,False,False,-2804.989973689441
1,2025-09-11 17:53:00+00:00,2025-09-11,2025-09-11 20:00:00+00:00,598566,value_area_bounce,1,7.134285714285787,23998.82,24003.903125,23991.81979166667,24006.923958333333,23965.479694825677,23969.04683768282,23961.912551968533,False,False,False,1873.9892182326955
1,2025-09-11 18:36:00+00:00,2025-09-11,2025-09-11 20:00:00+00:00,598609,value_area_bounce,1,5.417857142856779,24000.95,23997.60625,23996.29375,24006.79375,23967.874667621567,23970.583596192995,23965.16573905014,False,False,False,198.06904519355072
1,2025-09-11 19:00:00+00:00,2025-09-11,2025-09-11 20:00:00+00:00,598633,value_area_bounce,-1,4.322142857143002,24007.32,23996.7,23993.2,24009.533333333333,23969.230805064824,23971.391876493395,23967.069733636254,False,False,False,-648.853886022836
1,2025-09-11 19:34:00+00:00,2025-09-11,2025-09-11 20:00:00+00:00,598667,value_area_bounce,1,4.648571428571294,24013.2,24008.575,24007.705,24016.405,23970.982724409023,23973.30701012331,23968.658438694736,False,False,False,1013.5072534067549
1,2025-09-11 19:50:00+00:00,2025-09-11,2025-09-11 20:00:00+00:00,598683,value_area_bounce,1,5.372142857142795,24019.82,24008.033541666664,24005.564791666664,24012.148125,23971.942592936004,23974.628664364576,23969.256521507432,False,False,False,3245.4652153668767
1,2025-09-11 19:55:00+00:00,2025-09-11,2025-09-11 20:00:00+00:00,598688,value_area_bounce,-1,7.1399999999999375,24003.82,24010.22625,24006.49625,24016.753750000003,23972.456661386677,23976.026661386677,23968.886661386678,False,False,False,-3097.6227988666124
1,2025-09-11 19:59:00+00:00,2025-09-11,2025-09-11 20:00:00+00:00,598692,value_area_bounce,-1,9.127857142856945,23988.82,24010.22625,24007.42875,24016.753750000003,23972.90383289729,23977.467761468717,23968.33990432586,False,False,False,-3321.4132556228446
1,2025-09-12 13:30:00+00:00,2025-09-12,2025-09-12 20:00:00+00:00,599683,value_area_bounce,-1,5.409285714285423,24027.16,24026.2275,24019.4775,24027.3525,24029.786666666667,24032.491309523808,24027.082023809526,False,False,False,-3261.0672313500822
1,2025-09-12 13:31:00+00:00,2025-09-12,2025-09-12 20:00:00+00:00,599684,value_area_bounce,1,7.069999999999709,24025.16,24029.232083333336,24022.795416666668,24029.232083333336,24025.716672135462,24029.251672135462,24022.181672135463,False,False,False,359.2822832130246
1,2025-09-12 13:42:00+00:00,2025-09-12,2025-09-12 20:00:00+00:00,599695,value_area_bounce,1,15.35357142857122,24001.66,24021.12875,23998.06625,24031.37875,24008.88454686446,24016.561332578745,24001.207761150177,False,False,False,4300.080119345341
1,2025-09-12 13:44:00+00:00,2025-09-12,2025-09-12 20:00:00+00:00,599697,value_area_bounce,1,14.944285714285797,24009.79,24028.81625,23998.06625,24031.37875,24008.47901089522,24015.95115375236,24001.006868038075,False,False,False,4429.239137093789
1,2025-09-12 13:53:00+00:00,2025-09-12,2025-09-12 20:00:00+00:00,599706,value_area_bounce,1,11.125714285714432,24008.41,24028.81625,24003.19125,24028.81625,24008.426643926003,24013.98950106886,24002.863786783146,False,False,False,1977.9789941430663
1,2025-09-12 16:30:00+00:00,2025-09-12,2025-09-12 20:00:00+00:00,599863,value_area_bounce,-1,4.589285714285714,24083.79,24084.1025,24062.2275,24085.560833333337,24039.573364619726,24041.868007476867,24037.278721762585,False,False,False,-511.0564092452948
1,2025-09-12 19:44:00+00:00,2025-09-12,2025-09-12 20:00:00+00:00,600057,value_area_bounce,1,8.231428571428426,24093.04,24134.094375,24089.638124999998,24137.058125000003,24059.109616404654,24063.22533069037,24054.99390211894,False,False,False,922.6855112634709
1,2025-09-12 19:45:00+00:00,2025-09-12,2025-09-12 20:00:00+00:00,600058,value_area_bounce,1,8.356428571428426,24097.66,24134.094375,24089.638124999998,24137.058125000003,24059.218088646787,24063.396302932502,24055.03987436107,False,False,False,3154.112892215535
1,2025-09-12 19:48:00+00:00,2025-09-12,2025-09-12 20:00:00+00:00,600061,value_area_bounce,1,8.382857142856924,24093.91,24133.9725,24089.5975,24136.930833333332,24059.507025483374,24063.698454054804,24055.315596911943,False,False,False,1862.000432944209
1,2025-09-12 19:57:00+00:00,2025-09-12,2025-09-12 20:00:00+00:00,600070,value_area_bounce,1,8.921428571428935,24100.41,24109.227708333332,24090.342291666668,24130.811041666668,24060.9164113757,24065.377125661413,24056.455697089987,False,False,False,1934.540449928038
1,2025-09-15 16:03:00+00:00,2025-09-15,2025-09-15 20:00:00+00:00,601201,value_area_bounce,-1,6.375,24253.980000000003,24239.380833333336,24227.130833333336,24259.7975,24223.60823142645,24226.79573142645,24220.42073142645,False,False,False,-2350.4024866096047
1,2025-09-15 16:05:00+00:00,2025-09-15,2025-09-15 20:00:00+00:00,601203,value_area_bounce,-1,6.098571428571241,24255.730000000003,24255.714166666665,24227.130833333336,24259.7975,24223.851130633393,24226.90041634768,24220.801844919108,False,False,False,-2532.1072334051623
1,2025-09-15 16:08:00+00:00,2025-09-15,2025-09-15 20:00:00+00:00,601206,value_area_bounce,-1,6.251428571427823,24265.730000000003,24255.714166666665,24239.380833333336,24265.9225,24224.28404582295,24227.409760108665,24221.158331537237,False,False,False,-414.1259520925271
1,2025-09-15 16:26:00+00:00,2025-09-15,2025-09-15 20:00:00+00:00,601224,value_area_bounce,1,5.877857142857205,24259.980000000003,24265.758125,24257.076875,24274.439375,24226.82594112452,24229.764869695948,24223.887012553092,False,False,False,432.23837045452103
1,2025-09-15 17:38:00+00:00,2025-09-15,2025-09-15 20:00:00+00:00,601296,value_area_bounce,1,6.22285714285733,24247.230000000003,24253.740208333336,24244.625625,24262.854791666665,24231.647792700835,24234.759221272263,24228.536364129406,False,False,False,1096.0713254143752
1,2025-09-15 18:12:00+00:00,2025-09-15,2025-09-15 20:00:00+00:00,601330,value_area_bounce,-1,4.767857142857143,24260.980000000003,24242.616875,24235.721875000003,24265.025625000002,24233.793254545915,24236.177183117343,24231.409325974488,False,False,False,-1539.1970589480661
1,2025-09-15 18:16:00+00:00,2025-09-15,2025-09-15 20:00:00+00:00,601334,value_area_bounce,-1,5.57071428571466,24259.980000000003,24242.616875,24235.721875000003,24266.749375000003,24234.08371851976,24236.869075662617,24231.298361376903,False,False,False,-853.5982893288993
1,2025-09-15 19:31:00+00:00,2025-09-15,2025-09-15 20:00:00+00:00,601409,value_area_bounce,-1,4.794285714285901,24256.730000000003,24257.86,24249.86,24260.526666666665,24236.91795043238,24239.315093289522,24234.520807575238,False,False,False,-610.6539372275238
1,2025-09-15 19:50:00+00:00,2025-09-15,2025-09-15 20:00:00+00:00,601428,value_area_bounce,-1,5.759285714285527,24260.86,24258.293125000004,24254.434375,24263.438125,24238.078340247106,24240.95798310425,24235.198697389962,False,False,False,-632.2786762277209
1,2025-09-16 14:38:00+00:00,2025-09-16,2025-09-16 20:00:00+00:00,602496,value_area_bounce,-1,9.143571428572093,24275.230000000003,24282.927916666667,24281.198750000003,24295.03208333334,24299.17870052941,24303.750486243694,24294.606914815125,False,False,False,-414.28977625976086
1,2025-09-16 16:35:00+00:00,2025-09-16,2025-09-16 20:00:00+00:00,602613,value_area_bounce,-1,5.350714285716614,24261.35,24264.147291666668,24259.375625,24270.111875000002,24287.85446954247,24290.52982668533,24285.17911239961,False,False,False,-1698.3874534537943
1,2025-09-16 16:41:00+00:00,2025-09-16,2025-09-16 20:00:00+00:00,602619,value_area_bounce,-1,6.5278571428581404,24264.230000000003,24264.147291666668,24259.375625,24270.111875000002,24287.540925604502,24290.80485417593,24284.276997033074,False,False,False,-714.9646857899959
1,2025-09-16 17:40:00+00:00,2025-09-16,2025-09-16 20:00:00+00:00,602678,value_area_bounce,1,4.739999999999002,24280.85,24277.84458333334,24276.573750000003,24286.740416666667,24286.503362969877,24288.873362969876,24284.13336296988,False,False,False,1960.5969457412994
1,2025-09-16 17:53:00+00:00,2025-09-16,2025-09-16 20:00:00+00:00,602691,value_area_bounce,1,4.170714285715284,24279.230000000003,24278.0,24278.0,24285.62666666667,24286.331483026966,24288.416840169823,24284.24612588411,False,False,False,547.3663384697029
1,2025-09-16 17:54:00+00:00,2025-09-16,2025-09-16 20:00:00+00:00,602692,value_area_bounce,1,4.170714285715284,24281.85,24278.0,24278.0,24285.62666666667,24286.322576219733,24288.40793336259,24284.237219076876,False,False,False,841.646338466704
1,2025-09-16 18:06:00+00:00,2025-09-16,2025-09-16 20:00:00+00:00,602704,value_area_bounce,1,5.079999999999667,24285.35,24278.0,24278.0,24286.58,24286.19712961002,24288.73712961002,24283.65712961002,False,False,False,894.4957037374477
1,2025-09-16 18:20:00+00:00,2025-09-16,2025-09-16 20:00:00+00:00,602718,value_area_bounce,1,4.367142857143855,24280.85,24278.125625,24274.661041666666,24281.590208333335,24286.042617045787,24288.22618847436,24283.859045617213,False,False,False,354.17927962882015
1,2025-09-16 18:21:00+00:00,2025-09-16,2025-09-16 20:00:00+00:00,602719,value_area_bounce,-1,4.393571428572094,24281.1,24278.125625,24274.661041666666,24281.590208333335,24286.035581276872,24288.232366991157,24283.838795562588,False,False,False,-14.609951142442355
1,2025-09-16 18:40:00+00:00,2025-09-16,2025-09-16 20:00:00+00:00,602738,value_area_bounce,-1,4.079999999999667,24284.230000000003,24281.5375,24276.7875,24285.495833333334,24285.96684725157,24288.00684725157,24283.92684725157,False,False,False,-387.177142851508
1,2025-09-17 13:31:00+00:00,2025-09-17,2025-09-17 20:00:00+00:00,603809,value_area_bounce,-1,7.72285714285681,24274.92,24282.914791666662,24270.446041666662,24282.914791666662,24280.29629410167,24284.1577226731,24276.434865530242,False,False,False,-2797.698793428165
1,2025-09-17 13:32:00+00:00,2025-09-17,2025-09-17 20:00:00+00:00,603810,value_area_bounce,-1,8.365714285713953,24268.800000000003,24282.914791666662,24273.216875,24282.914791666662,24278.658041592265,24282.84089873512,24274.47518444941,False,False,False,-7719.335157064528
1,2025-09-17 13:46:00+00:00,2025-09-17,2025-09-17 20:00:00+00:00,603824,value_area_bounce,1,13.409285714284383,24225.050000000003,24228.853750000002,24215.917083333334,24274.13208333333,24249.733634163207,24256.43827702035,24243.028991306066,False,False,False,89.26703487670466
1,2025-09-17 14:01:00+00:00,2025-09-17,2025-09-17 20:00:00+00:00,603839,opening_range_breakout,-1,14.28785714285706,24209.92,24228.853750000002,24215.917083333334,24261.19541666667,24247.50881622962,24254.65274480105,24240.36488765819,False,False,False,-4128.114729845289
1,2025-09-17 16:25:00+00:00,2025-09-17,2025-09-17 20:00:00+00:00,603983,value_area_bounce,-1,5.438571428572426,24161.92,24154.846875000003,24149.888541666667,24162.284375000003,24208.641620451617,24211.360906165904,24205.92233473733,False,False,False,-675.4070216992001
1,2025-09-17 16:31:00+00:00,2025-09-17,2025-09-17 20:00:00+00:00,603989,value_area_bounce,-1,5.912142857144188,24159.67,24162.284375000003,24154.846875000003,24164.763541666667,24207.935822620464,24210.891894049037,24204.97975119189,False,False,False,-1126.748781570488
1,2025-09-17 17:51:00+00:00,2025-09-17,2025-09-17 20:00:00+00:00,604069,value_area_bounce,-1,6.563571428572426,24175.800000000003,24150.100625,24140.162291666667,24179.915625,24198.807961072613,24202.0897467869,24195.526175358325,False,False,False,-1441.1599729583172
1,2025-09-17 18:09:00+00:00,2025-09-17,2025-09-17 20:00:00+00:00,604087,value_area_bounce,-1,27.215714285715617,24191.300000000003,24217.346875000003,24148.690625000003,24222.628125000003,24203.229588853057,24216.837445995916,24189.6217317102,False,False,False,-13988.810738277842
1,2025-09-17 18:44:00+00:00,2025-09-17,2025-09-17 20:00:00+00:00,604122,value_area_bounce,1,43.76642857142828,24071.17,24123.85145833333,24046.974791666667,24162.28979166667,24168.697549873246,24190.58076415896,24146.814335587533,False,False,False,5132.386198215513
1,2025-09-17 18:47:00+00:00,2025-09-17,2025-09-17 20:00:00+00:00,604125,value_area_bounce,1,43.76999999999992,24067.300000000003,24118.809999999998,24065.71,24171.910000000003,24164.808153875485,24186.693153875483,24142.923153875487,False,False,False,10993.495454003638
1,2025-09-17 18:48:00+00:00,2025-09-17,2025-09-17 20:00:00+00:00,604126,value_area_bounce,1,45.59142857142849,24097.67,24118.809999999998,24065.71,24171.910000000003,24163.651644300986,24186.4473585867,24140.85593001527,False,False,False,9831.76586984788
1,2025-09-18 13:30:00+00:00,2025-09-18,2025-09-18 20:00:00+00:00,605188,value_area_bounce,-1,10.454999999999927,24406.19,24428.549375,24406.861875,24443.00770833333,24417.316666666666,24422.544166666667,24412.089166666665,False,False,False,-9227.901692351066
1,2025-09-18 13:31:00+00:00,2025-09-18,2025-09-18 20:00:00+00:00,605189,value_area_bounce,1,12.276428571428498,24436.94,24417.705625,24403.247291666667,24435.778541666667,24421.41414251269,24427.552356798406,24415.275928226976,False,False,False,260.0095803759359
1,2025-09-18 13:38:00+00:00,2025-09-18,2025-09-18 20:00:00+00:00,605196,value_area_bounce,-1,18.83714285714242,24425.57,24417.401875,24403.213541666664,24445.778541666667,24437.11054905338,24446.52912048195,24427.69197762481,False,False,False,-2321.3794685092685
1,2025-09-18 13:49:00+00:00,2025-09-18,2025-09-18 20:00:00+00:00,605207,value_area_bounce,1,22.317857142856933,24407.32,24427.261874999997,24394.195625,24450.880624999998,24411.150217976414,24422.309146547843,24399.991289404985,False,False,False,13438.578915164358
1,2025-09-18 13:57:00+00:00,2025-09-18,2025-09-18 20:00:00+00:00,605215,value_area_bounce,1,22.469999999999864,24422.82,24427.261874999997,24403.643125,24450.880624999998,24413.596412789306,24424.831412789306,24402.361412789305,False,False,False,721.3195810757697
1,2025-09-18 15:01:00+00:00,2025-09-18,2025-09-18 20:00:00+00:00,605279,value_area_bounce,1,12.59714285714264,24506.82,24501.003541666665,24497.821458333332,24523.278125,24455.52772981056,24461.826301239133,24449.22915838199,False,False,False,635.6783022210227
1,2025-09-18 17:06:00+00:00,2025-09-18,2025-09-18 20:00:00+00:00,605404,value_area_bounce,-1,5.296428571428935,24539.82,24531.830416666664,24517.997083333335,24540.47625,24477.72035029319,24480.368564578905,24475.07213600748,False,False,False,-857.0498751468376
1,2025-09-18 17:07:00+00:00,2025-09-18,2025-09-18 20:00:00+00:00,605405,value_area_bounce,-1,5.314285714286078,24539.94,24531.830416666664,24519.72625,24540.47625,24477.837163365897,24480.49430622304,24475.180020508753,False,False,False,-1251.205345641626
1,2025-09-18 17:08:00+00:00,2025-09-18,2025-09-18 20:00:00+00:00,605406,value_area_bounce,-1,5.680000000000291,24535.94,24530.960625,24520.273125,24541.648125,24477.962219509693,24480.802219509693,24475.122219509693,False,False,False,-1746.0110599271088
1,2025-09-18 17:16:00+00:00,2025-09-18,2025-09-18 20:00:00+00:00,605414,value_area_bounce,-1,5.5271428571429295,24530.57,24531.878125,24530.414375,24537.733125,24478.773237478432,24481.536808907003,24476.00966604986,False,False,False,-2276.3327352937604
1,2025-09-18 17:17:00+00:00,2025-09-18,2025-09-18 20:00:00+00:00,605415,value_area_bounce,-1,5.848571428571502,24531.44,24536.613125,24531.008125,24538.014375,24478.87382854574,24481.798114260026,24475.949542831455,False,False,False,-2016.9899322631745
1,2025-09-18 17:19:00+00:00,2025-09-18,2025-09-18 20:00:00+00:00,605417,value_area_bounce,-1,6.276428571428498,24530.07,24531.622083333335,24530.517916666664,24537.142916666664,24479.090310275882,24482.228524561597,24475.952095990167,False,False,False,-599.4902291161868
1,2025-09-18 17:22:00+00:00,2025-09-18,2025-09-18 20:00:00+00:00,605420,value_area_bounce,1,6.366428571428644,24530.07,24530.835,24529.964999999997,24536.925,24479.38290724061,24482.566121526324,24476.1996929549,False,False,False,753.3272997869931
1,2025-09-18 18:29:00+00:00,2025-09-18,2025-09-18 20:00:00+00:00,605487,value_area_bounce,-1,8.178571428571429,24485.32,24481.537708333333,24479.907291666666,24491.32020833333,24480.92046591768,24485.009751631966,24476.831180203393,False,False,False,-1939.5350370239794
1,2025-09-18 18:46:00+00:00,2025-09-18,2025-09-18 20:00:00+00:00,605504,value_area_bounce,1,7.196428571428571,24497.19,24496.21145833333,24481.537708333333,24496.21145833333,24481.186348161165,24484.78456244688,24477.58813387545,False,False,False,1283.3230538761695
1,2025-09-18 19:02:00+00:00,2025-09-18,2025-09-18 20:00:00+00:00,605520,value_area_bounce,-1,6.481428571428426,24493.07,24486.893125,24478.924375,24496.455625,24481.70862546041,24484.949339746126,24478.467911174695,False,False,False,-2530.507189501056
1,2025-09-18 19:12:00+00:00,2025-09-18,2025-09-18 20:00:00+00:00,605530,value_area_bounce,-1,6.125714285714431,24494.32,24496.455625,24475.736875,24499.643125,24481.950460309545,24485.0133174524,24478.887603166688,False,False,False,-159.12898290382486
1,2025-09-19 13:30:00+00:00,2025-09-19,2025-09-19 20:00:00+00:00,606568,value_area_bounce,-1,9.215000000000146,24521.25,24524.557083333333,24495.09875,24528.76541666667,24522.876666666667,24527.48416666667,24518.269166666665,False,False,False,-2297.6761929645136
1,2025-09-19 13:31:00+00:00,2025-09-19,2025-09-19 20:00:00+00:00,606569,value_area_bounce,-1,11.063571428571647,24517.13,24522.45291666667,24501.41125,24528.76541666667,24521.337552013083,24526.86933772737,24515.805766298796,False,False,False,-3545.6103834966093
1,2025-09-19 13:44:00+00:00,2025-09-19,2025-09-19 20:00:00+00:00,606582,value_area_bounce,1,18.509285714285788,24518.38,24522.45291666667,24503.51541666667,24528.76541666667,24510.7989930041,24520.053635861244,24501.544350146956,False,False,False,505.5906770491001
1,2025-09-19 15:00:00+00:00,2025-09-19,2025-09-19 20:00:00+00:00,606658,value_area_bounce,1,12.759285714285786,24525.75,24534.369583333333,24514.97375,24545.45291666667,24524.122514706138,24530.50215756328,24517.742871848994,False,False,False,3443.4077081650107
1,2025-09-19 16:50:00+00:00,2025-09-19,2025-09-19 20:00:00+00:00,606768,value_area_bounce,-1,6.629999999999719,24568.38,24555.28125,24552.59875,24574.058750000004,24521.43711698479,24524.75211698479,24518.122116984792,False,False,False,-366.79388100493526
1,2025-09-19 17:30:00+00:00,2025-09-19,2025-09-19 20:00:00+00:00,606808,value_area_bounce,1,5.249285714285569,24565.0,24570.89041666667,24559.66125,24578.91125,24524.433971746847,24527.05861460399,24521.809328889703,False,False,False,665.3264792553944
1,2025-09-19 17:31:00+00:00,2025-09-19,2025-09-19 20:00:00+00:00,606809,value_area_bounce,1,5.457857142857132,24565.25,24570.89041666667,24559.66125,24578.91125,24524.516520383142,24527.24544895457,24521.787591811713,False,False,False,1506.53026530654
1,2025-09-19 18:00:00+00:00,2025-09-19,2025-09-19 20:00:00+00:00,606838,value_area_bounce,-1,4.353571428571221,24563.25,24559.182916666665,24549.66875,24568.697083333333,24526.501536268825,24528.67832198311,24524.32475055454,False,False,False,-600.8423869833618
1,2025-09-19 18:07:00+00:00,2025-09-19,2025-09-19 20:00:00+00:00,606845,value_area_bounce,-1,4.5271428571429295,24568.63,24570.05625,24555.105416666665,24571.415416666667,24526.941546628477,24529.20511805705,24524.677975199906,False,False,True,-497.51861680638115
1,2025-09-19 18:30:00+00:00,2025-09-19,2025-09-19 20:00:00+00:00,606868,value_area_bounce,1,4.455714285714358,24563.5,24570.603541666667,24562.480208333334,24571.618958333333,24528.146717770655,24530.374574913512,24525.918860627797,False,False,False,611.1014854395293
1,2025-09-19 19:20:00+00:00,2025-09-19,2025-09-19 20:00:00+00:00,606918,value_area_bounce,-1,4.153571428571793,24583.0,24582.792708333334,24571.916041666667,24586.871458333335,24531.654451862014,24533.7312375763,24529.57766614773,False,False,False,-458.3942187852857
1,2025-09-19 19:41:00+00:00,2025-09-19,2025-09-19 20:00:00+00:00,606939,value_area_bounce,-1,5.944999999999709,24589.13,24582.239583333336,24560.010416666664,24590.322916666664,24533.77587463434,24536.74837463434,24530.80337463434,False,False,False,-514.1479408179919
1,2025-09-19 19:59:00+00:00,2025-09-19,2025-09-19 20:00:00+00:00,606957,value_area_bounce,-1,12.545000000000073,24611.25,24611.620000000003,24580.18,24611.620000000003,24539.016953913666,24545.289453913665,24532.744453913667,False,False,False,-4334.598641001184
1,2025-09-22 16:02:00+00:00,2025-09-22,2025-09-22 20:00:00+00:00,608085,value_area_bounce,-1,5.9099999999998545,24681.5,24677.895833333336,24673.0625,24683.9375,24650.336881511397,24653.291881511395,24647.3818815114,False,False,False,-1260.036963370474
1,2025-09-22 17:33:00+00:00,2025-09-22,2025-09-22 20:00:00+00:00,608176,value_area_bounce,-1,5.348571428571502,24749.25,24755.011041666665,24749.103541666667,24756.980208333334,24682.376390373545,24685.05067608783,24679.70210465926,False,False,False,-928.8083333335209
1,2025-09-22 19:16:00+00:00,2025-09-22,2025-09-22 20:00:00+00:00,608279,value_area_bounce,-1,4.694999999999709,24780.13,24777.276666666665,24775.183333333334,24781.463333333333,24698.174852863078,24700.522352863078,24695.827352863078,False,False,False,-109.43645856543719
1,2025-09-22 19:27:00+00:00,2025-09-22,2025-09-22 20:00:00+00:00,608290,value_area_bounce,-1,5.167857142856779,24779.13,24778.546875,24776.484375,24783.703125,24699.749366061278,24702.333294632706,24697.16543748985,False,False,False,-511.4132641048871
1,2025-09-22 19:49:00+00:00,2025-09-22,2025-09-22 20:00:00+00:00,608312,value_area_bounce,1,5.625714285714431,24770.75,24781.821875,24766.251041666666,24784.936041666668,24702.702720449743,24705.5155775926,24699.889863306886,False,False,False,804.741372149741
1,2025-09-22 19:55:00+00:00,2025-09-22,2025-09-22 20:00:00+00:00,608318,value_area_bounce,1,7.0492857142858805,24771.75,24781.821875,24764.693958333333,24784.936041666668,24704.22764314844,24707.752286005583,24700.703000291294,False,False,False,2365.053885824932
1,2025-09-23 13:52:00+00:00,2025-09-23,2025-09-23 20:00:00+00:00,609335,value_area_bounce,1,14.25,24742.5,24774.22375,24734.84875,24785.47375,24750.678546318755,24757.803546318755,24743.553546318755,False,False,False,1618.3283075943023
1,2025-09-23 14:00:00+00:00,2025-09-23,2025-09-23 20:00:00+00:00,609343,opening_range_breakout,-1,12.54428571428564,24709.0,24771.6925,24733.1925,24781.3175,24744.376831712216,24750.648974569358,24738.104688855074,False,False,False,-3821.5843296916305
1,2025-09-23 16:19:00+00:00,2025-09-23,2025-09-23 20:00:00+00:00,609482,value_area_bounce,1,6.910714285714286,24721.0,24730.32125,24712.463750000003,24736.27375,24731.100654998292,24734.55601214115,24727.645297855433,False,False,False,3818.119005724208
1,2025-09-23 16:37:00+00:00,2025-09-23,2025-09-23 20:00:00+00:00,609500,value_area_bounce,1,8.59714285714264,24712.0,24706.042500000003,24706.042500000003,24727.180833333332,24729.868612215825,24734.167183644397,24725.570040787254,False,False,False,1676.1268963269763
1,2025-09-23 16:53:00+00:00,2025-09-23,2025-09-23 20:00:00+00:00,609516,value_area_bounce,-1,7.062142857142784,24717.0,24712.072708333333,24700.62479166667,24718.614375,24729.245735927394,24732.776807355964,24725.714664498824,False,False,False,-2176.707796685564
1,2025-09-23 16:54:00+00:00,2025-09-23,2025-09-23 20:00:00+00:00,609517,value_area_bounce,-1,6.57071428571414,24714.75,24712.072708333333,24700.62479166667,24718.614375,24729.197836446754,24732.48319358961,24725.912479303897,False,False,False,-3499.4350694128366
1,2025-09-23 18:55:00+00:00,2025-09-23,2025-09-23 20:00:00+00:00,609638,value_area_bounce,1,7.960714285714078,24582.25,24588.21875,24566.85125,24595.98875,24683.642264149526,24687.622621292383,24679.66190700667,False,False,False,851.1958771485802
1,2025-09-23 18:59:00+00:00,2025-09-23,2025-09-23 20:00:00+00:00,609642,value_area_bounce,1,9.10285714285679,24567.25,24586.09375,24562.856250000004,24592.43125,24682.60663788203,24687.158066453456,24678.0552093106,False,False,False,317.9691969422395
1,2025-09-23 19:00:00+00:00,2025-09-23,2025-09-23 20:00:00+00:00,609643,value_area_bounce,1,9.67428571428536,24581.25,24587.583333333336,24570.25,24591.916666666664,24682.319074440595,24687.156217297736,24677.481931583454,False,False,False,226.35505160599587
1,2025-09-23 19:21:00+00:00,2025-09-23,2025-09-23 20:00:00+00:00,609664,value_area_bounce,-1,8.313571428571647,24580.63,24583.25,24565.916666666664,24587.583333333336,24677.62488973718,24681.781675451468,24673.468104022893,False,False,False,-1612.2374187651922
1,2025-09-24 13:30:00+00:00,2025-09-24,2025-09-24 20:00:00+00:00,610693,value_area_bounce,-1,6.348571428571502,24659.0,24666.551875,24661.864375,24668.895625,24666.876666666667,24670.050952380952,24663.70238095238,False,False,False,-3345.002971008954
1,2025-09-24 16:16:00+00:00,2025-09-24,2025-09-24 20:00:00+00:00,610859,value_area_bounce,1,14.572857142856654,24432.5,24435.21979166667,24420.483958333338,24538.370625000003,24577.874552192356,24585.160980763783,24570.588123620928,False,False,False,1056.4037587291846
1,2025-09-24 17:36:00+00:00,2025-09-24,2025-09-24 20:00:00+00:00,610939,value_area_bounce,-1,8.576428571429071,24522.75,24503.270625,24480.010208333333,24526.53104166667,24556.58019057403,24560.868404859746,24552.291976288314,False,False,False,-954.5310240905931
1,2025-09-24 18:48:00+00:00,2025-09-24,2025-09-24 20:00:00+00:00,611011,value_area_bounce,-1,6.803571428571429,24500.75,24497.46375,24486.36875,24503.01125,24548.502022355002,24551.903808069288,24545.100236640716,False,False,False,-1107.3095264537033
1,2025-09-24 19:02:00+00:00,2025-09-24,2025-09-24 20:00:00+00:00,611025,value_area_bounce,-1,7.339285714285714,24513.75,24490.484375,24490.484375,24513.921875,24547.71139733543,24551.381040192573,24544.04175447829,False,False,False,-1289.1297662622824
1,2025-09-24 19:06:00+00:00,2025-09-24,2025-09-24 20:00:00+00:00,611029,value_area_bounce,-1,7.579999999999927,24514.25,24492.199375,24490.183958333335,24514.368958333333,24547.510172201724,24551.300172201725,24543.720172201723,False,False,False,-912.5004986061291
1,2025-09-24 19:48:00+00:00,2025-09-24,2025-09-24 20:00:00+00:00,611071,value_area_bounce,1,7.442142857142504,24512.5,24515.072916666664,24508.15625,24520.260416666664,24545.070155043,24548.79122647157,24541.349083614426,False,False,False,767.3936194125695
1,2025-09-24 19:49:00+00:00,2025-09-24,2025-09-24 20:00:00+00:00,611072,value_area_bounce,1,6.879999999999719,24513.25,24515.072916666664,24508.15625,24520.260416666664,24545.01713925714,24548.457139257138,24541.57713925714,False,False,False,1867.1925687832397
1,2025-09-24 19:52:00+00:00,2025-09-24,2025-09-24 20:00:00+00:00,611075,value_area_bounce,-1,7.684285714285579,24518.0,24514.32375,24509.90125,24520.220416666667,24544.79174411662,24548.633886973763,24540.94960125948,False,False,False,-1194.7793472828619
1,2025-09-24 19:56:00+00:00,2025-09-24,2025-09-24 20:00:00+00:00,611079,value_area_bounce,-1,8.604285714285652,24518.25,24518.105000000003,24509.588333333333,24521.511666666665,24544.548488532397,24548.85063138954,24540.246345675252,False,False,False,-238.6749029964799
1,2025-09-25 13:48:00+00:00,2025-09-25,2025-09-25 20:00:00+00:00,612091,value_area_bounce,1,22.85928571428537,24288.25,24346.739375,24264.614375,24380.958125,24288.65093484508,24300.080577702225,24277.22129198794,False,False,False,14244.908871007245
1,2025-09-25 15:11:00+00:00,2025-09-25,2025-09-25 20:00:00+00:00,612174,value_area_bounce,1,15.812857142857215,24436.75,24422.16125,24410.07791666667,24431.22375,24342.79615494514,24350.70258351657,24334.88972637371,False,False,False,3141.294653287353
1,2025-09-25 15:20:00+00:00,2025-09-25,2025-09-25 20:00:00+00:00,612183,value_area_bounce,-1,14.97785714285679,24432.75,24422.16125,24413.09875,24440.28625,24347.74909153836,24355.238020109788,24340.260162966933,False,False,False,-2867.449816110551
1,2025-09-25 15:21:00+00:00,2025-09-25,2025-09-25 20:00:00+00:00,612184,value_area_bounce,-1,14.47785714285679,24425.25,24422.16125,24413.09875,24440.28625,24348.28852769573,24355.52745626716,24341.049599124304,False,False,False,-3121.164310345213
1,2025-09-25 15:31:00+00:00,2025-09-25,2025-09-25 20:00:00+00:00,612194,value_area_bounce,1,14.09785714285707,24412.25,24437.26541666667,24407.057083333333,24443.307083333333,24351.494510481254,24358.543439052683,24344.445581909826,False,False,False,5553.142015732494
1,2025-09-25 15:32:00+00:00,2025-09-25,2025-09-25 20:00:00+00:00,612195,value_area_bounce,1,14.142857142857142,24420.38,24437.26541666667,24407.057083333333,24443.307083333333,24351.929026107955,24359.000454679383,24344.857597536527,False,False,False,5178.396498622386
1,2025-09-25 17:14:00+00:00,2025-09-25,2025-09-25 20:00:00+00:00,612297,value_area_bounce,-1,11.54428571428564,24425.13,24421.78625,24416.82791666667,24436.66125,24382.2210071854,24387.99315004254,24376.448864328257,False,False,False,-428.5837622069789
1,2025-09-25 17:16:00+00:00,2025-09-25,2025-09-25 20:00:00+00:00,612299,value_area_bounce,1,12.490714285714214,24420.5,24430.103958333333,24416.301875,24435.62479166667,24382.514442785945,24388.7597999288,24376.26908564309,False,False,False,727.4343073677708
1,2025-09-25 19:50:00+00:00,2025-09-25,2025-09-25 20:00:00+00:00,612453,value_area_bounce,1,8.37999999999972,24403.0,24404.230000000003,24391.07,24417.39,24379.054436620634,24383.244436620633,24374.864436620635,False,False,False,237.2501898576853
1,2025-09-26 13:36:00+00:00,2025-09-26,2025-09-26 20:00:00+00:00,613459,value_area_bounce,-1,21.188571428570867,24487.79,24431.54,24406.54,24496.54,24469.717568989225,24480.311854703512,24459.123283274937,False,False,False,-993.5358598858998
1,2025-09-26 13:37:00+00:00,2025-09-26,2025-09-26 20:00:00+00:00,613460,value_area_bounce,-1,22.188571428570867,24495.29,24431.54,24406.54,24496.54,24472.317075553314,24483.4113612676,24461.222789839027,False,False,False,-8902.13661357584
1,2025-09-26 13:39:00+00:00,2025-09-26,2025-09-26 20:00:00+00:00,613462,value_area_bounce,-1,22.75071428571391,24501.17,24499.817499999997,24480.170833333334,24504.729166666664,24476.822231539005,24488.19758868186,24465.446874396148,False,False,False,-10533.182518807542
1,2025-09-26 13:40:00+00:00,2025-09-26,2025-09-26 20:00:00+00:00,613463,value_area_bounce,-1,24.70214285714272,24478.17,24499.817499999997,24480.170833333334,24504.729166666664,24477.654217251948,24490.00528868052,24465.303145823375,False,False,False,-10059.628118256132
1,2025-09-26 13:43:00+00:00,2025-09-26,2025-09-26 20:00:00+00:00,613466,value_area_bounce,-1,28.942857142857196,24488.54,24496.930625,24478.805625,24501.461875,24479.73816600609,24494.209594577518,24465.26673743466,False,False,False,-9913.329224828418
1,2025-09-26 13:44:00+00:00,2025-09-26,2025-09-26 20:00:00+00:00,613467,value_area_bounce,-1,27.10357142857148,24478.79,24497.88375,24478.63375,24502.69625,24480.07348043763,24493.625266151914,24466.521694723346,False,False,False,-12049.65780115632
1,2025-09-26 13:46:00+00:00,2025-09-26,2025-09-26 20:00:00+00:00,613469,value_area_bounce,1,24.745714285714712,24497.54,24497.88375,24478.63375,24502.69625,24479.54662473673,24491.919481879588,24467.17376759387,False,False,False,2420.4319767949914
1,2025-09-26 13:54:00+00:00,2025-09-26,2025-09-26 20:00:00+00:00,613477,value_area_bounce,-1,22.887857142857943,24497.54,24499.915,24480.248333333337,24504.831666666665,24484.340497344758,24495.784425916187,24472.89656877333,False,False,False,-2287.217894257369
1,2025-09-26 14:03:00+00:00,2025-09-26,2025-09-26 20:00:00+00:00,613486,value_area_bounce,-1,17.620000000000022,24492.29,24497.88375,24480.82125,24509.25875,24488.938152220253,24497.748152220254,24480.12815222025,False,False,False,-1892.4115028497627
1,2025-09-26 14:45:00+00:00,2025-09-26,2025-09-26 20:00:00+00:00,613528,value_area_bounce,-1,20.14142857142932,24408.29,24411.78,24358.5,24438.42,24442.88280189279,24452.953516178502,24432.812087607075,False,False,False,-593.171418286478
1,2025-09-26 17:39:00+00:00,2025-09-26,2025-09-26 20:00:00+00:00,613702,value_area_bounce,-1,7.64071428571359,24508.04,24501.94625,24495.63375,24516.675416666665,24433.249882932305,24437.07024007516,24429.42952578945,False,False,False,-1761.0902365630122
1,2025-09-26 18:00:00+00:00,2025-09-26,2025-09-26 20:00:00+00:00,613723,value_area_bounce,1,7.947142857142483,24507.79,24510.059583333335,24501.45625,24518.662916666668,24435.108674650633,24439.082246079204,24431.135103222063,False,False,False,4591.995186060697
1,2025-09-26 19:50:00+00:00,2025-09-26,2025-09-26 20:00:00+00:00,613833,value_area_bounce,-1,7.32071428571466,24516.04,24522.090833333335,24522.090833333335,24531.384166666667,24445.588259454857,24449.248616597713,24441.927902312,False,False,False,-476.55659232559583
1,2025-09-26 19:56:00+00:00,2025-09-26,2025-09-26 20:00:00+00:00,613839,value_area_bounce,-1,9.97285714285733,24523.04,24530.066666666666,24521.346666666665,24530.066666666666,24446.552710950116,24451.539139521545,24441.566282378688,False,False,False,-340.7497583865812
1,2025-09-26 19:57:00+00:00,2025-09-26,2025-09-26 20:00:00+00:00,613840,value_area_bounce,1,10.72285714285733,24536.79,24530.066666666666,24521.346666666665,24530.066666666666,24446.726516016806,24452.087944588235,24441.365087445378,False,False,False,1451.7462838691295
1,2025-09-29 14:01:00+00:00,2025-09-29,2025-09-29 20:00:00+00:00,614849,value_area_bounce,-1,14.688571428571647,24746.03,24692.3425,24664.5925,24747.8425,24716.92324082302,24724.267526537307,24709.578955108733,False,False,False,-6024.037439992375
1,2025-09-29 14:02:00+00:00,2025-09-29,2025-09-29 20:00:00+00:00,614850,value_area_bounce,-1,14.95571428571436,24745.03,24692.3425,24664.5925,24747.8425,24717.72078152151,24725.19863866437,24710.242924378654,False,False,False,-6762.083465097224
1,2025-09-29 14:03:00+00:00,2025-09-29,2025-09-29 20:00:00+00:00,614851,value_area_bounce,-1,15.017857142857142,24741.03,24692.3425,24664.5925,24747.8425,24718.38363998207,24725.892568553496,24710.87471141064,False,False,False,-5997.372705606739
1,2025-09-29 18:44:00+00:00,2025-09-29,2025-09-29 20:00:00+00:00,615132,value_area_bounce,1,6.632857142856925,24660.03,24660.635,24657.708333333332,24675.268333333333,24699.75184955295,24703.06827812438,24696.43542098152,False,False,False,518.4841645187665
1,2025-09-29 18:50:00+00:00,2025-09-29,2025-09-29 20:00:00+00:00,615138,value_area_bounce,1,6.4099999999998545,24663.53,24675.268333333333,24662.09833333333,24681.121666666666,24699.462438272898,24702.667438272896,24696.2574382729,False,False,False,865.5726683809813
1,2025-09-29 19:22:00+00:00,2025-09-29,2025-09-29 20:00:00+00:00,615170,value_area_bounce,1,11.150714285714068,24626.78,24659.924375,24625.186875,24677.293124999997,24694.7285790143,24700.303936157157,24689.153221871442,False,False,False,1653.9690629933589
1,2025-09-29 19:23:00+00:00,2025-09-29,2025-09-29 20:00:00+00:00,615171,value_area_bounce,1,10.72214285714264,24630.78,24659.924375,24625.186875,24677.293124999997,24694.583745636428,24699.944817065,24689.222674207856,False,False,False,1673.4121798757988
1,2025-09-29 19:53:00+00:00,2025-09-29,2025-09-29 20:00:00+00:00,615201,value_area_bounce,-1,8.760000000000218,24644.03,24625.353125,24614.041458333333,24645.148541666666,24691.38041785027,24695.76041785027,24687.000417850268,False,False,False,-1623.3524006508167
1,2025-09-29 19:54:00+00:00,2025-09-29,2025-09-29 20:00:00+00:00,615202,value_area_bounce,-1,8.430000000000291,24642.28,24625.353125,24614.041458333333,24645.148541666666,24691.258969997594,24695.473969997594,24687.043969997594,False,False,False,-3767.8867072059534
1,2025-09-30 14:10:00+00:00,2025-09-30,2025-09-30 20:00:00+00:00,616238,value_area_bounce,1,16.98428571428537,24579.59,24582.0175,24577.5125,24613.552499999998,24593.092479300853,24601.584622157996,24584.60033644371,False,False,False,1248.8854147435404
1,2025-09-30 18:02:00+00:00,2025-09-30,2025-09-30 20:00:00+00:00,616470,value_area_bounce,-1,9.27714285714293,24580.84,24555.386875,24552.668125,24582.574375,24604.129120528774,24608.767691957346,24599.490549100203,False,False,False,-2369.683181212591
1,2025-09-30 18:40:00+00:00,2025-09-30,2025-09-30 20:00:00+00:00,616508,value_area_bounce,-1,7.550714285714223,24643.34,24636.610625,24603.954375,24645.516875,24605.572876947124,24609.348234089983,24601.797519804266,False,False,False,-583.0818251251377
1,2025-09-30 19:04:00+00:00,2025-09-30,2025-09-30 20:00:00+00:00,616532,value_area_bounce,-1,7.7228571428570705,24650.34,24644.829583333332,24625.937083333334,24657.424583333333,24607.333179642534,24611.194608213962,24603.471751071105,False,False,False,-714.9115457119722
1,2025-09-30 19:08:00+00:00,2025-09-30,2025-09-30 20:00:00+00:00,616536,value_area_bounce,-1,7.420000000000073,24658.59,24644.829583333332,24634.33375,24659.52375,24607.632067063943,24611.342067063943,24603.922067063944,False,False,False,-1038.3508378133974
1,2025-09-30 19:40:00+00:00,2025-09-30,2025-09-30 20:00:00+00:00,616568,value_area_bounce,-1,9.014285714285506,24662.09,24658.30791666667,24639.514583333334,24670.05375,24610.529422077296,24615.03656493444,24606.022279220153,False,False,False,-977.6277056277347
1,2025-09-30 19:58:00+00:00,2025-09-30,2025-09-30 20:00:00+00:00,616586,value_area_bounce,-1,13.107857142857288,24720.84,24720.873125,24667.130624999998,24724.711875,24614.67395180016,24621.22788037159,24608.12002322873,False,False,False,-3384.097925545986
1,2025-09-30 19:59:00+00:00,2025-09-30,2025-09-30 20:00:00+00:00,616587,value_area_bounce,-1,13.562857142857215,24714.47,24720.873125,24667.130624999998,24724.711875,24615.602730484625,24622.384159056055,24608.821301913194,False,False,False,-5804.377776391427
1,2025-10-01 13:38:00+00:00,2025-10-01,2025-10-01 20:00:00+00:00,617586,value_area_bounce,-1,20.379285714285288,24635.07,24603.8775,24562.994166666667,24640.6725,24622.61792435948,24632.807567216623,24612.42828150234,False,False,False,-4283.2987216689135
1,2025-10-01 13:40:00+00:00,2025-10-01,2025-10-01 20:00:00+00:00,617588,value_area_bounce,-1,21.67357142857093,24641.57,24640.6725,24603.8775,24648.849166666667,24625.47373977046,24636.310525484743,24614.636954056175,False,False,False,-9347.378755148799
1,2025-10-01 13:41:00+00:00,2025-10-01,2025-10-01 20:00:00+00:00,617589,value_area_bounce,-1,21.968571428571003,24634.32,24640.6725,24603.8775,24648.849166666667,24626.052882265696,24637.037167979983,24615.06859655141,False,False,False,-11016.759937573877
1,2025-10-01 13:54:00+00:00,2025-10-01,2025-10-01 20:00:00+00:00,617602,value_area_bounce,1,21.508571428571354,24595.7,24637.438125,24589.367291666666,24647.052291666667,24613.20975065492,24623.96403636921,24602.455464940635,False,False,False,10020.559257007277
1,2025-10-01 13:56:00+00:00,2025-10-01,2025-10-01 20:00:00+00:00,617604,value_area_bounce,1,22.740714285714212,24625.32,24637.438125,24594.174375,24647.052291666667,24612.642684571547,24624.013041714403,24601.27232742869,False,False,False,8230.402264099946
1,2025-10-01 14:00:00+00:00,2025-10-01,2025-10-01 20:00:00+00:00,617608,value_area_bounce,1,25.672142857142585,24603.2,24637.438125,24594.174375,24647.052291666667,24611.927123988513,24624.763195417083,24599.091052559943,False,False,False,3489.8337253665645
1,2025-10-01 16:19:00+00:00,2025-10-01,2025-10-01 20:00:00+00:00,617747,value_area_bounce,-1,5.564285714286078,24754.82,24749.47604166667,24741.75729166667,24759.767708333333,24663.343343319386,24666.12548617653,24660.56120046224,False,False,False,-293.4029232069945
1,2025-10-01 18:54:00+00:00,2025-10-01,2025-10-01 20:00:00+00:00,617902,value_area_bounce,-1,5.285714285714286,24842.57,24836.72,24826.486666666668,24844.906666666666,24695.99166020977,24698.634517352628,24693.34880306691,False,False,False,-245.82224573742798
1,2025-10-01 18:55:00+00:00,2025-10-01,2025-10-01 20:00:00+00:00,617903,value_area_bounce,-1,5.490714285714213,24838.32,24829.0075,24818.7575,24840.965833333335,24696.220381708845,24698.9657388517,24693.47502456599,False,False,False,-695.3880936907462
1,2025-10-01 19:29:00+00:00,2025-10-01,2025-10-01 20:00:00+00:00,617937,value_area_bounce,1,5.786428571428717,24841.57,24841.731458333335,24840.616875,24848.418958333335,24702.505036458406,24705.39825074412,24699.61182217269,False,False,False,1450.7017630512796
1,2025-10-01 19:30:00+00:00,2025-10-01,2025-10-01 20:00:00+00:00,617938,value_area_bounce,1,5.848571428571502,24840.57,24841.731458333335,24839.502291666664,24848.418958333335,24702.716658104913,24705.6409438192,24699.792372390628,False,False,False,1238.9157010745153
1,2025-10-01 19:31:00+00:00,2025-10-01,2025-10-01 20:00:00+00:00,617939,value_area_bounce,1,6.062857142857216,24846.07,24841.731458333335,24839.502291666664,24848.418958333335,24702.919571217233,24705.950999788663,24699.888142645803,False,False,False,2409.406686651692
1,2025-10-01 19:47:00+00:00,2025-10-01,2025-10-01 20:00:00+00:00,617955,value_area_bounce,1,7.1899999999997295,24837.7,24843.287708333333,24836.239791666667,24848.926041666666,24706.346892197562,24709.941892197563,24702.75189219756,False,False,False,270.44568749172515
1,2025-10-01 19:48:00+00:00,2025-10-01,2025-10-01 20:00:00+00:00,617956,value_area_bounce,1,7.484999999999802,24842.07,24836.239791666667,24836.239791666667,24848.926041666666,24706.596795259087,24710.339295259088,24702.854295259087,False,False,False,1789.4338137973416
1,2025-10-01 19:52:00+00:00,2025-10-01,2025-10-01 20:00:00+00:00,617960,value_area_bounce,1,8.269999999999657,24841.82,24839.058958333335,24836.239791666667,24848.926041666666,24707.88581494764,24712.02081494764,24703.75081494764,False,False,False,1224.6984428977667
1,2025-10-01 19:54:00+00:00,2025-10-01,2025-10-01 20:00:00+00:00,617962,value_area_bounce,-1,8.877142857142514,24832.57,24839.058958333335,24836.239791666667,24848.926041666666,24708.48606069006,24712.92463211863,24704.047489261487,False,False,False,-285.1294915345786
1,2025-10-01 19:56:00+00:00,2025-10-01,2025-10-01 20:00:00+00:00,617964,value_area_bounce,1,9.198571428571086,24842.82,24839.058958333335,24836.239791666667,24846.106875,24709.32273506691,24713.922020781196,24704.723449352627,False,False,False,1482.8298080450077
1,2025-10-01 19:57:00+00:00,2025-10-01,2025-10-01 20:00:00+00:00,617965,value_area_bounce,1,9.305714285713943,24846.95,24839.058958333335,24836.239791666667,24846.106875,24709.66817161871,24714.321028761566,24705.01531447585,False,False,False,1880.2333168169519
1,2025-10-01 19:59:00+00:00,2025-10-01,2025-10-01 20:00:00+00:00,617967,value_area_bounce,-1,10.28285714285708,24829.07,24839.058958333335,24836.239791666667,24844.697291666667,24711.080302318285,24716.221730889712,24705.938873746858,False,False,False,-2028.3102213390466
1,2025-10-02 13:45:00+00:00,2025-10-02,2025-10-02 20:00:00+00:00,618973,value_area_bounce,1,20.33714285714242,24876.140000000003,24966.841666666667,24871.428333333333,24966.841666666667,24915.948460565578,24926.11703199415,24905.779889137008,False,False,False,3425.990307926676
1,2025-10-02 13:50:00+00:00,2025-10-02,2025-10-02 20:00:00+00:00,618978,value_area_bounce,1,20.729999999999563,24853.390000000003,24874.417500000003,24848.730833333335,24957.89916666667,24905.6139834372,24915.9789834372,24895.248983437203,False,False,False,2312.0379851079406
1,2025-10-02 17:46:00+00:00,2025-10-02,2025-10-02 20:00:00+00:00,619214,value_area_bounce,-1,6.904999999999875,24910.140000000003,24892.519166666665,24890.480833333335,24912.902499999997,24879.309011367488,24882.761511367487,24875.85651136749,False,False,False,-1765.851595054839
1,2025-10-02 17:49:00+00:00,2025-10-02,2025-10-02 20:00:00+00:00,619217,value_area_bounce,-1,6.922857142857018,24909.140000000003,24912.902499999997,24892.519166666665,24912.902499999997,24879.48017538767,24882.941603959098,24876.018746816244,False,False,False,-1014.3817954070098
1,2025-10-02 18:01:00+00:00,2025-10-02,2025-10-02 20:00:00+00:00,619229,value_area_bounce,-1,5.839285714285714,24907.890000000003,24907.591041666667,24899.351458333338,24914.182708333334,24879.964182784322,24882.883825641464,24877.04453992718,False,False,False,-1221.2176720067366
1,2025-10-02 18:27:00+00:00,2025-10-02,2025-10-02 20:00:00+00:00,619255,value_area_bounce,-1,5.05428571428534,24922.640000000003,24906.858750000003,24901.108750000003,24922.671250000003,24881.441553572797,24883.96869642994,24878.914410715654,False,False,False,-509.9554342984822
1,2025-10-02 18:30:00+00:00,2025-10-02,2025-10-02 20:00:00+00:00,619258,value_area_bounce,-1,5.599285714285153,24920.890000000003,24906.858750000003,24901.108750000003,24924.108750000003,24881.631557741828,24884.43120059897,24878.831914884686,False,False,False,-508.89313228645733
1,2025-10-02 18:34:00+00:00,2025-10-02,2025-10-02 20:00:00+00:00,619262,value_area_bounce,-1,5.724999999999064,24924.890000000003,24924.108750000003,24906.858750000003,24925.546250000003,24881.869727700217,24884.732227700217,24879.00722770022,False,False,False,-471.33064358678814
1,2025-10-02 19:15:00+00:00,2025-10-02,2025-10-02 20:00:00+00:00,619303,value_area_bounce,-1,4.5435714285719895,24931.140000000003,24927.51541666667,24922.38625,24933.670416666668,24884.17966812107,24886.451453835354,24881.907882406784,False,False,False,-603.4896400953621
1,2025-10-02 19:17:00+00:00,2025-10-02,2025-10-02 20:00:00+00:00,619305,value_area_bounce,-1,4.919285714285901,24930.77,24927.51541666667,24922.38625,24933.670416666668,24884.296032161164,24886.755675018307,24881.836389304022,False,False,False,-529.0851857651751
1,2025-10-02 19:30:00+00:00,2025-10-02,2025-10-02 20:00:00+00:00,619318,value_area_bounce,-1,4.258571428571615,24938.140000000003,24933.931458333333,24928.35854166667,24941.73354166667,24885.044414186614,24887.1736999009,24882.915128472327,False,False,False,-301.90180985013325
1,2025-10-02 19:35:00+00:00,2025-10-02,2025-10-02 20:00:00+00:00,619323,value_area_bounce,-1,4.2050000000001875,24938.890000000003,24938.73354166667,24931.54604166667,24942.32729166667,24885.367329335517,24887.469829335518,24883.264829335516,False,False,False,-96.1779634955596
1,2025-10-02 19:44:00+00:00,2025-10-02,2025-10-02 20:00:00+00:00,619332,value_area_bounce,1,6.242142857142296,24931.77,24932.80625,24928.74291666667,24939.917083333334,24885.999549802902,24889.120621231472,24882.878478374332,False,False,False,826.5318591141381
1,2025-10-02 19:48:00+00:00,2025-10-02,2025-10-02 20:00:00+00:00,619336,value_area_bounce,1,6.393571428571055,24934.52,24932.80625,24927.727083333335,24938.901250000003,24886.26693687532,24889.463722589604,24883.070151161035,False,False,False,2036.15785010336
1,2025-10-02 19:50:00+00:00,2025-10-02,2025-10-02 20:00:00+00:00,619338,value_area_bounce,-1,7.147142857142171,24920.640000000003,24932.80625,24927.727083333335,24938.901250000003,24886.479795758496,24890.053367187065,24882.906224329927,False,False,False,-634.107777601289
1,2025-10-02 19:51:00+00:00,2025-10-02,2025-10-02 20:00:00+00:00,619339,value_area_bounce,1,7.272142857142171,24928.140000000003,24926.190833333334,24926.190833333334,24936.645833333336,24886.57550056137,24890.211571989938,24882.9394291328,False,False,False,258.24541232200954
1,2025-10-03 13:30:00+00:00,2025-10-03,2025-10-03 20:00:00+00:00,620338,value_area_bounce,-1,7.4078571428568205,24946.56,24942.779166666667,24931.485833333332,24947.014166666668,24950.23,24953.933928571427,24946.526071428572,False,False,False,-2615.779710440784
1,2025-10-03 13:31:00+00:00,2025-10-03,2025-10-03 20:00:00+00:00,620339,value_area_bounce,1,9.80928571428558,24977.56,24949.680416666666,24939.08541666667,24953.212083333332,24957.25038380856,24962.155026665703,24952.34574095142,False,False,False,3487.1086756828563
1,2025-10-03 13:41:00+00:00,2025-10-03,2025-10-03 20:00:00+00:00,620349,value_area_bounce,-1,17.883571428571617,24943.06,24950.2575,24925.307500000003,24965.2275,24962.727817176983,24971.66960289127,24953.786031462696,False,False,False,-761.4281210758886
1,2025-10-03 17:08:00+00:00,2025-10-03,2025-10-03 20:00:00+00:00,620556,value_area_bounce,1,17.03714285714315,24882.56,24940.9975,24871.1225,24967.8725,24928.5300328434,24937.04860427197,24920.011461414826,False,False,False,8105.757661923838
1,2025-10-03 17:09:00+00:00,2025-10-03,2025-10-03 20:00:00+00:00,620557,value_area_bounce,1,17.70642857142905,24885.06,24940.9975,24876.4975,24967.8725,24928.185307391344,24937.03852167706,24919.33209310563,False,False,False,5191.813957662721
1,2025-10-03 17:10:00+00:00,2025-10-03,2025-10-03 20:00:00+00:00,620558,value_area_bounce,1,17.97785714285757,24884.56,24940.9975,24876.4975,24967.8725,24927.87102351563,24936.859952087056,24918.8820949442,False,False,False,9135.940785619674
1,2025-10-03 17:56:00+00:00,2025-10-03,2025-10-03 20:00:00+00:00,620604,value_area_bounce,1,21.675714285713962,24787.81,24859.585,24774.025,24866.715,24904.150792752407,24914.988649895266,24893.31293560955,False,False,False,2051.78033865959
1,2025-10-03 19:50:00+00:00,2025-10-03,2025-10-03 20:00:00+00:00,620718,value_area_bounce,-1,8.519285714284965,24816.56,24826.039791666666,24821.681041666667,24834.75729166667,24875.985825639604,24880.245468496745,24871.726182782462,False,False,False,-2200.52343798715
1,2025-10-03 19:53:00+00:00,2025-10-03,2025-10-03 20:00:00+00:00,620721,value_area_bounce,-1,9.207142857141921,24821.06,24823.133958333332,24818.775208333333,24831.85145833333,24875.571090183894,24880.174661612466,24870.967518755322,False,False,False,-2807.5083211226392
1,2025-10-03 19:54:00+00:00,2025-10-03,2025-10-03 20:00:00+00:00,620722,value_area_bounce,-1,9.457142857141921,24825.19,24823.133958333332,24818.775208333333,24831.85145833333,24875.434028560165,24880.162599988736,24870.705457131593,False,False,False,-3138.6561773809563
1,2025-10-06 13:30:00+00:00,2025-10-06,2025-10-06 20:00:00+00:00,621703,value_area_bounce,-1,8.383571428571097,25025.980000000003,25019.6425,25016.465833333335,25025.995833333334,25028.89333333333,25033.085119047617,25024.701547619043,False,False,False,-2073.993870974411
1,2025-10-06 13:31:00+00:00,2025-10-06,2025-10-06 20:00:00+00:00,621704,value_area_bounce,-1,9.69571428571362,25020.980000000003,25029.667500000003,25019.137500000004,25029.667500000003,25027.05982689977,25031.907684042628,25022.211969756914,False,False,False,-5210.589118496293
1,2025-10-06 13:32:00+00:00,2025-10-06,2025-10-06 20:00:00+00:00,621705,value_area_bounce,-1,11.767142857142192,25001.6,25024.402500000004,25019.137500000004,25029.667500000003,25021.289862324906,25027.173433753476,25015.406290896335,False,False,False,-10916.114429320729
1,2025-10-06 13:37:00+00:00,2025-10-06,2025-10-06 20:00:00+00:00,621710,value_area_bounce,1,17.338571428570763,25012.35,25026.120833333334,25003.7875,25034.495833333334,25009.51886529326,25018.188151007544,25000.849579578975,False,False,False,993.6590044790056
1,2025-10-06 13:55:00+00:00,2025-10-06,2025-10-06 20:00:00+00:00,621728,value_area_bounce,1,18.414999999998795,24975.85,24995.292708333334,24964.740625,25012.751041666663,24994.17194616213,25003.37944616213,24984.96444616213,False,False,False,6614.756113443535
1,2025-10-06 13:56:00+00:00,2025-10-06,2025-10-06 20:00:00+00:00,621729,value_area_bounce,1,18.441428571427032,24978.35,24995.292708333334,24964.740625,25012.751041666663,24993.59612844256,25002.816842728276,24984.375414156846,False,False,False,7059.181461270606
1,2025-10-06 13:58:00+00:00,2025-10-06,2025-10-06 20:00:00+00:00,621731,value_area_bounce,1,16.229999999998004,24983.1,24995.292708333334,24969.105208333334,25012.751041666663,24992.532840569686,25000.647840569683,24984.417840569688,False,False,False,6854.588595903424
1,2025-10-06 14:00:00+00:00,2025-10-06,2025-10-06 20:00:00+00:00,621733,value_area_bounce,1,16.204285714284715,25001.6,24995.292708333334,24973.469791666663,25012.751041666663,24992.343161170615,25000.44530402776,24984.24101831347,False,False,False,9575.609921357925
1,2025-10-06 14:02:00+00:00,2025-10-06,2025-10-06 20:00:00+00:00,621735,value_area_bounce,1,17.802142857141526,24988.35,24995.292708333334,24973.469791666663,25012.751041666663,24991.787033900855,25000.688105329427,24982.885962472283,False,False,False,7496.0015081696065
1,2025-10-06 16:50:00+00:00,2025-10-06,2025-10-06 20:00:00+00:00,621903,value_area_bounce,1,5.643571428572094,25023.35,25028.198750000003,25019.886250000003,25030.573750000003,24992.187258830818,24995.009044545102,24989.365473116533,False,False,False,381.5696169417393
1,2025-10-06 17:35:00+00:00,2025-10-06,2025-10-06 20:00:00+00:00,621948,value_area_bounce,-1,7.481428571427906,25039.35,25022.464583333334,25012.360416666663,25048.735416666663,24995.778639886514,24999.51935417223,24992.0379256008,False,False,False,-1648.7387662533765
1,2025-10-06 18:00:00+00:00,2025-10-06,2025-10-06 20:00:00+00:00,621973,value_area_bounce,-1,5.3207142857136205,25050.85,25050.75625,25040.652083333334,25056.81875,24998.165231623378,25000.825588766234,24995.50487448052,False,False,False,-0.46941661279106484
1,2025-10-06 19:16:00+00:00,2025-10-06,2025-10-06 20:00:00+00:00,622049,value_area_bounce,1,5.142142857142192,25062.35,25064.573125000003,25059.441874999997,25068.678125,25004.897682251227,25007.468753679797,25002.326610822656,False,False,False,612.489976184756
1,2025-10-06 19:36:00+00:00,2025-10-06,2025-10-06 20:00:00+00:00,622069,value_area_bounce,1,4.909999999999335,25051.1,25063.182708333334,25050.111875000002,25064.489791666667,25006.29547657692,25008.75047657692,25003.840476576923,False,False,False,1558.6695530553634
1,2025-10-06 19:38:00+00:00,2025-10-06,2025-10-06 20:00:00+00:00,622071,value_area_bounce,1,4.8207142857136205,25054.6,25063.182708333334,25050.111875000002,25064.489791666667,25006.432990475478,25008.843347618335,25004.02263333262,False,False,False,1062.3910400893283
1,2025-10-06 19:39:00+00:00,2025-10-06,2025-10-06 20:00:00+00:00,622072,value_area_bounce,1,4.888571428570556,25055.1,25063.182708333334,25050.111875000002,25064.489791666667,25006.49938879415,25008.943674508435,25004.055103079863,False,False,False,1029.3556624007288
1,2025-10-07 13:31:00+00:00,2025-10-07,2025-10-07 20:00:00+00:00,623084,value_area_bounce,1,6.9199999999998125,25064.0,25057.28125,25057.28125,25076.447916666664,25058.877848825116,25062.337848825115,25055.417848825116,False,False,False,5033.500777308777
1,2025-10-07 13:33:00+00:00,2025-10-07,2025-10-07 20:00:00+00:00,623086,value_area_bounce,1,8.85785714285677,25060.120000000003,25059.677083333336,25057.28125,25066.864583333336,25058.955274446886,25063.384203018315,25054.526345875456,False,False,False,5448.474724603595
1,2025-10-07 13:34:00+00:00,2025-10-07,2025-10-07 20:00:00+00:00,623087,value_area_bounce,1,9.33142857142801,25068.120000000003,25057.28125,25057.28125,25066.864583333336,25059.835178257974,25064.50089254369,25055.16946397226,False,False,False,9074.227404537833
1,2025-10-07 13:45:00+00:00,2025-10-07,2025-10-07 20:00:00+00:00,623098,value_area_bounce,-1,14.724285714285154,25063.620000000003,25057.28125,25047.697916666664,25076.447916666664,25068.798838194696,25076.16098105184,25061.436695337554,False,False,False,-1304.9724787027226
1,2025-10-07 13:47:00+00:00,2025-10-07,2025-10-07 20:00:00+00:00,623100,value_area_bounce,-1,14.375714285713912,25063.620000000003,25057.28125,25047.697916666664,25076.447916666664,25068.77209258252,25075.959949725377,25061.584235439663,False,False,False,-1606.3802292849473
1,2025-10-07 13:51:00+00:00,2025-10-07,2025-10-07 20:00:00+00:00,623104,value_area_bounce,-1,12.892857142857142,25064.0,25066.864583333336,25057.28125,25076.447916666664,25068.632667844984,25075.07909641641,25062.186239273557,False,False,True,-4157.631496009955
1,2025-10-07 13:58:00+00:00,2025-10-07,2025-10-07 20:00:00+00:00,623111,value_area_bounce,-1,11.964285714285714,25068.620000000003,25066.818541666667,25057.256875,25073.989791666667,25069.773492322893,25075.755635180034,25063.79134946575,False,False,False,-768.5067184123163
1,2025-10-07 14:06:00+00:00,2025-10-07,2025-10-07 20:00:00+00:00,623119,value_area_bounce,1,12.916428571428696,25068.620000000003,25067.817708333336,25055.130208333336,25074.161458333336,25068.605179036753,25075.063393322467,25062.14696475104,False,False,False,310.1634443559526
1,2025-10-07 17:13:00+00:00,2025-10-07,2025-10-07 20:00:00+00:00,623306,value_area_bounce,1,13.697142857142483,24866.620000000003,24865.865208333336,24862.037291666667,24896.48854166667,24948.6325433787,24955.48111480727,24941.783971950128,False,False,False,1804.349194284066
1,2025-10-07 17:31:00+00:00,2025-10-07,2025-10-07 20:00:00+00:00,623324,value_area_bounce,-1,9.802857142857517,24871.620000000003,24875.807500000003,24860.7825,24881.8175,24945.63090565137,24950.5323342228,24940.72947707994,False,False,False,-128.36831127991502
1,2025-10-07 18:28:00+00:00,2025-10-07,2025-10-07 20:00:00+00:00,623381,value_area_bounce,-1,8.999285714286088,24862.120000000003,24852.177083333336,24846.645416666666,24871.537916666668,24935.592734390542,24940.092377247685,24931.0930915334,False,False,False,-1886.9502495221739
1,2025-10-07 19:06:00+00:00,2025-10-07,2025-10-07 20:00:00+00:00,623419,value_area_bounce,-1,6.732857142856768,24866.870000000003,24867.901250000003,24861.98458333334,24872.338750000003,24932.32178705202,24935.68821562345,24928.95535848059,False,False,False,-1409.8522433460998
1,2025-10-07 19:10:00+00:00,2025-10-07,2025-10-07 20:00:00+00:00,623423,value_area_bounce,-1,7.202857142856893,24865.120000000003,24868.385625000003,24863.010625000003,24872.416875000003,24931.977243013505,24935.578671584935,24928.375814442075,False,False,False,-815.3546242229389
1,2025-10-07 19:11:00+00:00,2025-10-07,2025-10-07 20:00:00+00:00,623424,value_area_bounce,1,7.238571428571179,24866.370000000003,24868.385625000003,24864.354375000003,24877.791875000003,24931.87995543113,24935.499241145415,24928.260669716845,False,False,False,618.5642133650708
1,2025-10-07 19:19:00+00:00,2025-10-07,2025-10-07 20:00:00+00:00,623432,value_area_bounce,-1,7.274999999999376,24866.120000000003,24868.385625000003,24861.666875000003,24872.416875000003,24931.299282217715,24934.936782217716,24927.661782217714,False,False,False,-550.2775831798754
1,2025-10-07 19:30:00+00:00,2025-10-07,2025-10-07 20:00:00+00:00,623443,value_area_bounce,1,6.161428571428197,24867.620000000003,24868.65645833334,24862.458541666667,24871.135625000003,24930.543032393412,24933.623746679128,24927.462318107697,False,False,False,91.05099226894731
1,2025-10-07 19:59:00+00:00,2025-10-07,2025-10-07 20:00:00+00:00,623472,value_area_bounce,1,9.70714285714348,24874.620000000003,24868.776250000003,24857.60125,24883.676250000004,24928.50197881324,24933.355550241813,24923.64840738467,False,False,False,1755.911552270622
1,2025-10-08 13:43:00+00:00,2025-10-08,2025-10-08 20:00:00+00:00,624476,value_area_bounce,-1,15.892857142857142,24956.460000000003,24955.730000000003,24919.310000000005,24967.870000000003,24954.493227574523,24962.43965614595,24946.546799003096,False,False,False,-2473.825316726054
1,2025-10-08 15:00:00+00:00,2025-10-08,2025-10-08 20:00:00+00:00,624553,value_area_bounce,1,9.037142857143149,25033.58,25046.417500000003,25027.044166666667,25058.525833333333,25005.610864083115,25010.129435511688,25001.092292654543,False,False,False,2752.448422980841
1,2025-10-08 16:25:00+00:00,2025-10-08,2025-10-08 20:00:00+00:00,624638,value_area_bounce,-1,5.589285714285714,25088.58,25090.184375000004,25066.00979166667,25092.043958333335,25024.35047882876,25027.145121685902,25021.55583597162,False,False,False,-214.2109439628142
1,2025-10-08 17:05:00+00:00,2025-10-08,2025-10-08 20:00:00+00:00,624678,value_area_bounce,-1,5.0435714285712105,25080.08,25087.444375000003,25071.413125000003,25087.444375000003,25029.730782239585,25032.25256795387,25027.2089965253,False,False,False,-1160.4579350684057
1,2025-10-08 17:53:00+00:00,2025-10-08,2025-10-08 20:00:00+00:00,624726,value_area_bounce,-1,6.047142857142587,25103.33,25097.520625,25087.364375,25103.614375,25036.343176816157,25039.366748244727,25033.319605387587,False,False,False,-1948.7392366851836
1,2025-10-08 18:00:00+00:00,2025-10-08,2025-10-08 20:00:00+00:00,624733,value_area_bounce,-1,6.825714285714379,25102.33,25097.520625,25089.395625,25105.645625,25037.15804789081,25040.570905033666,25033.745190747955,False,False,False,-364.6717875524935
1,2025-10-08 18:41:00+00:00,2025-10-08,2025-10-08 20:00:00+00:00,624774,value_area_bounce,1,6.196428571428571,25116.710000000003,25127.652708333335,25114.42354166667,25127.652708333335,25044.80244060714,25047.900654892856,25041.704226321428,False,False,False,315.82278528918914
1,2025-10-08 19:03:00+00:00,2025-10-08,2025-10-08 20:00:00+00:00,624796,value_area_bounce,1,5.264285714285767,25112.58,25127.652708333335,25109.131875000003,25127.652708333335,25047.65115986605,25050.283302723194,25045.019017008908,False,False,False,292.5126164757304
1,2025-10-09 13:32:00+00:00,2025-10-09,2025-10-09 20:00:00+00:00,625845,value_area_bounce,-1,8.802142857142567,25144.82,25153.075624999998,25150.628125000003,25160.418125,25153.303838007654,25157.704909436226,25148.90276657908,False,False,False,-1507.6142931194663
1,2025-10-09 13:35:00+00:00,2025-10-09,2025-10-09 20:00:00+00:00,625848,value_area_bounce,1,11.828571428571065,25142.7,25139.793958333335,25131.408541666664,25158.241875,25145.930464133442,25151.84474984773,25140.016178419155,False,False,False,1054.2377143663098
1,2025-10-09 13:39:00+00:00,2025-10-09,2025-10-09 20:00:00+00:00,625852,value_area_bounce,1,14.256428571428062,25133.57,25138.768750000003,25125.17125,25152.36625,25142.60234615636,25149.730560442073,25135.474131870647,False,False,False,4635.392746954194
1,2025-10-09 13:57:00+00:00,2025-10-09,2025-10-09 20:00:00+00:00,625870,value_area_bounce,1,18.84785714285681,25124.32,25151.237708333334,25108.512708333335,25165.479375,25123.134134867345,25132.558063438773,25113.710206295917,False,False,False,1295.1233142076221
1,2025-10-09 15:46:00+00:00,2025-10-09,2025-10-09 20:00:00+00:00,625979,value_area_bounce,1,11.116428571428644,25063.82,25092.925625,25061.204791666667,25102.441875,25093.151544071625,25098.709758357338,25087.593329785912,False,False,False,2905.7321666963708
1,2025-10-09 17:07:00+00:00,2025-10-09,2025-10-09 20:00:00+00:00,626060,value_area_bounce,1,14.666428571428437,25048.32,25088.287291666667,25047.852291666666,25091.656875,25088.778945724196,25096.11216000991,25081.44573143848,False,False,False,2572.5754420908706
1,2025-10-09 17:08:00+00:00,2025-10-09,2025-10-09 20:00:00+00:00,626061,value_area_bounce,1,13.75,25053.32,25088.287291666667,25047.852291666666,25091.656875,25088.631715519597,25095.506715519597,25081.756715519597,False,False,False,4625.24796430539
1,2025-10-09 17:20:00+00:00,2025-10-09,2025-10-09 20:00:00+00:00,626073,value_area_bounce,1,13.90785714285708,25045.32,25086.123958333334,25038.928541666668,25089.754375,25085.98510810002,25092.939036671447,25079.031179528592,False,False,False,1557.928222190913
1,2025-10-09 17:31:00+00:00,2025-10-09,2025-10-09 20:00:00+00:00,626084,value_area_bounce,1,14.223571428571502,25015.82,25038.575,25005.908333333333,25050.825,25083.236911826156,25090.34869754044,25076.12512611187,False,False,False,71.46305883488208
1,2025-10-09 19:57:00+00:00,2025-10-09,2025-10-09 20:00:00+00:00,626230,value_area_bounce,-1,7.321428571428571,25107.07,25101.377500000002,25093.064166666667,25118.004166666666,25077.638816179915,25081.29953046563,25073.9781018942,False,False,False,-1225.8797688303914
1,2025-10-10 13:30:00+00:00,2025-10-10,2025-10-10 20:00:00+00:00,627223,value_area_bounce,1,7.661428571428717,25152.06,25146.877916666665,25135.044583333336,25146.877916666665,25145.766666666666,25149.597380952382,25141.93595238095,False,False,False,8305.919725974782
1,2025-10-10 14:01:00+00:00,2025-10-10,2025-10-10 20:00:00+00:00,627254,value_area_bounce,-1,19.85857142857094,25161.31,25171.611875000002,25132.39104166667,25199.066458333335,25183.406307408302,25193.33559312259,25173.477021694016,False,False,False,-4759.075853924671
1,2025-10-10 15:13:00+00:00,2025-10-10,2025-10-10 20:00:00+00:00,627326,value_area_bounce,1,66.51642857142699,24912.18,25170.039375,24887.791875000003,25185.71979166667,25084.12188608341,25117.380100369122,25050.863671797695,False,False,False,3458.859154980542
1,2025-10-10 15:37:00+00:00,2025-10-10,2025-10-10 20:00:00+00:00,627350,value_area_bounce,1,54.698571428571086,24622.93,24893.435,24607.60166666667,24950.60166666667,24912.767575219645,24940.11686093393,24885.41828950536,False,False,False,34556.49792087705
1,2025-10-10 17:46:00+00:00,2025-10-10,2025-10-10 20:00:00+00:00,627479,value_area_bounce,-1,20.83642857142851,24505.81,24492.53854166667,24443.495208333334,24541.581875,24732.693734964963,24743.111949250677,24722.27552067925,False,False,False,-7863.897036425353
1,2025-10-10 17:48:00+00:00,2025-10-10,2025-10-10 20:00:00+00:00,627481,value_area_bounce,-1,22.61428571428587,24535.31,24492.53854166667,24443.495208333334,24541.581875,24731.127149078613,24742.434291935755,24719.82000622147,False,False,False,-3727.0242202896698
1,2025-10-10 18:21:00+00:00,2025-10-10,2025-10-10 20:00:00+00:00,627514,value_area_bounce,-1,22.919285714285643,24530.93,24508.715208333335,24481.682708333334,24544.758541666666,24714.246427602036,24725.70607045918,24702.786784744894,False,False,False,-5468.713216144517
1,2025-10-10 19:44:00+00:00,2025-10-10,2025-10-10 20:00:00+00:00,627597,value_area_bounce,1,23.164999999999573,24372.18,24413.064375,24365.971875000003,24452.308125000003,24674.389480656224,24685.971980656224,24662.806980656223,False,False,False,9872.228257332074
1,2025-10-10 19:47:00+00:00,2025-10-10,2025-10-10 20:00:00+00:00,627600,value_area_bounce,1,24.04928571428536,24377.93,24452.308125000003,24365.971875000003,24452.308125000003,24671.97249976773,24683.997142624874,24659.947856910585,False,False,False,151.2430227212501
1,2025-10-13 14:42:00+00:00,2025-10-13,2025-10-13 20:00:00+00:00,628652,value_area_bounce,1,22.27285714285686,24699.57,24747.156875,24694.919374999998,24762.828125,24681.604251828892,24692.740680400322,24670.467823257462,False,False,False,2389.1020081372835
1,2025-10-13 14:47:00+00:00,2025-10-13,2025-10-13 20:00:00+00:00,628657,value_area_bounce,1,21.954999999999927,24687.82,24747.156875,24679.248125,24757.604375,24681.698492291376,24692.675992291377,24670.720992291375,False,False,False,956.2072551463375
1,2025-10-13 15:00:00+00:00,2025-10-13,2025-10-13 20:00:00+00:00,628670,value_area_bounce,1,22.25071428571443,24623.57,24663.03375,24606.53375,24705.40875,24675.330493266392,24686.45585040925,24664.205136123535,False,False,True,9467.63146429255
1,2025-10-13 15:06:00+00:00,2025-10-13,2025-10-13 20:00:00+00:00,628676,value_area_bounce,1,18.580714285714357,24621.57,24666.324999999997,24605.995,24686.434999999998,24672.785133256704,24682.075490399562,24663.494776113846,False,False,False,4177.104083166704
1,2025-10-13 16:05:00+00:00,2025-10-13,2025-10-13 20:00:00+00:00,628735,value_area_bounce,-1,8.605000000000084,24738.07,24731.84625,24722.40875,24747.575416666667,24680.5699673778,24684.8724673778,24676.2674673778,False,False,False,-2222.8975983207865
1,2025-10-13 16:06:00+00:00,2025-10-13,2025-10-13 20:00:00+00:00,628736,value_area_bounce,-1,8.96142857142851,24739.82,24724.059791666667,24716.528541666667,24741.63270833333,24680.77010030673,24685.250814592444,24676.289386021017,False,False,False,-4199.163861870993
1,2025-10-13 16:11:00+00:00,2025-10-13,2025-10-13 20:00:00+00:00,628741,value_area_bounce,-1,9.533571428571511,24738.19,24728.815,24722.425,24741.595,24681.469158753993,24686.235944468277,24676.70237303971,False,False,False,-1483.995531438723
1,2025-10-13 16:21:00+00:00,2025-10-13,2025-10-13 20:00:00+00:00,628751,value_area_bounce,-1,9.822857142857433,24741.44,24738.564791666664,24724.866875,24746.783541666664,24682.79126492188,24687.70269349331,24677.879836350454,False,False,False,-1631.07660074976
1,2025-10-13 16:22:00+00:00,2025-10-13,2025-10-13 20:00:00+00:00,628752,value_area_bounce,1,10.948571428571865,24742.82,24746.783541666664,24724.866875,24746.783541666664,24683.266091884918,24688.740377599202,24677.791806170633,False,False,False,2935.3600278142285
1,2025-10-13 17:12:00+00:00,2025-10-13,2025-10-13 20:00:00+00:00,628802,value_area_bounce,-1,9.106428571428426,24771.57,24764.205625,24738.174375,24779.080625,24692.0662995516,24696.619513837315,24687.513085265884,False,False,False,-3874.01636851019
1,2025-10-13 17:56:00+00:00,2025-10-13,2025-10-13 20:00:00+00:00,628846,value_area_bounce,1,9.85857142857172,24753.82,24756.517916666664,24745.10125,24765.080416666664,24697.37407887973,24702.303364594016,24692.444793165443,False,False,False,3036.8568413143585
1,2025-10-13 18:57:00+00:00,2025-10-13,2025-10-13 20:00:00+00:00,628907,value_area_bounce,1,9.52785714285736,24750.69,24769.78958333333,24745.582916666666,24787.944583333334,24703.62795358789,24708.391882159318,24698.86402501646,False,False,False,1756.2410094769837
1,2025-10-13 19:57:00+00:00,2025-10-13,2025-10-13 20:00:00+00:00,628967,value_area_bounce,-1,11.310714285714441,24774.82,24768.913125,24758.781875,24783.096875,24709.37905458104,24715.034411723896,24703.723697438185,False,False,False,-3080.372639652982
1,2025-10-13 19:59:00+00:00,2025-10-13,2025-10-13 20:00:00+00:00,628969,value_area_bounce,-1,11.462857142857372,24773.32,24777.018125,24758.781875,24783.096875,24709.862727800475,24715.594156371902,24704.131299229048,False,False,False,-5527.392680110574
1,2025-10-14 14:01:00+00:00,2025-10-14,2025-10-14 20:00:00+00:00,629991,value_area_bounce,-1,28.40714285714265,24417.85,24344.393750000003,24277.43291666667,24420.920416666668,24376.426859971107,24390.630431399677,24362.223288542536,False,False,False,-2270.8529908265195
1,2025-10-14 15:09:00+00:00,2025-10-14,2025-10-14 20:00:00+00:00,630059,value_area_bounce,-1,18.28214285714265,24564.6,24544.31333333333,24532.40666666667,24580.033333333333,24445.29215414624,24454.43322557481,24436.151082717668,False,False,False,-4039.6766867180077
1,2025-10-14 15:20:00+00:00,2025-10-14,2025-10-14 20:00:00+00:00,630070,value_area_bounce,1,18.33642857142903,24566.980000000003,24559.974791666667,24547.818541666667,24588.339375000003,24452.150567139608,24461.31878142532,24442.982352853895,False,False,False,1987.0561776235904
1,2025-10-14 17:40:00+00:00,2025-10-14,2025-10-14 20:00:00+00:00,630210,value_area_bounce,1,13.023571428571554,24755.85,24770.5,24751.933333333334,24789.066666666666,24538.97651609176,24545.488301806046,24532.464730377473,False,False,False,2410.248966246197
1,2025-10-14 18:01:00+00:00,2025-10-14,2025-10-14 20:00:00+00:00,630231,value_area_bounce,1,10.465714285715617,24760.730000000003,24768.615416666667,24754.240416666667,24778.198750000003,24546.661113331338,24551.893970474197,24541.42825618848,False,False,False,627.4600863151309
1,2025-10-14 18:45:00+00:00,2025-10-14,2025-10-14 20:00:00+00:00,630275,value_area_bounce,1,9.004285714284508,24748.35,24756.225,24741.265,24759.965000000004,24560.26122968354,24564.76337254068,24555.759086826398,False,False,False,1419.9080300924309
1,2025-10-14 18:56:00+00:00,2025-10-14,2025-10-14 20:00:00+00:00,630286,value_area_bounce,-1,9.87571428571495,24747.85,24758.095,24741.265,24759.965000000004,24562.803126556635,24567.740983699492,24557.865269413778,False,False,False,-2201.972586820855
1,2025-10-14 19:27:00+00:00,2025-10-14,2025-10-14 20:00:00+00:00,630317,value_area_bounce,-1,7.4907142857139535,24762.1,24750.761458333334,24746.990625,24765.844791666663,24569.135114303273,24572.88047144613,24565.389757160418,False,False,False,-2063.2735456154815
1,2025-10-15 13:44:00+00:00,2025-10-15,2025-10-15 20:00:00+00:00,631354,value_area_bounce,1,26.003571428572677,24796.17,24824.4325,24795.790833333333,24836.7075,24816.57791907993,24829.579704794214,24803.576133365645,False,False,False,3321.446413650351
1,2025-10-15 13:45:00+00:00,2025-10-15,2025-10-15 20:00:00+00:00,631355,value_area_bounce,1,27.62571428571599,24828.800000000003,24834.008125,24799.218125,24834.008125,24816.810228761275,24830.62308590413,24802.997371618418,False,False,False,7779.16912872087
1,2025-10-15 13:51:00+00:00,2025-10-15,2025-10-15 20:00:00+00:00,631361,value_area_bounce,1,31.82071428571466,24820.800000000003,24820.815625000003,24790.253125000003,24836.096875000003,24807.901444584637,24823.811801727494,24791.99108744178,False,False,False,7133.494052805146
1,2025-10-15 15:00:00+00:00,2025-10-15,2025-10-15 20:00:00+00:00,631430,value_area_bounce,-1,13.213571428570763,24950.17,24942.836666666662,24926.336666666662,24955.67,24878.147443312882,24884.754229027167,24871.540657598598,False,False,False,-170.7957244905183
1,2025-10-15 15:06:00+00:00,2025-10-15,2025-10-15 20:00:00+00:00,631436,value_area_bounce,1,13.454285714284717,24949.800000000003,24958.045,24944.045,24963.295,24881.491586892538,24888.218729749682,24874.764444035394,False,False,False,458.3499300698113
1,2025-10-15 15:53:00+00:00,2025-10-15,2025-10-15 20:00:00+00:00,631483,value_area_bounce,1,25.338571428570763,24761.67,24803.4,24736.573333333334,24917.96,24872.377457115857,24885.04674283014,24859.708171401573,False,False,False,936.6215178570592
1,2025-10-15 19:12:00+00:00,2025-10-15,2025-10-15 20:00:00+00:00,631682,value_area_bounce,1,10.614999999999002,24775.17,24775.581250000003,24766.408750000002,24803.098750000005,24787.66798789988,24792.97548789988,24782.36048789988,False,False,False,1388.8048481110106
1,2025-10-15 19:30:00+00:00,2025-10-15,2025-10-15 20:00:00+00:00,631700,value_area_bounce,-1,9.392857142857142,24791.17,24798.868958333333,24778.19520833333,24803.463125000002,24787.795775306928,24792.492203878355,24783.0993467355,False,False,False,-482.51179189127794
1,2025-10-15 19:58:00+00:00,2025-10-15,2025-10-15 20:00:00+00:00,631728,value_area_bounce,1,16.965000000000664,24768.550000000003,24798.492916666662,24748.213750000003,24803.06375,24785.818792107995,24794.301292107997,24777.336292107993,False,False,False,1042.2290071116236
1,2025-10-16 13:35:00+00:00,2025-10-16,2025-10-16 20:00:00+00:00,632725,value_area_bounce,-1,17.56499999999973,24931.38,24941.176875,24922.087291666667,24949.358125,24932.811795468566,24941.594295468567,24924.029295468565,False,False,False,-1588.5180386073002
1,2025-10-16 13:37:00+00:00,2025-10-16,2025-10-16 20:00:00+00:00,632727,value_area_bounce,1,19.019999999999918,24925.63,24941.176875,24922.087291666667,24941.176875,24930.31222831568,24939.82222831568,24920.802228315682,False,False,False,591.9803370153509
1,2025-10-16 13:38:00+00:00,2025-10-16,2025-10-16 20:00:00+00:00,632728,value_area_bounce,-1,19.404285714285443,24930.01,24941.176875,24922.087291666667,24941.176875,24930.47709870138,24940.179241558522,24920.774955844237,False,False,False,-682.14921898121
1,2025-10-16 13:39:00+00:00,2025-10-16,2025-10-16 20:00:00+00:00,632729,value_area_bounce,-1,20.448571428571345,24915.63,24941.176875,24922.087291666667,24941.176875,24929.87849784367,24940.102783557955,24919.654212129386,False,False,False,-8401.577018662878
1,2025-10-16 13:52:00+00:00,2025-10-16,2025-10-16 20:00:00+00:00,632742,value_area_bounce,1,28.479285714285652,24924.01,24933.744375000002,24905.053125,24941.941875,24926.69813167032,24940.93777452746,24912.45848881318,False,False,False,727.9250448328212
1,2025-10-16 13:53:00+00:00,2025-10-16,2025-10-16 20:00:00+00:00,632743,value_area_bounce,1,27.765714285713848,24921.76,24933.744375000002,24905.053125,24941.941875,24926.388801990866,24940.271659133723,24912.50594484801,False,False,False,7581.899180139439
1,2025-10-16 13:57:00+00:00,2025-10-16,2025-10-16 20:00:00+00:00,632747,value_area_bounce,1,25.67857142857169,24919.63,24933.744375000002,24909.151875,24941.941875,24926.059608288757,24938.898894003043,24913.22032257447,False,False,False,6140.1298554660925
1,2025-10-16 13:58:00+00:00,2025-10-16,2025-10-16 20:00:00+00:00,632748,value_area_bounce,1,26.143571428571313,24924.51,24917.349374999998,24909.151875,24941.941875,24925.899658093258,24938.971443807543,24912.827872378974,False,False,False,6135.136626110732
1,2025-10-16 14:01:00+00:00,2025-10-16,2025-10-16 20:00:00+00:00,632751,value_area_bounce,1,21.838571428571022,24923.13,24917.349374999998,24913.250625,24941.941875,24925.541466472707,24936.46075218699,24914.622180758422,False,False,False,6618.9556651565945
1,2025-10-16 14:02:00+00:00,2025-10-16,2025-10-16 20:00:00+00:00,632752,value_area_bounce,1,21.382857142856924,24923.01,24917.349374999998,24913.250625,24941.941875,24925.41497706448,24936.10640563591,24914.72354849305,False,False,False,5052.169863965963
1,2025-10-16 14:04:00+00:00,2025-10-16,2025-10-16 20:00:00+00:00,632754,value_area_bounce,1,22.35928571428563,24922.01,24917.349374999998,24909.151875,24941.941875,24924.47003282446,24935.649675681605,24913.29038996732,False,False,False,5167.511174332074
1,2025-10-16 14:08:00+00:00,2025-10-16,2025-10-16 20:00:00+00:00,632758,value_area_bounce,1,23.380714285714152,24924.51,24917.349374999998,24913.250625,24941.941875,24924.128043823977,24935.818400966833,24912.43768668112,False,False,False,8783.694201747086
1,2025-10-16 14:26:00+00:00,2025-10-16,2025-10-16 20:00:00+00:00,632776,value_area_bounce,-1,24.25999999999944,24905.76,24913.745,24904.485,24936.895,24923.681016308725,24935.811016308726,24911.551016308724,False,False,False,-3469.6860222538107
1,2025-10-16 15:06:00+00:00,2025-10-16,2025-10-16 20:00:00+00:00,632816,value_area_bounce,1,20.544999999999813,24958.26,24931.482708333333,24931.482708333333,24987.578541666666,24940.697963798568,24950.970463798567,24930.42546379857,False,False,False,1065.840420516759
1,2025-10-16 15:16:00+00:00,2025-10-16,2025-10-16 20:00:00+00:00,632826,value_area_bounce,1,17.61571428571447,24963.88,24965.14020833333,24953.92104166667,24998.79770833333,24942.790879615743,24951.5987367586,24933.983022472887,False,False,False,278.32610972356406
1,2025-10-16 17:01:00+00:00,2025-10-16,2025-10-16 20:00:00+00:00,632931,value_area_bounce,-1,28.65142857142876,24738.63,24648.3525,24626.362500000003,24758.302499999998,24854.25509139854,24868.580805684254,24839.929377112825,False,False,False,-4772.600752250242
1,2025-10-16 18:17:00+00:00,2025-10-16,2025-10-16 20:00:00+00:00,633007,value_area_bounce,1,26.02142857142774,24576.51,24709.194583333334,24560.344583333335,24734.002916666668,24818.800107858217,24831.81082214393,24805.789393572504,False,False,False,11894.421555512046
1,2025-10-16 18:23:00+00:00,2025-10-16,2025-10-16 20:00:00+00:00,633013,value_area_bounce,1,29.7614285714283,24591.76,24706.989375,24568.764375,24741.545625,24812.632584582698,24827.513298868413,24797.751870296983,False,False,False,9400.010058316373
1,2025-10-16 18:35:00+00:00,2025-10-16,2025-10-16 20:00:00+00:00,633025,value_area_bounce,1,28.767857142857142,24562.63,24564.801666666666,24504.301666666666,24685.801666666666,24801.422159380098,24815.806087951525,24787.03823080867,False,False,False,2507.6202958155827
1,2025-10-16 19:24:00+00:00,2025-10-16,2025-10-16 20:00:00+00:00,633074,value_area_bounce,1,23.097142857143417,24605.63,24641.4475,24590.40583333333,24656.03083333333,24778.341345388275,24789.889916816846,24766.792773959703,False,False,False,355.88110256416417
1,2025-10-16 19:36:00+00:00,2025-10-16,2025-10-16 20:00:00+00:00,633086,value_area_bounce,1,21.68499999999949,24620.01,24640.20270833333,24593.04645833333,24655.92145833333,24773.35528723213,24784.19778723213,24762.51278723213,False,False,False,7092.009374144726
1,2025-10-17 13:30:00+00:00,2025-10-17,2025-10-17 20:00:00+00:00,634100,value_area_bounce,-1,20.310714285714443,24565.25,24603.306458333333,24597.587291666667,24620.463958333334,24585.336666666666,24595.492023809522,24575.18130952381,False,False,False,-17226.459062303365
1,2025-10-17 13:32:00+00:00,2025-10-17,2025-10-17 20:00:00+00:00,634102,value_area_bounce,-1,24.780714285714307,24605.38,24596.3175,24590.0675,24618.1925,24596.28734854532,24608.677705688177,24583.896991402464,False,False,False,-4169.764034094557
1,2025-10-17 13:33:00+00:00,2025-10-17,2025-10-17 20:00:00+00:00,634103,value_area_bounce,1,27.137857142857165,24620.0,24608.8175,24590.0675,24611.9425,24598.631221631887,24612.200150203316,24585.06229306046,False,False,False,8142.43931660268
1,2025-10-17 13:38:00+00:00,2025-10-17,2025-10-17 20:00:00+00:00,634108,value_area_bounce,-1,38.39214285714245,24618.88,24606.838958333334,24587.277291666665,24621.510208333333,24617.899610181797,24637.095681610368,24598.703538753227,False,False,False,-7099.65558190825
1,2025-10-17 13:39:00+00:00,2025-10-17,2025-10-17 20:00:00+00:00,634109,value_area_bounce,-1,38.71357142857102,24596.75,24606.838958333334,24587.277291666665,24626.400625000002,24616.594666004905,24635.95145171919,24597.23788029062,False,False,False,-15946.716423585633
1,2025-10-17 13:47:00+00:00,2025-10-17,2025-10-17 20:00:00+00:00,634117,value_area_bounce,1,34.54857142857093,24585.88,24608.213333333333,24584.026666666665,24632.4,24598.44742790085,24615.721713615134,24581.173142186566,False,False,False,9977.449547906845
1,2025-10-17 13:48:00+00:00,2025-10-17,2025-10-17 20:00:00+00:00,634118,value_area_bounce,1,36.11142857142814,24643.88,24608.213333333333,24584.026666666665,24638.446666666667,24599.740872129532,24617.796586415247,24581.685157843818,False,False,False,27880.70497668859
1,2025-10-17 17:22:00+00:00,2025-10-17,2025-10-17 20:00:00+00:00,634332,value_area_bounce,1,22.48857142857144,24726.13,24741.191875,24723.300625,24788.901875000003,24686.09866762737,24697.342953341657,24674.854381913086,False,False,False,1726.0053130319166
1,2025-10-17 17:38:00+00:00,2025-10-17,2025-10-17 20:00:00+00:00,634348,value_area_bounce,-1,16.01071428571465,24745.0,24734.196875,24716.118125,24758.301875,24688.040271752812,24696.04562889567,24680.034914609954,False,False,False,-187.5003291936432
1,2025-10-17 17:40:00+00:00,2025-10-17,2025-10-17 20:00:00+00:00,634350,value_area_bounce,-1,16.269285714286006,24743.38,24734.196875,24716.118125,24758.301875,24688.32690936721,24696.46155222435,24680.19226651007,False,False,False,-4672.650828799333
1,2025-10-17 17:48:00+00:00,2025-10-17,2025-10-17 20:00:00+00:00,634358,value_area_bounce,1,18.295714285714503,24731.0,24726.953125,24719.723958333336,24763.098958333336,24688.895365346707,24698.043222489563,24679.74750820385,False,False,False,1421.958451814497
1,2025-10-17 18:52:00+00:00,2025-10-17,2025-10-17 20:00:00+00:00,634422,value_area_bounce,1,13.58071428571436,24851.25,24877.453125,24840.890625,24881.109375,24703.228277032686,24710.018634175543,24696.437919889828,False,False,False,1636.1773859985956
1,2025-10-20 13:30:00+00:00,2025-10-20,2025-10-20 20:00:00+00:00,635465,value_area_bounce,1,10.786428571428717,25040.74,25009.385625000003,24989.416875000003,25009.385625000003,25022.07666666667,25027.469880952387,25016.683452380956,False,False,False,4312.120022756717
1,2025-10-20 13:42:00+00:00,2025-10-20,2025-10-20 20:00:00+00:00,635477,value_area_bounce,-1,21.291428571428696,25067.49,25081.01916666667,25021.370833333334,25085.607500000002,25061.48795685772,25072.133671143434,25050.842242572005,False,False,False,-1555.9568152904185
1,2025-10-20 14:02:00+00:00,2025-10-20,2025-10-20 20:00:00+00:00,635497,value_area_bounce,-1,16.595714285714557,25085.870000000003,25084.135625000003,25063.260625000003,25094.573125000003,25072.607788251684,25080.90564539454,25064.309931108826,False,False,False,-318.597331146668
1,2025-10-20 15:16:00+00:00,2025-10-20,2025-10-20 20:00:00+00:00,635571,value_area_bounce,-1,9.088571428571283,25169.24,25142.64104166667,25126.57854166667,25177.443125,25106.65279063527,25111.197076349556,25102.108504920987,False,False,False,-2319.184454222952
1,2025-10-20 15:55:00+00:00,2025-10-20,2025-10-20 20:00:00+00:00,635610,value_area_bounce,-1,14.042857142857558,25168.24,25183.95333333334,25179.286666666667,25193.286666666667,25119.987831454266,25127.009260025694,25112.966402882837,False,False,False,-1579.2536877054574
1,2025-10-20 15:56:00+00:00,2025-10-20,2025-10-20 20:00:00+00:00,635611,value_area_bounce,1,14.742857142857506,25182.74,25183.95333333334,25179.286666666667,25193.286666666667,25120.538092714873,25127.909521286303,25113.166664143442,False,False,False,193.4377570660654
1,2025-10-20 15:57:00+00:00,2025-10-20,2025-10-20 20:00:00+00:00,635612,value_area_bounce,1,15.099285714285932,25185.99,25183.95333333334,25179.286666666667,25193.286666666667,25120.935350389424,25128.484993246566,25113.38570753228,False,False,False,1147.5841519430928
1,2025-10-20 16:02:00+00:00,2025-10-20,2025-10-20 20:00:00+00:00,635617,value_area_bounce,1,16.43071428571472,25182.49,25186.286666666667,25179.286666666667,25193.286666666667,25123.007720281956,25131.223077424813,25114.7923631391,False,False,False,682.8668164033108
1,2025-10-20 16:05:00+00:00,2025-10-20,2025-10-20 20:00:00+00:00,635620,value_area_bounce,1,16.144285714286006,25189.49,25181.620000000003,25179.286666666667,25190.95333333334,25123.867151060233,25131.939293917374,25115.79500820309,False,False,True,489.3014876418546
1,2025-10-20 17:59:00+00:00,2025-10-20,2025-10-20 20:00:00+00:00,635734,value_area_bounce,1,4.524999999999636,25204.24,25207.838958333334,25200.474375,25212.04729166667,25137.65252151225,25139.91502151225,25135.39002151225,False,False,False,502.6282939988714
1,2025-10-20 18:23:00+00:00,2025-10-20,2025-10-20 20:00:00+00:00,635758,value_area_bounce,1,5.178571428571429,25209.24,25212.08375,25205.52125,25215.83375,25139.750138633597,25142.339424347883,25137.16085291931,False,False,False,327.5711633896037
1,2025-10-20 19:25:00+00:00,2025-10-20,2025-10-20 20:00:00+00:00,635820,value_area_bounce,1,7.203571428571844,25180.49,25200.745000000003,25179.745000000003,25200.745000000003,25143.651601010242,25147.25338672453,25140.049815295955,False,False,False,844.7262045012131
1,2025-10-20 19:53:00+00:00,2025-10-20,2025-10-20 20:00:00+00:00,635848,value_area_bounce,-1,6.836428571428769,25194.74,25186.807500000003,25178.682500000003,25198.182500000003,25145.499712146997,25148.91792643271,25142.081497861283,False,False,False,-1322.867710760939
1,2025-10-20 19:54:00+00:00,2025-10-20,2025-10-20 20:00:00+00:00,635849,value_area_bounce,-1,6.8100000000002705,25196.120000000003,25186.807500000003,25178.682500000003,25198.182500000003,25145.62371996109,25149.02871996109,25142.218719961093,False,False,False,-2404.9116525844975
1,2025-10-21 13:30:00+00:00,2025-10-21,2025-10-21 20:00:00+00:00,636845,value_area_bounce,-1,7.025714285714847,25154.870000000003,25153.505416666667,25140.67208333334,25167.942916666667,25160.74666666667,25164.259523809527,25157.233809523812,False,False,False,-5406.522038698763
1,2025-10-21 13:31:00+00:00,2025-10-21,2025-10-21 20:00:00+00:00,636846,value_area_bounce,-1,8.374285714286088,25138.870000000003,25161.526250000003,25145.48458333334,25164.73458333334,25154.021798059508,25158.20894091665,25149.834655202365,False,False,False,-11704.972863781271
1,2025-10-21 13:37:00+00:00,2025-10-21,2025-10-21 20:00:00+00:00,636852,value_area_bounce,1,13.151428571428758,25151.620000000003,25150.114791666667,25145.59395833334,25163.677291666667,25147.099481379835,25153.67519566555,25140.52376709412,False,False,False,12399.919855166654
1,2025-10-21 13:50:00+00:00,2025-10-21,2025-10-21 20:00:00+00:00,636865,value_area_bounce,1,21.018571428572614,25129.120000000003,25146.459375,25124.626875,25171.930625,25132.546101855914,25143.055387570203,25122.036816141626,False,False,False,6028.558724502656
1,2025-10-21 13:51:00+00:00,2025-10-21,2025-10-21 20:00:00+00:00,636866,value_area_bounce,1,21.340000000001186,25126.25,25146.459375,25124.626875,25171.930625,25132.259333805392,25142.929333805394,25121.58933380539,False,False,False,3112.633519559873
1,2025-10-21 13:52:00+00:00,2025-10-21,2025-10-21 20:00:00+00:00,636867,value_area_bounce,1,21.429285714286898,25128.870000000003,25146.459375,25124.626875,25171.930625,25132.090964477607,25142.80560733475,25121.376321620464,False,False,False,8565.307549462534
1,2025-10-21 14:10:00+00:00,2025-10-21,2025-10-21 20:00:00+00:00,636885,value_area_bounce,1,16.56928571428684,25107.5,25147.51375,25105.026250000003,25159.10125,25120.856739241568,25129.14138209871,25112.572096384425,False,False,False,504.9459036194535
1,2025-10-21 14:26:00+00:00,2025-10-21,2025-10-21 20:00:00+00:00,636901,value_area_bounce,-1,15.148571428571554,25103.620000000003,25115.773125,25081.627291666664,25126.016875,25121.496030593993,25129.07031630828,25113.921744879706,False,False,False,-3843.9420905580746
1,2025-10-21 17:17:00+00:00,2025-10-21,2025-10-21 20:00:00+00:00,637072,value_area_bounce,-1,12.79357142857199,25159.620000000003,25160.97375,25124.456250000003,25173.14625,25138.98703885448,25145.383824568766,25132.590253140195,False,False,False,-170.98710577090083
1,2025-10-21 17:26:00+00:00,2025-10-21,2025-10-21 20:00:00+00:00,637081,value_area_bounce,1,13.893571428571054,25133.75,25165.03125,25128.513750000002,25165.03125,25139.109478267277,25146.05626398156,25132.162692552993,False,False,False,593.3907764342955
1,2025-10-21 19:05:00+00:00,2025-10-21,2025-10-21 20:00:00+00:00,637180,value_area_bounce,1,5.099285714285153,25174.25,25175.510416666668,25171.30791666667,25183.91541666667,25143.3559805765,25145.905623433642,25140.806337719358,False,False,False,443.58794906872333
1,2025-10-21 19:27:00+00:00,2025-10-21,2025-10-21 20:00:00+00:00,637202,value_area_bounce,-1,4.732142857142857,25177.75,25177.126875,25172.571875,25180.543124999997,25144.072390050038,25146.43846147861,25141.706318621465,False,False,False,-1439.7186922647438
1,2025-10-21 19:28:00+00:00,2025-10-21,2025-10-21 20:00:00+00:00,637203,value_area_bounce,-1,4.740714285714473,25177.620000000003,25177.126875,25173.710625,25180.543124999997,25144.107699037944,25146.4780561808,25141.73734189509,False,False,False,-1364.4129870762588
1,2025-10-21 19:38:00+00:00,2025-10-21,2025-10-21 20:00:00+00:00,637213,value_area_bounce,1,5.57071428571466,25175.0,25179.151041666668,25172.74354166667,25180.218958333335,25144.392452955173,25147.17781009803,25141.607095812316,False,False,False,248.21310238990213
1,2025-10-21 19:42:00+00:00,2025-10-21,2025-10-21 20:00:00+00:00,637217,value_area_bounce,1,5.366428571428385,25174.120000000003,25179.151041666668,25172.74354166667,25180.218958333335,25144.505273232597,25147.18848751831,25141.822058946884,False,False,False,615.5798878651096
1,2025-10-21 19:57:00+00:00,2025-10-21,2025-10-21 20:00:00+00:00,637232,value_area_bounce,-1,7.123571428572177,25184.120000000003,25179.442916666667,25172.04708333334,25185.35958333334,25145.389589207927,25148.951374922213,25141.82780349364,False,False,False,-515.892743826497
1,2025-10-21 19:58:00+00:00,2025-10-21,2025-10-21 20:00:00+00:00,637233,value_area_bounce,-1,7.292857142858078,25178.120000000003,25179.442916666667,25172.04708333334,25185.35958333334,25145.44331382032,25149.08974239175,25141.796885248892,False,False,False,-1735.4708959997022
1,2025-10-22 13:30:00+00:00,2025-10-22,2025-10-22 20:00:00+00:00,638225,value_area_bounce,-1,8.84785714285733,25086.85,25135.261666666665,25122.511666666665,25139.511666666665,25103.97333333333,25108.39726190476,25099.549404761903,False,False,False,-6718.853352955902
1,2025-10-22 13:35:00+00:00,2025-10-22,2025-10-22 20:00:00+00:00,638230,value_area_bounce,1,14.071428571428571,25058.47,25089.058541666665,25052.027291666665,25126.089791666665,25079.50578524901,25086.541499534724,25072.470070963296,False,False,False,1200.666805341917
1,2025-10-22 14:02:00+00:00,2025-10-22,2025-10-22 20:00:00+00:00,638257,value_area_bounce,-1,16.107142857142858,25123.47,25089.464583333334,25045.777083333334,25128.297916666663,25104.794671661653,25112.848243090226,25096.74110023308,False,False,False,-463.6222006857247
1,2025-10-22 14:16:00+00:00,2025-10-22,2025-10-22 20:00:00+00:00,638271,value_area_bounce,1,15.962857142857112,25095.85,25128.297916666663,25089.464583333334,25142.860416666663,25106.235246894736,25114.216675466163,25098.25381832331,False,False,False,2659.2724005980294
1,2025-10-22 14:27:00+00:00,2025-10-22,2025-10-22 20:00:00+00:00,638282,opening_range_breakout,-1,18.832142857142962,25020.97,25129.075208333332,25086.463958333334,25133.809791666667,25100.87349940514,25110.289570833713,25091.45742797657,False,False,False,-9235.06257637842
1,2025-10-22 16:25:00+00:00,2025-10-22,2025-10-22 20:00:00+00:00,638400,value_area_bounce,1,16.731428571428946,24920.22,24942.6625,24917.0375,24983.6625,25009.637481309965,25018.00319559568,25001.27176702425,False,False,False,591.9582917318157
1,2025-10-22 16:35:00+00:00,2025-10-22,2025-10-22 20:00:00+00:00,638410,value_area_bounce,1,40.345714285712994,24873.6,24941.024375,24852.914375,24996.093125,24990.107211062255,25010.280068205113,24969.934353919398,False,False,False,7178.399760223604
1,2025-10-22 16:36:00+00:00,2025-10-22,2025-10-22 20:00:00+00:00,638411,value_area_bounce,1,42.07428571428448,24872.72,24941.024375,24852.914375,24996.093125,24988.674683008856,25009.711825865998,24967.637540151714,False,False,False,20810.967993827413
1,2025-10-22 18:15:00+00:00,2025-10-22,2025-10-22 20:00:00+00:00,638510,value_area_bounce,1,18.47214285714264,24731.6,24759.699999999997,24723.86,24785.3,24928.2059955526,24937.44206698117,24918.969924124027,False,False,False,677.6833263380877
1,2025-10-22 18:50:00+00:00,2025-10-22,2025-10-22 20:00:00+00:00,638545,value_area_bounce,-1,17.76714285714323,24778.35,24784.599166666667,24759.790833333333,24809.4075,24916.4705406071,24925.35411203567,24907.58696917853,False,False,False,-2895.132078463356
1,2025-10-22 19:47:00+00:00,2025-10-22,2025-10-22 20:00:00+00:00,638602,value_area_bounce,-1,13.122857142856446,24890.22,24863.709583333333,24824.51541666667,24897.30458333333,24911.026548432663,24917.587977004092,24904.465119861234,False,False,False,-3342.7435813387838
1,2025-10-22 19:50:00+00:00,2025-10-22,2025-10-22 20:00:00+00:00,638605,value_area_bounce,-1,14.518571428571054,24892.35,24863.709583333333,24852.51125,24908.502916666665,24910.947835702187,24918.20712141647,24903.688549987903,False,False,False,-909.6606699882959
1,2025-10-22 19:52:00+00:00,2025-10-22,2025-10-22 20:00:00+00:00,638607,value_area_bounce,-1,14.71785714285709,24892.35,24864.18875,24853.07375,24897.53375,24910.908250010107,24918.267178581536,24903.549321438677,False,False,False,-1038.5138104597781
1,2025-10-22 19:55:00+00:00,2025-10-22,2025-10-22 20:00:00+00:00,638610,value_area_bounce,-1,14.44071428571442,24894.1,24898.105208333334,24861.188541666663,24902.719791666663,24910.843389226797,24918.063746369655,24903.62303208394,False,False,False,-1916.1250358954694
1,2025-10-23 14:00:00+00:00,2025-10-23,2025-10-23 20:00:00+00:00,639635,value_area_bounce,-1,17.895000000000177,25015.52,25029.797916666666,24910.507916666666,25049.679583333334,24964.82720564613,24973.774705646127,24955.87970564613,False,False,False,-3519.2946348774685
1,2025-10-23 15:23:00+00:00,2025-10-23,2025-10-23 20:00:00+00:00,639718,value_area_bounce,1,12.367142857143076,25043.9,25055.3125,25038.430833333336,25064.959166666667,25005.610134612318,25011.793706040888,24999.426563183748,False,False,False,1332.1197385615146
1,2025-10-23 15:48:00+00:00,2025-10-23,2025-10-23 20:00:00+00:00,639743,value_area_bounce,1,16.789999999999832,25040.52,25046.42625,25028.61375,25064.23875,25010.042667959562,25018.437667959563,25001.64766795956,False,False,False,4761.936075965375
1,2025-10-23 17:07:00+00:00,2025-10-23,2025-10-23 20:00:00+00:00,639822,value_area_bounce,-1,6.933571428571407,25099.77,25080.98375,25078.37625,25109.666250000002,25023.065426017907,25026.532211732192,25019.598640303622,False,False,False,-24.413759729962976
1,2025-10-23 17:11:00+00:00,2025-10-23,2025-10-23 20:00:00+00:00,639826,value_area_bounce,-1,12.289999999999834,25101.9,25080.98375,25080.98375,25107.058750000004,25024.8410757584,25030.9860757584,25018.6960757584,False,False,False,-3771.569716767084
1,2025-10-23 17:15:00+00:00,2025-10-23,2025-10-23 20:00:00+00:00,639830,value_area_bounce,-1,13.487142857142837,25109.02,25080.98375,25078.37625,25109.666250000002,25025.69263814826,25032.43620957683,25018.949066719688,False,False,False,-1224.4185767640283
1,2025-10-23 17:16:00+00:00,2025-10-23,2025-10-23 20:00:00+00:00,639831,value_area_bounce,-1,13.996428571428623,25102.27,25080.98375,25078.37625,25109.666250000002,25025.924389955126,25032.92260424084,25018.92617566941,False,False,True,-950.5929417769922
1,2025-10-23 17:18:00+00:00,2025-10-23,2025-10-23 20:00:00+00:00,639833,value_area_bounce,-1,14.586428571428769,25099.02,25080.98375,25078.37625,25109.666250000002,25026.313065106155,25033.606279391868,25019.01985082044,False,False,False,-3693.660981104774
1,2025-10-23 17:19:00+00:00,2025-10-23,2025-10-23 20:00:00+00:00,639834,value_area_bounce,-1,14.340000000000146,25100.02,25080.107291666667,25065.949791666666,25106.062708333335,25026.47475994466,25033.644759944662,25019.304759944658,False,False,False,-2940.237453874562
1,2025-10-23 19:38:00+00:00,2025-10-23,2025-10-23 20:00:00+00:00,639973,value_area_bounce,1,5.874285714285569,25142.27,25146.416250000002,25141.68625,25151.14625,25044.92413770934,25047.86128056648,25041.986994852195,False,False,False,313.2479592877742
1,2025-10-23 19:56:00+00:00,2025-10-23,2025-10-23 20:00:00+00:00,639991,value_area_bounce,1,9.83071428571436,25129.27,25145.733333333337,25128.4,25152.233333333337,25047.540588124633,25052.45594526749,25042.625230981776,False,False,False,2189.77760738152
1,2025-10-23 19:57:00+00:00,2025-10-23,2025-10-23 20:00:00+00:00,639992,value_area_bounce,1,9.84785714285707,25129.77,25145.733333333337,25128.4,25152.233333333337,25047.691197026026,25052.615125597455,25042.767268454598,False,False,False,2811.7349107522527
1,2025-10-23 19:58:00+00:00,2025-10-23,2025-10-23 20:00:00+00:00,639993,value_area_bounce,1,10.035714285714286,25132.77,25145.733333333337,25128.4,25152.233333333337,25047.88464659342,25052.902503736277,25042.86678945056,False,False,False,2579.188859469754
1,2025-10-24 13:46:00+00:00,2025-10-24,2025-10-24 20:00:00+00:00,641001,value_area_bounce,-1,18.85285714285783,25393.300000000003,25384.491250000003,25342.566250000003,25401.261250000003,25368.375294313828,25377.801722885255,25358.9488657424,False,False,False,-1061.648074328892
1,2025-10-24 13:52:00+00:00,2025-10-24,2025-10-24 20:00:00+00:00,641007,value_area_bounce,1,20.014285714286025,25363.050000000003,25384.491250000003,25350.951250000002,25401.261250000003,25366.309837842804,25376.316980699947,25356.30269498566,False,False,False,2911.1547746689207
1,2025-10-24 16:27:00+00:00,2025-10-24,2025-10-24 20:00:00+00:00,641162,value_area_bounce,-1,6.579285714286276,25413.300000000003,25416.466875,25399.063125,25416.466875,25379.47832072865,25382.767963585793,25376.188677871505,False,False,False,-1457.6934014234398
1,2025-10-24 16:33:00+00:00,2025-10-24,2025-10-24 20:00:00+00:00,641168,value_area_bounce,-1,8.040000000000873,25413.050000000003,25416.466875,25399.063125,25416.466875,25379.95965011638,25383.97965011638,25375.93965011638,False,False,False,-914.2322946570976
1,2025-10-24 16:45:00+00:00,2025-10-24,2025-10-24 20:00:00+00:00,641180,value_area_bounce,1,8.46285714285789,25410.050000000003,25417.058333333334,25402.558333333334,25417.058333333334,25380.75769085322,25384.98911942465,25376.526262281794,False,False,False,1819.0174996785636
1,2025-10-24 17:11:00+00:00,2025-10-24,2025-10-24 20:00:00+00:00,641206,value_area_bounce,-1,5.9657142857135375,25421.300000000003,25427.622708333336,25413.706041666665,25432.841458333336,25382.83340671297,25385.816263855824,25379.850549570114,False,False,False,-216.16945021065237
1,2025-10-24 18:05:00+00:00,2025-10-24,2025-10-24 20:00:00+00:00,641260,value_area_bounce,1,5.734285714286151,25427.550000000003,25433.107916666668,25421.981250000004,25435.889583333334,25386.348836734476,25389.21597959162,25383.481693877333,False,False,False,568.0677317674495
1,2025-10-24 18:09:00+00:00,2025-10-24,2025-10-24 20:00:00+00:00,641264,value_area_bounce,1,5.67928571428534,25427.050000000003,25426.15375,25421.981250000004,25434.49875,25386.561625576127,25389.40126843327,25383.721982718984,False,False,False,1115.4613472213096
1,2025-10-24 19:06:00+00:00,2025-10-24,2025-10-24 20:00:00+00:00,641321,value_area_bounce,-1,5.607857142856768,25428.550000000003,25421.435416666667,25416.35208333334,25429.060416666667,25388.98932938398,25391.79325795541,25386.185400812552,False,False,False,-366.48794971101483
1,2025-10-24 19:45:00+00:00,2025-10-24,2025-10-24 20:00:00+00:00,641360,value_area_bounce,1,5.3792857142865875,25425.300000000003,25429.362500000003,25425.237500000003,25440.362500000003,25391.085775926014,25393.775418783156,25388.396133068873,False,False,False,729.517777080143
1,2025-10-27 13:30:00+00:00,2025-10-27,2025-10-27 20:00:00+00:00,642350,value_area_bounce,1,9.910714285714286,25731.66,25716.202083333334,25711.63875,25723.047083333335,25722.953333333335,25727.908690476193,25717.997976190476,False,False,False,4140.90263028166
1,2025-10-27 13:32:00+00:00,2025-10-27,2025-10-27 20:00:00+00:00,642352,value_area_bounce,-1,11.41928571428564,25723.41,25722.107916666668,25708.837083333332,25724.00375,25727.468395336364,25733.178038193506,25721.75875247922,False,False,False,-4222.794475566014
1,2025-10-27 13:34:00+00:00,2025-10-27,2025-10-27 20:00:00+00:00,642354,value_area_bounce,-1,13.696428571428571,25707.29,25722.107916666668,25703.149583333332,25725.899583333332,25725.922281224044,25732.770495509758,25719.07406693833,False,False,False,-4337.912849332208
1,2025-10-27 13:37:00+00:00,2025-10-27,2025-10-27 20:00:00+00:00,642357,value_area_bounce,1,16.839285714285715,25710.04,25724.2225,25695.3475,25724.2225,25716.6241949792,25725.04383783634,25708.204552122057,False,False,False,4293.704319770919
1,2025-10-27 13:42:00+00:00,2025-10-27,2025-10-27 20:00:00+00:00,642362,value_area_bounce,1,20.75,25708.91,25724.2225,25697.9725,25724.2225,25716.054270008794,25726.429270008794,25705.679270008794,False,False,False,4697.384908755979
1,2025-10-27 13:44:00+00:00,2025-10-27,2025-10-27 20:00:00+00:00,642364,value_area_bounce,1,19.37428571428557,25722.79,25724.2225,25705.8475,25724.2225,25715.677244920447,25725.36438777759,25705.990102063304,False,False,False,1694.368150844527
1,2025-10-27 13:45:00+00:00,2025-10-27,2025-10-27 20:00:00+00:00,642365,value_area_bounce,-1,19.78214285714265,25709.66,25724.2225,25705.8475,25724.2225,25715.656294969565,25725.547366398136,25705.765223540995,False,False,False,-4390.837008896313
1,2025-10-27 13:46:00+00:00,2025-10-27,2025-10-27 20:00:00+00:00,642366,value_area_bounce,1,19.862857142857006,25722.54,25724.2225,25705.8475,25724.2225,25715.83837517367,25725.769803745097,25705.90694660224,False,False,False,1215.458748975856
1,2025-10-27 13:51:00+00:00,2025-10-27,2025-10-27 20:00:00+00:00,642371,value_area_bounce,1,17.76999999999966,25714.79,25724.2225,25705.8475,25724.2225,25715.73129801998,25724.616298019977,25706.84629801998,False,False,False,2541.8621783892195
1,2025-10-27 14:00:00+00:00,2025-10-27,2025-10-27 20:00:00+00:00,642380,value_area_bounce,-1,13.291428571428437,25728.16,25724.2225,25708.4725,25729.4725,25717.87517679631,25724.520891082026,25711.229462510597,False,False,False,-2342.894353423526
1,2025-10-27 17:32:00+00:00,2025-10-27,2025-10-27 20:00:00+00:00,642592,value_area_bounce,1,5.20142857142829,25791.66,25797.662083333336,25786.95375,25799.80375,25747.493157663383,25750.093871949095,25744.89244337767,False,False,False,475.5422889174207
1,2025-10-27 18:38:00+00:00,2025-10-27,2025-10-27 20:00:00+00:00,642658,value_area_bounce,1,3.115714285714213,25811.04,25810.50375,25809.295416666668,25815.94125,25752.508636395305,25754.06649353816,25750.95077925245,False,False,False,222.50668403653378
1,2025-10-27 18:51:00+00:00,2025-10-27,2025-10-27 20:00:00+00:00,642671,value_area_bounce,-1,3.799999999999792,25815.66,25814.514166666668,25810.372499999998,25816.99916666667,25753.68481090382,25755.58481090382,25751.784810903817,False,False,False,-264.8939704764881
1,2025-10-27 19:22:00+00:00,2025-10-27,2025-10-27 20:00:00+00:00,642702,value_area_bounce,1,4.098571428571502,25810.66,25810.894166666665,25808.9775,25820.4775,25756.708908620603,25758.75819433489,25754.659622906318,False,False,False,225.22985462698
1,2025-10-27 19:30:00+00:00,2025-10-27,2025-10-27 20:00:00+00:00,642710,value_area_bounce,1,3.725000000000364,25814.41,25817.128541666665,25810.691041666665,25824.638958333337,25757.36178257634,25759.22428257634,25755.49928257634,False,False,False,365.97132188977304
1,2025-10-28 13:39:00+00:00,2025-10-28,2025-10-28 20:00:00+00:00,643739,value_area_bounce,-1,16.787142857142367,25945.09,25937.891875,25895.381458333337,25949.485625,25952.50432873353,25960.8979001621,25944.110757304956,False,False,False,-102.36727473823294
1,2025-10-28 13:43:00+00:00,2025-10-28,2025-10-28 20:00:00+00:00,643743,value_area_bounce,-1,18.44499999999945,25957.34,25949.56375,25930.292916666665,25961.12625,25953.150035123555,25962.372535123555,25943.927535123556,False,False,False,-173.24420190100454
1,2025-10-28 13:55:00+00:00,2025-10-28,2025-10-28 20:00:00+00:00,643755,value_area_bounce,1,14.576428571428291,25934.22,25939.422708333335,25915.186458333334,25955.580208333333,25946.744557705522,25954.032771991235,25939.45634341981,False,False,False,3295.6958402376385
1,2025-10-28 14:00:00+00:00,2025-10-28,2025-10-28 20:00:00+00:00,643760,value_area_bounce,-1,16.540714285714007,25948.97,25939.422708333335,25931.343958333335,25960.966041666667,25947.01930295204,25955.2896600949,25938.748945809184,False,False,False,-1345.4664103395191
1,2025-10-28 14:01:00+00:00,2025-10-28,2025-10-28 20:00:00+00:00,643761,value_area_bounce,-1,16.290714285714007,25949.09,25939.422708333335,25931.343958333335,25960.966041666667,25947.1199829459,25955.265340088758,25938.974625803043,False,False,False,-3825.628828944648
1,2025-10-28 14:05:00+00:00,2025-10-28,2025-10-28 20:00:00+00:00,643765,value_area_bounce,-1,14.790714285714005,25943.84,25950.194375,25931.343958333335,25960.966041666667,25947.3265401124,25954.72189725526,25939.931182969543,False,False,False,-3966.0567197435003
1,2025-10-28 15:37:00+00:00,2025-10-28,2025-10-28 20:00:00+00:00,643857,value_area_bounce,1,9.348571428571502,25928.59,25922.074375,25918.011875,25930.199375,25936.975846004523,25941.65013171881,25932.301560290238,False,False,False,2792.253333333811
1,2025-10-28 15:45:00+00:00,2025-10-28,2025-10-28 20:00:00+00:00,643865,value_area_bounce,1,10.034285714285422,25922.34,25924.105625,25920.043125,25930.199375,25936.557903421,25941.57504627814,25931.540760563857,False,False,False,1332.4403825113272
1,2025-10-28 15:46:00+00:00,2025-10-28,2025-10-28 20:00:00+00:00,643866,value_area_bounce,1,9.981428571428426,25928.34,25924.105625,25920.043125,25930.199375,25936.511237972645,25941.50195225836,25931.52052368693,False,False,False,2584.413355484038
1,2025-10-28 16:31:00+00:00,2025-10-28,2025-10-28 20:00:00+00:00,643911,value_area_bounce,-1,13.072857142856654,25964.84,25961.339791666665,25932.527291666665,25975.746041666665,25940.122105357645,25946.658533929072,25933.585676786217,False,False,False,-5993.0831467135895
1,2025-10-28 16:33:00+00:00,2025-10-28,2025-10-28 20:00:00+00:00,643913,value_area_bounce,-1,16.31499999999973,25981.72,25961.339791666665,25937.329375,25985.350208333337,25941.095640580137,25949.25314058014,25932.938140580136,False,False,False,-4344.858555356439
1,2025-10-28 16:39:00+00:00,2025-10-28,2025-10-28 20:00:00+00:00,643919,value_area_bounce,-1,18.237857142857006,25986.97,25985.085,25958.864999999998,25989.455,25942.719584596005,25951.838513167433,25933.600656024577,False,False,False,-3148.9427899527614
1,2025-10-28 16:40:00+00:00,2025-10-28,2025-10-28 20:00:00+00:00,643920,value_area_bounce,-1,18.817857142856933,25982.47,25985.085,25958.864999999998,25989.455,25942.996445749308,25952.405374320737,25933.58751717788,False,False,False,-3346.88951296687
1,2025-10-28 17:46:00+00:00,2025-10-28,2025-10-28 20:00:00+00:00,643986,value_area_bounce,-1,7.085000000000166,26021.59,26016.136250000003,25998.293750000004,26022.08375,25955.910438789597,25959.452938789596,25952.367938789597,False,False,False,-2111.746643891316
1,2025-10-28 19:01:00+00:00,2025-10-28,2025-10-28 20:00:00+00:00,644061,value_area_bounce,-1,6.132142857142493,26067.59,26068.768125000002,26063.251875,26074.284375000003,25969.1482972414,25972.21436866997,25966.082225812832,False,False,False,-1199.7498353592762
1,2025-10-28 19:38:00+00:00,2025-10-28,2025-10-28 20:00:00+00:00,644098,value_area_bounce,-1,7.51642857142828,26093.84,26092.81875,26066.50875,26095.011250000003,25977.03061258729,25980.788826873002,25973.272398301575,False,False,False,-2181.4668745784043
1,2025-10-28 19:39:00+00:00,2025-10-28,2025-10-28 20:00:00+00:00,644099,value_area_bounce,-1,7.659285714285423,26093.59,26092.81875,26066.50875,26095.011250000003,25977.238843694275,25981.068486551416,25973.409200837134,False,False,False,-2239.9919839917306
1,2025-10-28 19:40:00+00:00,2025-10-28,2025-10-28 20:00:00+00:00,644100,value_area_bounce,-1,7.382857142856925,26083.34,26093.256250000002,26067.44625,26095.407083333335,25977.534126958533,25981.225555529963,25973.842698387103,False,False,False,-2628.7358920374354
1,2025-10-28 19:52:00+00:00,2025-10-28,2025-10-28 20:00:00+00:00,644112,value_area_bounce,1,10.312857142857215,26069.59,26094.199375,26062.459791666668,26094.199375,25981.182308648567,25986.338737219998,25976.025880077137,False,False,False,3231.353413279774
1,2025-10-28 19:53:00+00:00,2025-10-28,2025-10-28 20:00:00+00:00,644113,value_area_bounce,1,10.70571428571436,26067.84,26094.199375,26062.459791666668,26094.199375,25981.443931494847,25986.796788637705,25976.09107435199,False,False,False,3331.521541935055
1,2025-10-29 13:30:00+00:00,2025-10-29,2025-10-29 20:00:00+00:00,645110,value_area_bounce,-1,7.197142857142483,26155.56,26148.31,26146.97666666667,26156.31,26160.646666666667,26164.245238095238,26157.048095238097,False,False,False,-5540.736065709774
1,2025-10-29 13:34:00+00:00,2025-10-29,2025-10-29 20:00:00+00:00,645114,value_area_bounce,-1,10.383571428571615,26164.31,26161.049583333333,26134.50791666667,26164.84125,26165.131819949198,26170.323605663485,26159.94003423491,False,False,False,-2741.1096377123395
1,2025-10-29 13:35:00+00:00,2025-10-29,2025-10-29 20:00:00+00:00,645115,value_area_bounce,-1,10.821428571428571,26156.81,26164.919375,26147.950625,26164.919375,26164.44505729306,26169.855771578772,26159.034343007344,False,False,False,-1251.4184924153096
1,2025-10-29 13:37:00+00:00,2025-10-29,2025-10-29 20:00:00+00:00,645117,value_area_bounce,-1,12.062857142856956,26143.81,26161.179375,26139.041458333333,26164.585208333334,26162.50078696433,26168.532215535757,26156.469358392904,False,False,False,-14493.618089593729
1,2025-10-29 13:39:00+00:00,2025-10-29,2025-10-29 20:00:00+00:00,645119,value_area_bounce,-1,13.285000000000375,26159.56,26160.794166666667,26141.734166666665,26163.970833333333,26161.86003419359,26168.50253419359,26155.217534193587,False,False,False,-8224.444984540112
1,2025-10-29 13:42:00+00:00,2025-10-29,2025-10-29 20:00:00+00:00,645122,value_area_bounce,-1,14.133571428571615,26156.06,26160.794166666667,26151.264166666668,26165.559166666666,26161.014570041956,26168.081355756243,26153.94778432767,False,False,False,-2184.121817032211
1,2025-10-29 13:45:00+00:00,2025-10-29,2025-10-29 20:00:00+00:00,645125,value_area_bounce,-1,12.901428571428758,26156.19,26160.794166666667,26152.8525,26165.559166666666,26160.815399818868,26167.266114104583,26154.364685533154,False,False,False,-2997.4172687232685
1,2025-10-29 13:47:00+00:00,2025-10-29,2025-10-29 20:00:00+00:00,645127,value_area_bounce,-1,12.830714285714098,26164.19,26160.794166666667,26154.440833333334,26165.559166666666,26161.12240117203,26167.537758314887,26154.70704402917,False,False,False,-369.7511100909626
1,2025-10-29 14:07:00+00:00,2025-10-29,2025-10-29 20:00:00+00:00,645147,value_area_bounce,-1,12.133571428571615,26164.81,26160.50770833333,26154.486875,26172.549375,26168.876437149393,26174.94322286368,26162.809651435105,False,False,False,-5252.98348365415
1,2025-10-29 14:12:00+00:00,2025-10-29,2025-10-29 20:00:00+00:00,645152,value_area_bounce,1,12.34714285714342,26171.06,26160.50770833333,26154.486875,26172.549375,26168.640011489784,26174.813582918356,26162.466440061213,False,False,False,5616.533579627165
1,2025-10-29 15:16:00+00:00,2025-10-29,2025-10-29 20:00:00+00:00,645216,value_area_bounce,1,11.247142857142535,26137.06,26152.448958333334,26126.075208333335,26170.03145833333,26166.33742990744,26171.96100133601,26160.713858478866,False,False,False,2913.0145337434046
1,2025-10-29 15:48:00+00:00,2025-10-29,2025-10-29 20:00:00+00:00,645248,value_area_bounce,1,9.963571428571802,26118.31,26128.861875,26113.768125,26148.268125,26161.658690829634,26166.64047654392,26156.67690511535,False,False,False,951.2899142020275
1,2025-10-29 15:49:00+00:00,2025-10-29,2025-10-29 20:00:00+00:00,645249,value_area_bounce,1,10.39214285714323,26132.81,26128.564583333333,26128.564583333333,26155.780416666665,26161.453015798306,26166.649087226877,26156.256944369736,False,False,False,2845.34485925627
1,2025-10-29 15:51:00+00:00,2025-10-29,2025-10-29 20:00:00+00:00,645251,value_area_bounce,1,10.615000000000562,26124.06,26128.564583333333,26116.193750000002,26145.88375,26161.061123537642,26166.36862353764,26155.753623537643,False,False,False,145.34885351209664
1,2025-10-29 16:12:00+00:00,2025-10-29,2025-10-29 20:00:00+00:00,645272,value_area_bounce,1,11.311428571429133,26109.06,26128.21083333333,26103.8775,26134.294166666667,26156.31898710721,26161.974701392923,26150.663272821497,False,False,False,1156.8132054380335
1,2025-10-29 17:37:00+00:00,2025-10-29,2025-10-29 20:00:00+00:00,645357,value_area_bounce,1,7.4992857142860885,26123.81,26147.06,26123.06,26151.06,26151.6163867116,26155.366029568744,26147.866743854458,False,False,False,1623.111749467455
1,2025-10-29 17:38:00+00:00,2025-10-29,2025-10-29 20:00:00+00:00,645358,value_area_bounce,1,7.25,26123.56,26147.06,26123.06,26151.06,26151.547363091075,26155.172363091075,26147.922363091075,False,False,False,2476.252676458092
1,2025-10-29 17:39:00+00:00,2025-10-29,2025-10-29 20:00:00+00:00,645359,value_area_bounce,1,6.678571428571429,26127.19,26147.06,26123.06,26151.06,26151.49262952323,26154.831915237515,26148.153343808943,False,False,False,1801.2558559383815
1,2025-10-29 17:53:00+00:00,2025-10-29,2025-10-29 20:00:00+00:00,645373,value_area_bounce,-1,6.55428571428534,26145.56,26147.06,26123.06,26151.06,26151.189293847514,26154.466436704657,26147.91215099037,False,False,False,-251.45569319705118
1,2025-10-29 18:02:00+00:00,2025-10-29,2025-10-29 20:00:00+00:00,645382,value_area_bounce,-1,12.053571428572468,26140.19,26113.018333333333,26110.235,26140.85166666667,26150.998115401286,26157.024901115572,26144.971329687,False,False,False,-2238.11531266985
1,2025-10-29 18:10:00+00:00,2025-10-29,2025-10-29 20:00:00+00:00,645390,value_area_bounce,1,20.247857142857487,26134.81,26123.771458333336,26120.386041666665,26147.469375,26148.46749244909,26158.59142102052,26138.34356387766,False,False,False,5595.356837013034
1,2025-10-29 18:24:00+00:00,2025-10-29,2025-10-29 20:00:00+00:00,645404,value_area_bounce,1,15.644999999999916,26123.94,26123.771458333336,26117.000625,26137.313125,26146.358192594573,26154.18069259457,26138.535692594574,False,False,False,877.8245088945921
1,2025-10-29 18:25:00+00:00,2025-10-29,2025-10-29 20:00:00+00:00,645405,value_area_bounce,1,15.742857142857247,26125.31,26123.771458333336,26117.000625,26137.313125,26146.24230839723,26154.113736968662,26138.3708798258,False,False,False,4596.904452987891
1,2025-10-29 18:29:00+00:00,2025-10-29,2025-10-29 20:00:00+00:00,645409,value_area_bounce,1,15.79928571428614,26134.69,26123.771458333336,26117.000625,26137.313125,26145.808432652182,26153.708075509327,26137.908789795038,False,False,False,3418.4123311964195
1,2025-10-29 18:30:00+00:00,2025-10-29,2025-10-29 20:00:00+00:00,645410,value_area_bounce,-1,15.510000000000478,26125.56,26123.771458333336,26117.000625,26137.313125,26145.722214019326,26153.477214019327,26137.967214019325,False,False,False,-781.8090524374222
1,2025-10-29 18:35:00+00:00,2025-10-29,2025-10-29 20:00:00+00:00,645415,value_area_bounce,-1,24.760000000000478,26040.94,26123.771458333336,26117.000625,26140.698541666665,26144.86018436612,26157.24018436612,26132.48018436612,False,False,False,-4904.196492641606
1,2025-10-29 18:46:00+00:00,2025-10-29,2025-10-29 20:00:00+00:00,645426,value_area_bounce,1,55.30857142857115,26020.94,26118.318333333336,25989.401666666665,26157.985,26115.003970594553,26142.658256308838,26087.349684880268,False,False,False,423.8501799167316
1,2025-10-29 18:56:00+00:00,2025-10-29,2025-10-29 20:00:00+00:00,645436,value_area_bounce,-1,48.57785714285689,26060.31,25988.645416666666,25939.749583333334,26105.99541666667,26107.550170836566,26131.839099407996,26083.261242265136,False,False,False,-10012.155152603547
1,2025-10-30 13:30:00+00:00,2025-10-30,2025-10-30 20:00:00+00:00,646490,value_area_bounce,-1,15.322142857143003,25972.47,26005.782708333332,25986.970208333332,26008.918125,25981.38333333333,25989.044404761902,25973.72226190476,False,False,False,-7701.880455469234
1,2025-10-30 13:31:00+00:00,2025-10-30,2025-10-30 20:00:00+00:00,646491,value_area_bounce,1,16.438571428571645,25979.22,25982.26625,25958.80625,26002.79375,25977.495068207627,25985.714353921914,25969.27578249334,False,False,False,729.9465051772122
1,2025-10-30 14:02:00+00:00,2025-10-30,2025-10-30 20:00:00+00:00,646522,value_area_bounce,-1,30.21357142857128,26017.97,26012.428333333337,25883.511666666665,26032.261666666665,25939.732735840953,25954.839521555237,25924.62595012667,False,False,False,-177.96186263228492
1,2025-10-30 14:03:00+00:00,2025-10-30,2025-10-30 20:00:00+00:00,646523,value_area_bounce,-1,31.267142857142712,26004.72,26012.428333333337,25883.511666666665,26032.261666666665,25941.940382389563,25957.573953818133,25926.306810960992,False,False,False,-5412.082973381328
1,2025-10-30 14:06:00+00:00,2025-10-30,2025-10-30 20:00:00+00:00,646526,value_area_bounce,-1,32.70499999999993,26017.72,26012.428333333337,25903.345,26032.261666666665,25947.52299259408,25963.87549259408,25931.17049259408,False,False,False,-6612.83454336858
1,2025-10-30 14:07:00+00:00,2025-10-30,2025-10-30 20:00:00+00:00,646527,value_area_bounce,-1,33.606428571428424,26013.97,26012.428333333337,25903.345,26032.261666666665,25949.162917578407,25965.966131864123,25932.359703292692,False,False,False,-9274.490847252051
1,2025-10-30 16:53:00+00:00,2025-10-30,2025-10-30 20:00:00+00:00,646693,value_area_bounce,1,13.50499999999972,25947.34,25976.99625,25937.43375,25976.99625,25938.50437378972,25945.25687378972,25931.751873789723,False,False,False,1844.1953298539902
1,2025-10-30 17:22:00+00:00,2025-10-30,2025-10-30 20:00:00+00:00,646722,value_area_bounce,1,12.018571428571574,25921.84,25931.6,25911.32,25962.02,25937.30898664753,25943.318272361816,25931.299700933247,False,False,False,1992.882852051538
1,2025-10-30 17:30:00+00:00,2025-10-30,2025-10-30 20:00:00+00:00,646730,value_area_bounce,-1,12.598571428571502,25929.09,25901.18,25887.660000000003,25948.5,25937.38520178438,25943.684487498664,25931.085916070093,False,False,False,-1508.1450016807614
1,2025-10-30 18:30:00+00:00,2025-10-30,2025-10-30 20:00:00+00:00,646790,value_area_bounce,1,13.400714285714068,25907.97,25948.857291666667,25891.588541666668,25956.493125,25935.545391224307,25942.245748367164,25928.84503408145,False,False,False,1420.405792170112
1,2025-10-30 18:33:00+00:00,2025-10-30,2025-10-30 20:00:00+00:00,646793,value_area_bounce,1,13.446428571428571,25892.84,25948.857291666667,25891.588541666668,25956.493125,25935.331586912376,25942.05480119809,25928.608372626662,False,False,False,3552.233251579295
1,2025-10-30 19:30:00+00:00,2025-10-30,2025-10-30 20:00:00+00:00,646850,value_area_bounce,1,15.937142857142785,25829.34,25877.918125,25827.574375,25900.293125,25927.04231370879,25935.01088513736,25919.07374228022,False,False,False,2324.4544913811696
1,2025-10-31 16:25:00+00:00,2025-10-31,2025-10-31 20:00:00+00:00,648045,value_area_bounce,1,16.94571428571414,25893.66,25983.4675,25882.9675,26000.2175,25996.377587081417,26004.850444224274,25987.90472993856,False,False,False,10485.629953584266
1,2025-10-31 17:07:00+00:00,2025-10-31,2025-10-31 20:00:00+00:00,648087,value_area_bounce,1,17.726428571428446,25820.91,25874.524791666663,25809.149791666663,25879.972708333335,25973.444584730947,25982.30779901666,25964.581370445234,False,False,False,3716.752415862075
1,2025-10-31 17:17:00+00:00,2025-10-31,2025-10-31 20:00:00+00:00,648097,value_area_bounce,1,18.5378571428568,25814.78,25875.76875,25804.458749999998,25881.71125,25966.669508213472,25975.9384367849,25957.400579642042,False,False,False,1194.277420233219
1,2025-10-31 17:26:00+00:00,2025-10-31,2025-10-31 20:00:00+00:00,648106,value_area_bounce,1,15.045714285714505,25814.53,25874.122916666667,25803.312916666666,25880.02375,25961.059779509713,25968.58263665257,25953.536922366857,False,False,False,1794.6371632512796
1,2025-10-31 17:38:00+00:00,2025-10-31,2025-10-31 20:00:00+00:00,648118,value_area_bounce,1,18.03642857142872,25806.16,25804.182291666664,25794.901458333334,25841.305625,25953.917812745305,25962.93602703102,25944.89959845959,False,False,False,1520.343021052587
1,2025-10-31 18:57:00+00:00,2025-10-31,2025-10-31 20:00:00+00:00,648197,value_area_bounce,1,10.282142857142649,25884.78,25881.545625,25881.545625,25901.514375,25939.691964303835,25944.833035732405,25934.550892875264,False,False,False,1381.7945948913696
1,2025-10-31 19:45:00+00:00,2025-10-31,2025-10-31 20:00:00+00:00,648245,value_area_bounce,-1,12.010000000000218,25961.03,25986.186041666668,25906.425625,25986.186041666668,25940.048026680153,25946.053026680154,25934.043026680152,False,False,False,-333.6833400730809
1,2025-11-03 14:34:00+00:00,2025-11-03,2025-11-03 21:00:00+00:00,649239,value_area_bounce,-1,12.589285714285714,26132.44,26148.717708333334,26115.341041666667,26152.88979166667,26146.137793694103,26152.432436551244,26139.84315083696,False,False,False,-3359.4640168647256
1,2025-11-03 14:43:00+00:00,2025-11-03,2025-11-03 21:00:00+00:00,649248,value_area_bounce,1,20.116428571428646,26067.32,26114.97625,26064.330416666664,26128.78875,26110.388042661576,26120.44625694729,26100.329828375863,False,False,False,681.6516392873536
1,2025-11-03 14:44:00+00:00,2025-11-03,2025-11-03 21:00:00+00:00,649249,value_area_bounce,1,19.719999999999864,26064.82,26114.97625,26064.330416666664,26128.78875,26108.721959415732,26118.581959415733,26098.86195941573,False,False,False,6475.445909014415
1,2025-11-03 14:45:00+00:00,2025-11-03,2025-11-03 21:00:00+00:00,649250,value_area_bounce,1,19.443571428571367,26076.44,26114.97625,26064.330416666664,26128.78875,26106.930384023755,26116.65216973804,26097.20859830947,False,False,False,5821.083051870166
1,2025-11-03 14:47:00+00:00,2025-11-03,2025-11-03 21:00:00+00:00,649252,value_area_bounce,1,20.45214285714272,26071.69,26064.330416666664,26055.122083333335,26124.184583333335,26103.03875371959,26113.264825148162,26092.812682291016,False,False,False,7845.850679052461
1,2025-11-03 15:02:00+00:00,2025-11-03,2025-11-03 21:00:00+00:00,649267,value_area_bounce,1,19.104999999999304,26015.69,26036.325208333335,26002.002291666664,26111.835625,26077.15664957048,26086.709149570477,26067.60414957048,False,False,False,1278.1532413924515
1,2025-11-03 16:32:00+00:00,2025-11-03,2025-11-03 21:00:00+00:00,649357,value_area_bounce,1,14.93999999999973,25977.44,25976.747291666667,25965.28895833333,25985.341041666667,26010.238476537656,26017.708476537657,26002.768476537654,False,False,False,7245.18493785417
1,2025-11-03 17:01:00+00:00,2025-11-03,2025-11-03 21:00:00+00:00,649386,value_area_bounce,-1,13.764999999999938,25985.94,25981.1325,25960.1625,25988.122499999998,26006.728852283726,26013.611352283726,25999.846352283726,False,False,False,-4062.6287506410404
1,2025-11-03 17:25:00+00:00,2025-11-03,2025-11-03 21:00:00+00:00,649410,value_area_bounce,-1,10.469999999999866,26006.19,25987.64875,25954.416250000002,26009.80375,26007.227789231634,26012.462789231635,26001.992789231634,False,False,False,-2685.009516942032
1,2025-11-03 17:27:00+00:00,2025-11-03,2025-11-03 21:00:00+00:00,649412,value_area_bounce,-1,11.514999999999938,25998.94,25987.64875,25954.416250000002,26009.80375,26007.170419990372,26012.927919990372,26001.412919990373,False,False,False,-3680.566973101256
1,2025-11-03 18:23:00+00:00,2025-11-03,2025-11-03 21:00:00+00:00,649468,value_area_bounce,1,6.884285714285787,26042.57,26045.659375,26041.455625,26052.665625,26010.37169229031,26013.813835147455,26006.929549433167,False,False,False,229.27963353041446
1,2025-11-03 18:25:00+00:00,2025-11-03,2025-11-03 21:00:00+00:00,649470,value_area_bounce,-1,6.9021428571429295,26041.94,26041.934791666667,26040.575208333332,26051.451875,26010.480611261788,26013.93168269036,26007.029539833216,False,False,False,-207.43024390188805
1,2025-11-03 18:26:00+00:00,2025-11-03,2025-11-03 21:00:00+00:00,649471,value_area_bounce,1,6.928571428571429,26045.19,26046.013541666667,26040.575208333332,26050.092291666668,26010.54092065814,26014.005206372425,26007.076634943853,False,False,False,1646.501685393589
1,2025-11-03 18:27:00+00:00,2025-11-03,2025-11-03 21:00:00+00:00,649472,value_area_bounce,1,7.160714285714286,26050.44,26045.86125,26040.93125,26050.791250000002,26010.603182130766,26014.183539273625,26007.022824987907,False,False,False,3192.0016853935886
1,2025-11-03 18:31:00+00:00,2025-11-03,2025-11-03 21:00:00+00:00,649476,value_area_bounce,1,7.714285714285714,26047.44,26045.86125,26040.93125,26049.55875,26010.803672878017,26014.66081573516,26006.946530020876,False,False,False,1410.9802735913759
1,2025-11-03 18:47:00+00:00,2025-11-03,2025-11-03 21:00:00+00:00,649492,value_area_bounce,-1,7.098571428571502,26042.19,26045.819583333334,26039.69875,26051.940416666665,26011.722130042148,26015.271415756433,26008.172844327863,False,False,False,-1124.0582960275835
1,2025-11-03 18:50:00+00:00,2025-11-03,2025-11-03 21:00:00+00:00,649495,value_area_bounce,1,6.7849999999998545,26046.44,26045.819583333334,26039.69875,26051.940416666665,26011.862604163147,26015.255104163145,26008.47010416315,False,False,False,201.88910220505056
1,2025-11-03 19:12:00+00:00,2025-11-03,2025-11-03 21:00:00+00:00,649517,value_area_bounce,1,12.072142857143003,26019.94,26043.92,26017.72,26059.64,26012.275923029385,26018.311994457956,26006.239851600814,False,False,False,1662.1438883373794
1,2025-11-03 19:30:00+00:00,2025-11-03,2025-11-03 21:00:00+00:00,649535,value_area_bounce,1,10.238571428571438,26007.69,26014.198750000003,25994.80375,26036.82625,26011.840629650455,26016.95991536474,26006.72134393617,False,False,False,2188.782020173829
1,2025-11-03 20:40:00+00:00,2025-11-03,2025-11-03 21:00:00+00:00,649605,value_area_bounce,1,9.04928571428536,26001.44,26004.065,25997.315,26019.815,26010.384282680938,26014.908925538082,26005.859639823793,False,False,False,4405.129088808546
1,2025-11-03 20:53:00+00:00,2025-11-03,2025-11-03 21:00:00+00:00,649618,value_area_bounce,1,10.090000000000146,25989.69,26003.4825,25984.777499999997,26005.560833333333,26009.895946619716,26014.940946619718,26004.850946619714,False,False,False,2316.059879025133
1,2025-11-03 20:54:00+00:00,2025-11-03,2025-11-03 21:00:00+00:00,649619,value_area_bounce,1,10.018571428571574,25989.69,26003.4825,25984.777499999997,26005.560833333333,26009.844410852143,26014.853696566428,26004.83512513786,False,False,False,1841.0719720475595
1,2025-11-03 20:55:00+00:00,2025-11-03,2025-11-03 21:00:00+00:00,649620,value_area_bounce,1,10.366428571428644,25990.07,26003.4825,25984.777499999997,26005.560833333333,26009.78391810768,26014.967132393394,26004.60070382197,False,False,False,3179.348176717359
1,2025-11-03 20:56:00+00:00,2025-11-03,2025-11-03 21:00:00+00:00,649621,value_area_bounce,1,10.411428571428717,25994.69,26003.825416666667,25987.99208333333,26005.80458333333,26009.755267523204,26014.96098180892,26004.549553237488,False,False,False,3320.208312914061
1,2025-11-03 20:58:00+00:00,2025-11-03,2025-11-03 21:00:00+00:00,649623,value_area_bounce,1,10.812857142857215,25997.94,26004.321875,25987.184374999997,26006.035624999997,26009.69491507771,26015.10134364914,26004.28848650628,False,False,False,3677.229042652276
1,2025-11-04 14:30:00+00:00,2025-11-04,2025-11-04 21:00:00+00:00,650615,value_area_bounce,1,14.08071428571436,25630.08,25638.090625,25607.267708333333,25646.496875,25625.24666666667,25632.287023809527,25618.20630952381,False,False,False,4703.015278202096
1,2025-11-04 14:32:00+00:00,2025-11-04,2025-11-04 21:00:00+00:00,650617,value_area_bounce,-1,16.785714285714285,25613.83,25642.25875,25615.11625,25642.25875,25629.71269243735,25638.10554958021,25621.319835294493,False,False,False,-4682.452621261562
1,2025-11-04 14:40:00+00:00,2025-11-04,2025-11-04 21:00:00+00:00,650625,value_area_bounce,1,29.715000000000146,25622.58,25642.194583333338,25591.54875,25646.090416666666,25604.42827830492,25619.28577830492,25589.570778304922,False,False,False,6859.317110199722
1,2025-11-04 14:47:00+00:00,2025-11-04,2025-11-04 21:00:00+00:00,650632,value_area_bounce,-1,29.553571428571427,25639.83,25624.439375,25584.689375,25649.283125,25621.748912095023,25636.52569780931,25606.972126380737,False,False,False,-10839.626192307944
1,2025-11-04 16:28:00+00:00,2025-11-04,2025-11-04 21:00:00+00:00,650733,value_area_bounce,1,17.790714285714266,25670.95,25672.38354166667,25653.39979166667,25716.678958333334,25695.11716337227,25704.012520515127,25686.221806229412,False,False,False,1185.8085241660615
1,2025-11-04 16:50:00+00:00,2025-11-04,2025-11-04 21:00:00+00:00,650755,value_area_bounce,1,17.724285714285934,25647.7,25653.376875,25639.335208333338,25681.460208333338,25691.94952617478,25700.811669031922,25683.087383317637,False,False,False,484.27964989279667
1,2025-11-04 17:23:00+00:00,2025-11-04,2025-11-04 21:00:00+00:00,650788,value_area_bounce,1,16.62571428571443,25601.7,25608.913125,25589.709375,25666.524375,25680.70771952801,25689.020576670868,25672.394862385154,False,False,False,6140.2501102422975
1,2025-11-04 17:29:00+00:00,2025-11-04,2025-11-04 21:00:00+00:00,650794,value_area_bounce,1,19.20142857142855,25609.83,25608.913125,25608.913125,25666.524375,25678.851295030952,25688.452009316665,25669.25058074524,False,False,False,3625.206230716257
1,2025-11-04 17:45:00+00:00,2025-11-04,2025-11-04 21:00:00+00:00,650810,value_area_bounce,1,14.042142857143128,25591.45,25606.871875,25591.230625000004,25638.154375000002,25673.64080446672,25680.66187589529,25666.619733038147,False,False,False,4209.158490245489
1,2025-11-04 18:30:00+00:00,2025-11-04,2025-11-04 21:00:00+00:00,650855,value_area_bounce,1,16.360714285714753,25541.33,25555.635833333334,25540.75083333333,25585.405833333338,25660.093066188503,25668.27342333136,25651.912709045646,False,False,False,806.2436247960372
1,2025-11-04 18:43:00+00:00,2025-11-04,2025-11-04 21:00:00+00:00,650868,value_area_bounce,1,13.810000000000011,25538.08,25555.520833333332,25529.470833333333,25577.229166666668,25655.807528267378,25662.712528267377,25648.90252826738,False,False,False,5057.183784688785
1,2025-11-04 18:51:00+00:00,2025-11-04,2025-11-04 21:00:00+00:00,650876,value_area_bounce,-1,15.518571428571315,25552.2,25546.435625000002,25526.353125,25563.17104166667,25653.300681774017,25661.0599674883,25645.541396059733,False,False,False,-675.6784465084288
1,2025-11-04 18:56:00+00:00,2025-11-04,2025-11-04 21:00:00+00:00,650881,value_area_bounce,-1,17.669285714285643,25553.83,25554.582916666666,25523.615416666667,25561.464583333334,25651.96912841498,25660.803771272123,25643.13448555784,False,False,False,-1900.4815162516359
1,2025-11-04 19:06:00+00:00,2025-11-04,2025-11-04 21:00:00+00:00,650891,value_area_bounce,-1,14.045000000000073,25558.83,25542.434374999997,25503.040625,25560.340625,25649.741646154398,25656.764146154397,25642.7191461544,False,False,False,-4127.671988188025
1,2025-11-04 20:20:00+00:00,2025-11-04,2025-11-04 21:00:00+00:00,650965,value_area_bounce,-1,14.320714285714141,25498.95,25494.457291666666,25483.026041666668,25509.698958333334,25628.35258328348,25635.512940426335,25621.19222614062,False,False,False,-5630.884336447841
1,2025-11-05 14:30:00+00:00,2025-11-05,2025-11-05 21:00:00+00:00,651995,value_area_bounce,1,13.072142857142483,25474.6,25493.8325,25466.2825,25496.5875,25463.72333333333,25470.259404761902,25457.18726190476,False,False,False,5552.920389532672
1,2025-11-05 14:31:00+00:00,2025-11-05,2025-11-05 21:00:00+00:00,651996,value_area_bounce,-1,16.00071428571391,25432.1,25463.5275,25435.9775,25482.8125,25455.720585305105,25463.720942447962,25447.72022816225,False,False,False,-1927.1543416223867
1,2025-11-05 14:32:00+00:00,2025-11-05,2025-11-05 21:00:00+00:00,651997,value_area_bounce,1,16.518571428571054,25443.6,25462.829375,25429.485625,25481.016875,25450.686419541125,25458.94570525541,25442.42713382684,False,False,False,4869.370922772458
1,2025-11-05 14:33:00+00:00,2025-11-05,2025-11-05 21:00:00+00:00,651998,value_area_bounce,1,18.209285714285475,25444.6,25462.829375,25429.485625,25474.954375,25448.971374140317,25458.07601699746,25439.866731283175,False,False,False,5381.463901604773
1,2025-11-05 14:45:00+00:00,2025-11-05,2025-11-05 21:00:00+00:00,652010,value_area_bounce,1,29.55999999999949,25458.35,25465.5125,25434.630833333333,25483.159166666665,25438.629542639177,25453.409542639176,25423.84954263918,False,False,False,1604.4975416318766
1,2025-11-05 18:24:00+00:00,2025-11-05,2025-11-05 21:00:00+00:00,652229,value_area_bounce,-1,6.937142857143044,25723.97,25719.818958333337,25713.850208333337,25725.787708333337,25587.235004229795,25590.703575658365,25583.766432801225,False,False,False,-21.867166572942494
1,2025-11-05 18:25:00+00:00,2025-11-05,2025-11-05 21:00:00+00:00,652230,value_area_bounce,-1,6.946428571428571,25721.22,25719.735625,25712.704375,25722.548125,25587.42403696699,25590.897251252703,25583.950822681276,False,False,False,-1331.7671665729426
1,2025-11-05 19:10:00+00:00,2025-11-05,2025-11-05 21:00:00+00:00,652275,value_area_bounce,1,8.763571428571854,25761.72,25760.637708333332,25737.151458333334,25776.29520833333,25597.005780613912,25601.387566328198,25592.623994899626,False,False,False,1508.182154712015
1,2025-11-06 14:45:00+00:00,2025-11-06,2025-11-06 21:00:00+00:00,653390,value_area_bounce,1,27.80500000000029,25549.69,25564.19583333333,25505.8275,25564.19583333333,25542.090779834813,25555.993279834813,25528.188279834812,False,False,False,6656.766980804346
1,2025-11-06 17:18:00+00:00,2025-11-06,2025-11-06 21:00:00+00:00,653543,value_area_bounce,-1,23.375,25168.19,25174.815,25146.065,25180.565,25316.398696222437,25328.086196222437,25304.711196222437,False,False,False,-8777.8182780984
1,2025-11-06 17:31:00+00:00,2025-11-06,2025-11-06 21:00:00+00:00,653556,value_area_bounce,1,19.830714285714357,25149.69,25158.434791666667,25135.232708333333,25176.996458333335,25306.801828019492,25316.71718516235,25296.886470876634,False,False,False,6940.9489245238
1,2025-11-06 18:04:00+00:00,2025-11-06,2025-11-06 21:00:00+00:00,653589,value_area_bounce,-1,18.150714285714066,25198.32,25167.857083333332,25108.37458333333,25220.730416666665,25297.17874836234,25306.2541055052,25288.103391219483,False,False,False,-6448.753104226756
1,2025-11-06 18:46:00+00:00,2025-11-06,2025-11-06 21:00:00+00:00,653631,value_area_bounce,-1,17.557857142856715,25238.82,25160.483125,25136.338125000002,25244.990625,25287.817663064052,25296.59659163548,25279.038734492624,False,False,False,-3508.025467953707
1,2025-11-06 19:41:00+00:00,2025-11-06,2025-11-06 21:00:00+00:00,653686,value_area_bounce,-1,14.312142857142785,25299.69,25288.69125,25223.401250000003,25310.454583333332,25287.63474716018,25294.79081858875,25280.47867573161,False,False,False,-7356.510974461235
1,2025-11-06 20:12:00+00:00,2025-11-06,2025-11-06 21:00:00+00:00,653717,value_area_bounce,-1,17.004285714285288,25290.57,25309.559999999998,25285.386666666665,25319.92,25288.281314029133,25296.783456886275,25279.77917117199,False,False,False,-1394.104625239868
1,2025-11-06 20:21:00+00:00,2025-11-06,2025-11-06 21:00:00+00:00,653726,value_area_bounce,1,16.178571428571427,25296.32,25288.839999999997,25285.386666666665,25313.013333333332,25288.341464707413,25296.4307504217,25280.252178993127,False,False,False,137.53099874772988
1,2025-11-07 14:30:00+00:00,2025-11-07,2025-11-07 21:00:00+00:00,654755,value_area_bounce,-1,15.964285714285714,24958.28,24999.004999999997,24992.745000000003,25024.045,24979.446666666667,24987.428809523808,24971.464523809525,False,False,False,-10933.320576091488
1,2025-11-07 14:32:00+00:00,2025-11-07,2025-11-07 21:00:00+00:00,654757,value_area_bounce,1,19.535714285714285,24996.91,24979.587291666663,24959.535208333335,25019.691458333335,24979.030323078514,24988.798180221373,24969.262465935655,False,False,False,135.5003435796125
1,2025-11-07 15:00:00+00:00,2025-11-07,2025-11-07 21:00:00+00:00,654785,value_area_bounce,-1,40.2349999999998,24884.66,24868.47625,24842.67875,24937.269583333335,24903.75236084055,24923.86986084055,24883.63486084055,False,False,False,-1116.9580879494379
1,2025-11-07 15:06:00+00:00,2025-11-07,2025-11-07 21:00:00+00:00,654791,opening_range_breakout,-1,32.5692857142858,24806.53,24867.655,24833.988333333335,24926.571666666663,24897.67698214056,24913.961624997704,24881.39233928342,False,False,False,-17051.596168074997
1,2025-11-07 15:09:00+00:00,2025-11-07,2025-11-07 21:00:00+00:00,654794,value_area_bounce,1,34.274285714285725,24882.66,24868.326875,24848.514375,24927.764375,24893.550517879972,24910.687660737116,24876.41337502283,False,False,False,7316.261906070498
1,2025-11-07 15:26:00+00:00,2025-11-07,2025-11-07 21:00:00+00:00,654811,value_area_bounce,-1,34.56571428571416,24910.16,24865.618125,24858.800208333334,24920.161458333332,24899.689146991524,24916.972004134383,24882.406289848666,False,False,False,-9323.129557025093
1,2025-11-07 17:38:00+00:00,2025-11-07,2025-11-07 21:00:00+00:00,654943,value_area_bounce,-1,19.979285714285652,24722.28,24759.040416666663,24656.707083333335,24765.43625,24818.16260485583,24828.15224771297,24808.172961998687,False,False,False,-289.2795288914831
1,2025-11-07 17:51:00+00:00,2025-11-07,2025-11-07 21:00:00+00:00,654956,value_area_bounce,1,22.6285714285706,24709.41,24759.040416666663,24682.290416666663,24765.43625,24813.817186833723,24825.131472548008,24802.50290111944,False,False,False,37.33691695042353
1,2025-11-07 17:54:00+00:00,2025-11-07,2025-11-07 21:00:00+00:00,654959,value_area_bounce,1,21.73857142857066,24714.91,24759.040416666663,24695.082083333335,24765.43625,24812.587162564952,24823.456448279238,24801.717876850667,False,False,False,5741.534605122158
1,2025-11-07 18:02:00+00:00,2025-11-07,2025-11-07 21:00:00+00:00,654967,value_area_bounce,-1,19.34857142857072,24751.91,24756.691458333335,24709.535208333335,24761.931041666663,24811.163322328648,24820.837608042933,24801.489036614363,False,False,False,-353.75093348019675
1,2025-11-07 18:54:00+00:00,2025-11-07,2025-11-07 21:00:00+00:00,655019,value_area_bounce,1,15.724999999999584,24794.53,24824.213125000002,24780.269791666666,24857.170625,24810.32083539872,24818.18333539872,24802.458335398722,False,False,False,603.1280250012642
1,2025-11-07 20:05:00+00:00,2025-11-07,2025-11-07 21:00:00+00:00,655090,value_area_bounce,-1,21.599285714285934,25007.91,24982.713333333333,24915.086666666666,25024.98,24827.597902658134,24838.397545515276,24816.79825980099,False,False,False,-2081.5157858485354
1,2025-11-07 20:15:00+00:00,2025-11-07,2025-11-07 21:00:00+00:00,655100,value_area_bounce,-1,20.040714285714007,25007.16,24986.234166666665,24978.3225,25025.7925,24832.649926445323,24842.67028358818,24822.629569302466,False,False,False,-1612.1171137404444
1,2025-11-10 14:30:00+00:00,2025-11-10,2025-11-10 21:00:00+00:00,656120,value_area_bounce,1,12.859285714285631,25480.92,25450.440625000003,25447.33645833334,25461.30520833334,25469.46333333333,25475.892976190473,25463.033690476186,False,False,False,9131.49042034118
1,2025-11-10 16:27:00+00:00,2025-11-10,2025-11-10 21:00:00+00:00,656237,value_area_bounce,1,18.687142857142526,25415.800000000003,25423.735,25408.06166666667,25470.755000000005,25505.721117900346,25515.064689328916,25496.377546471776,False,False,False,5328.787289923119
1,2025-11-10 19:10:00+00:00,2025-11-10,2025-11-10 21:00:00+00:00,656400,value_area_bounce,1,9.159999999999334,25582.800000000003,25584.930416666662,25571.555416666662,25596.07625,25492.387632992213,25496.96763299221,25487.807632992215,False,False,True,1304.780712878711
1,2025-11-10 20:22:00+00:00,2025-11-10,2025-11-10 21:00:00+00:00,656472,value_area_bounce,1,8.241428571428903,25622.800000000003,25629.284375000003,25614.33645833334,25633.55520833334,25502.123814483402,25506.244528769115,25498.00310019769,False,False,False,854.1033054572933
1,2025-11-10 20:34:00+00:00,2025-11-10,2025-11-10 21:00:00+00:00,656484,value_area_bounce,1,8.517142857142192,25625.800000000003,25624.75833333334,25619.091666666667,25631.841666666667,25504.11905154013,25508.3776229687,25499.860480111558,False,False,False,1255.6528714925457
1,2025-11-10 20:55:00+00:00,2025-11-10,2025-11-10 21:00:00+00:00,656505,value_area_bounce,-1,13.187857142857476,25636.17,25623.180416666662,25620.534583333334,25649.63875,25509.942134931833,25516.536063503263,25503.348206360402,False,False,False,-3979.3033061706237
1,2025-11-10 20:59:00+00:00,2025-11-10,2025-11-10 21:00:00+00:00,656509,value_area_bounce,-1,14.079999999999668,25630.17,25623.180416666662,25620.534583333334,25649.63875,25511.78370888804,25518.82370888804,25504.74370888804,False,False,False,-6728.3534329062095
1,2025-11-11 14:37:00+00:00,2025-11-11,2025-11-11 21:00:00+00:00,657507,value_area_bounce,-1,16.785714285714285,25529.33,25529.960625,25529.960625,25544.873541666668,25537.127013652476,25545.519870795335,25528.734156509618,False,False,False,-1612.3191986881247
1,2025-11-11 14:39:00+00:00,2025-11-11,2025-11-11 21:00:00+00:00,657509,value_area_bounce,-1,18.053571428571427,25537.08,25538.658333333333,25530.908333333333,25543.825,25536.90891539613,25545.935701110415,25527.882129681842,False,False,False,-1620.8291226614886
1,2025-11-11 14:41:00+00:00,2025-11-11,2025-11-11 21:00:00+00:00,657511,value_area_bounce,-1,20.25571428571441,25518.95,25538.658333333333,25530.908333333333,25543.825,25535.158094107883,25545.28595125074,25525.030236965027,False,False,False,-7043.45824641358
1,2025-11-11 14:45:00+00:00,2025-11-11,2025-11-11 21:00:00+00:00,657515,value_area_bounce,1,20.032142857142908,25534.2,25538.658333333333,25525.74166666667,25543.825,25532.338200132344,25542.354271560915,25522.322128703774,False,False,False,530.4591595228562
1,2025-11-11 14:46:00+00:00,2025-11-11,2025-11-11 21:00:00+00:00,657516,value_area_bounce,1,19.18357142857141,25535.95,25538.658333333333,25525.74166666667,25543.825,25532.422088954827,25542.013874669112,25522.830303240542,False,False,False,7338.216013670324
1,2025-11-11 14:56:00+00:00,2025-11-11,2025-11-11 21:00:00+00:00,657526,value_area_bounce,1,19.314285714285298,25525.2,25525.79375,25518.66875,25543.60625,25522.128032566394,25531.785175423538,25512.47088970925,False,False,False,10142.3109550441
1,2025-11-11 15:03:00+00:00,2025-11-11,2025-11-11 21:00:00+00:00,657533,value_area_bounce,-1,19.350714285714016,25523.58,25532.91875,25522.23125,25543.60625,25524.44357330301,25534.118930445868,25514.768216160155,False,False,False,-3460.202214179237
1,2025-11-11 15:06:00+00:00,2025-11-11,2025-11-11 21:00:00+00:00,657536,opening_range_breakout,-1,21.582857142856874,25465.08,25532.91875,25518.66875,25543.60625,25522.43493778082,25533.22636635225,25511.643509209393,False,False,False,-13558.433773516368
1,2025-11-11 15:40:00+00:00,2025-11-11,2025-11-11 21:00:00+00:00,657570,value_area_bounce,1,17.360000000000323,25443.83,25492.403125,25436.88229166667,25509.059375,25497.80064599397,25506.480645993972,25489.12064599397,False,False,False,5019.915253875235
1,2025-11-11 16:27:00+00:00,2025-11-11,2025-11-11 21:00:00+00:00,657617,value_area_bounce,-1,15.589285714285714,25448.7,25432.382083333338,25428.027916666666,25458.507083333338,25481.094852826755,25488.889495683896,25473.300209969613,False,False,False,-7526.009302189666
1,2025-11-11 18:25:00+00:00,2025-11-11,2025-11-11 21:00:00+00:00,657735,value_area_bounce,-1,12.29357142857121,25554.45,25545.360833333336,25490.300833333335,25554.537500000002,25481.018930402628,25487.165716116913,25474.872144688343,False,False,False,-2992.908271925927
1,2025-11-11 18:33:00+00:00,2025-11-11,2025-11-11 21:00:00+00:00,657743,value_area_bounce,-1,13.517142857142712,25556.2,25556.725,25535.24166666667,25565.318333333336,25483.001464531913,25489.760035960484,25476.242893103343,False,False,False,-2654.6774081737694
1,2025-11-11 19:06:00+00:00,2025-11-11,2025-11-11 21:00:00+00:00,657776,value_area_bounce,-1,11.357857142857288,25576.58,25555.96625,25552.27375,25589.198750000003,25490.603461742798,25496.282390314227,25484.92453317137,False,False,False,-163.54638065782387
1,2025-11-11 20:25:00+00:00,2025-11-11,2025-11-11 21:00:00+00:00,657855,value_area_bounce,1,8.22285714285707,25581.08,25583.362500000003,25575.82083333333,25589.395833333336,25499.787832219332,25503.89926079076,25495.676403647903,False,False,False,448.3322022179746
1,2025-11-11 20:27:00+00:00,2025-11-11,2025-11-11 21:00:00+00:00,657857,value_area_bounce,1,9.08071428571436,25581.7,25583.362500000003,25575.82083333333,25589.395833333336,25499.99718547707,25504.537542619928,25495.456828334212,False,False,False,1283.848013423605
1,2025-11-11 20:32:00+00:00,2025-11-11,2025-11-11 21:00:00+00:00,657862,value_area_bounce,1,9.947142857143003,25579.7,25586.934375,25577.121875,25593.47604166667,25500.51387268933,25505.4874441179,25495.54030126076,False,False,False,1615.3474807400355
1,2025-11-11 20:55:00+00:00,2025-11-11,2025-11-11 21:00:00+00:00,657885,value_area_bounce,-1,12.572857142857174,25564.45,25578.059375,25566.621875,25585.684375,25503.397010071087,25509.683438642514,25497.11058149966,False,False,False,-4998.8703676928635
1,2025-11-12 14:52:00+00:00,2025-11-12,2025-11-12 21:00:00+00:00,658902,value_area_bounce,1,25.36357142857066,25516.18,25605.580833333333,25511.364166666666,25615.002500000002,25576.97032347685,25589.652109191135,25564.288537762564,False,False,False,6865.314259452871
1,2025-11-12 14:56:00+00:00,2025-11-12,2025-11-12 21:00:00+00:00,658906,value_area_bounce,1,26.33714285714216,25500.56,25516.56,25488.06,25611.56,25566.851054300645,25580.019625729215,25553.682482872075,False,False,False,1917.265539398755
1,2025-11-12 15:40:00+00:00,2025-11-12,2025-11-12 21:00:00+00:00,658950,value_area_bounce,-1,23.400714285713807,25504.43,25522.639375,25495.358125,25528.095625,25541.190019379035,25552.890376521893,25529.489662236178,False,False,False,-342.270155725977
1,2025-11-12 15:56:00+00:00,2025-11-12,2025-11-12 21:00:00+00:00,658966,value_area_bounce,1,17.74428571428559,25490.43,25522.639375,25478.989375000005,25528.095625,25533.06446338724,25541.936606244384,25524.192320530095,False,False,False,1748.2436391062238
1,2025-11-12 16:02:00+00:00,2025-11-12,2025-11-12 21:00:00+00:00,658972,value_area_bounce,1,19.496428571428364,25488.43,25519.545625,25482.95604166667,25529.99979166667,25529.29863052988,25539.046844815595,25519.550416244165,False,False,False,1065.7227038003375
1,2025-11-12 18:44:00+00:00,2025-11-12,2025-11-12 21:00:00+00:00,659134,value_area_bounce,-1,11.052857142856997,25530.68,25534.6425,25522.6225,25540.6525,25506.226711490013,25511.753140061443,25500.700282918584,False,False,False,-1259.3528410471074
1,2025-11-12 19:08:00+00:00,2025-11-12,2025-11-12 21:00:00+00:00,659158,value_area_bounce,1,10.59785714285707,25528.31,25533.341458333336,25522.976875,25537.487291666665,25507.188422812742,25512.48735138417,25501.889494241314,False,False,False,830.7985908016681
1,2025-11-12 20:16:00+00:00,2025-11-12,2025-11-12 21:00:00+00:00,659226,value_area_bounce,1,10.813571428571647,25479.68,25479.017083333332,25473.985416666666,25506.691250000003,25506.321594318826,25511.728380033113,25500.91480860454,False,False,False,1339.5866975835877
1,2025-11-12 20:17:00+00:00,2025-11-12,2025-11-12 21:00:00+00:00,659227,value_area_bounce,1,10.804285714285859,25489.93,25506.560208333336,25482.914375,25516.018541666665,25506.285944609444,25511.688087466588,25500.8838017523,False,False,False,2862.8301530808967
1,2025-11-12 20:55:00+00:00,2025-11-12,2025-11-12 21:00:00+00:00,659265,value_area_bounce,-1,13.992142857143076,25533.43,25480.71125,25467.39875,25542.83625,25507.967318604842,25514.963390033412,25500.971247176272,False,False,False,-5185.562072641664
1,2025-11-13 14:51:00+00:00,2025-11-13,2025-11-13 21:00:00+00:00,660281,value_area_bounce,1,30.371428571428883,25287.84,25379.480833333335,25264.980833333335,25427.18916666667,25293.798985766458,25308.984700052173,25278.613271480743,False,False,False,10211.94725835186
1,2025-11-13 14:55:00+00:00,2025-11-13,2025-11-13 21:00:00+00:00,660285,value_area_bounce,1,31.73785714285727,25296.84,25384.253125000003,25272.688125,25421.441458333335,25293.891444213627,25309.760372785055,25278.0225156422,False,False,False,13626.265437290082
1,2025-11-13 15:01:00+00:00,2025-11-13,2025-11-13 21:00:00+00:00,660291,value_area_bounce,-1,31.04357142857199,25290.09,25290.39166666667,25216.765000000003,25318.00166666667,25297.263850001305,25312.78563571559,25281.74206428702,False,False,False,-11689.070200837334
1,2025-11-13 16:26:00+00:00,2025-11-13,2025-11-13 21:00:00+00:00,660376,value_area_bounce,1,24.52642857142876,25135.09,25134.25,25127.630000000005,25180.590000000004,25258.445443767283,25270.708658052998,25246.18222948157,False,False,False,2413.971348107195
1,2025-11-13 16:28:00+00:00,2025-11-13,2025-11-13 21:00:00+00:00,660378,value_area_bounce,1,24.74071428571447,25147.09,25126.881875000003,25126.881875000003,25165.319375000003,25256.77489341601,25269.145250558868,25244.404536273156,False,False,False,2547.4265902747875
1,2025-11-13 16:32:00+00:00,2025-11-13,2025-11-13 21:00:00+00:00,660382,value_area_bounce,-1,24.383571428571617,25145.84,25136.31416666667,25130.522500000003,25159.480833333335,25253.832469030054,25266.02425474434,25241.640683315767,False,False,False,-637.6884236743849
1,2025-11-13 16:35:00+00:00,2025-11-13,2025-11-13 21:00:00+00:00,660385,value_area_bounce,-1,24.75,25144.84,25135.67354166667,25126.069375000003,25154.881875000003,25251.75701792953,25264.13201792953,25239.38201792953,False,False,False,-2644.916402225856
1,2025-11-13 16:51:00+00:00,2025-11-13,2025-11-13 21:00:00+00:00,660401,value_area_bounce,1,25.345000000000123,25135.09,25128.5475,25118.697500000002,25158.097500000003,25239.35337401699,25252.025874016992,25226.68087401699,False,False,False,2215.454091475982
1,2025-11-13 17:00:00+00:00,2025-11-13,2025-11-13 21:00:00+00:00,660410,value_area_bounce,1,25.625,25136.34,25127.185625,25109.880624999998,25161.795625,25232.936766166076,25245.749266166076,25220.124266166076,False,False,False,15731.829698580255
1,2025-11-13 17:09:00+00:00,2025-11-13,2025-11-13 21:00:00+00:00,660419,value_area_bounce,-1,24.91785714285808,25096.960000000003,25127.185625,25096.901874999996,25140.164375,25227.98546758326,25240.44439615469,25215.526539011833,False,False,False,-5400.145271238859
1,2025-11-13 17:37:00+00:00,2025-11-13,2025-11-13 21:00:00+00:00,660447,value_area_bounce,-1,20.080714285714098,25132.59,25097.528958333336,25093.221875,25140.599791666667,25217.927833837624,25227.968190980482,25207.887476694767,False,False,False,-5580.066705429559
1,2025-11-13 17:43:00+00:00,2025-11-13,2025-11-13 21:00:00+00:00,660453,value_area_bounce,-1,20.91857142857199,25121.84,25140.599791666667,25097.528958333336,25140.599791666667,25215.97851324781,25226.437798962095,25205.519227533525,False,False,False,-3614.903914576855
1,2025-11-13 17:50:00+00:00,2025-11-13,2025-11-13 21:00:00+00:00,660460,value_area_bounce,1,23.24928571428609,25093.84,25133.569375000003,25087.631875000003,25142.756875000003,25212.431818596735,25224.056461453878,25200.807175739592,False,False,False,4732.63667419812
1,2025-11-13 18:06:00+00:00,2025-11-13,2025-11-13 21:00:00+00:00,660476,value_area_bounce,1,19.860714285713975,25075.34,25077.487291666668,25050.535208333335,25142.17229166667,25204.998292963166,25214.928650106023,25195.06793582031,False,False,False,227.79298557162974
1,2025-11-13 18:45:00+00:00,2025-11-13,2025-11-13 21:00:00+00:00,660515,value_area_bounce,1,19.63499999999944,24993.09,25065.06229166667,24982.799375000002,25077.718125000003,25184.23257641115,25194.05007641115,25174.415076411147,False,False,False,9233.761908023536
1,2025-11-13 18:51:00+00:00,2025-11-13,2025-11-13 21:00:00+00:00,660521,value_area_bounce,1,22.88428571428553,24982.59,25065.06229166667,24976.471458333333,25071.390208333338,25180.14843928157,25191.590582138713,25168.706296424425,False,False,False,3720.0945043921347
1,2025-11-13 19:03:00+00:00,2025-11-13,2025-11-13 21:00:00+00:00,660533,value_area_bounce,1,23.204285714286275,24958.59,24975.491041666668,24950.782708333332,24994.022291666668,25172.855726502206,25184.45786935935,25161.253583645062,False,False,False,1346.6125339477467
1,2025-11-13 19:18:00+00:00,2025-11-13,2025-11-13 21:00:00+00:00,660548,value_area_bounce,1,18.078571428572364,24974.710000000003,24972.381666666668,24960.528333333335,24993.125000000004,25165.002348973787,25174.041634688074,25155.9630632595,False,False,False,4399.743316703606
1,2025-11-13 19:58:00+00:00,2025-11-13,2025-11-13 21:00:00+00:00,660588,value_area_bounce,1,21.89142857142932,24986.960000000003,25025.105625,24965.636875,25046.730625,25150.135975880614,25161.081690166327,25139.1902615949,False,False,False,5383.635085710467
1,2025-11-13 20:00:00+00:00,2025-11-13,2025-11-13 21:00:00+00:00,660590,value_area_bounce,1,21.94571428571466,24987.84,25025.105625,24971.043125,25046.730625,25149.24027056252,25160.213127705378,25138.267413419664,False,False,False,11600.168462069969
1,2025-11-13 20:03:00+00:00,2025-11-13,2025-11-13 21:00:00+00:00,660593,value_area_bounce,1,22.338571428571804,24987.210000000003,25025.105625,24976.449375,25046.730625,25147.884153021285,25159.05343873557,25136.714867307,False,False,False,983.1103776718346
1,2025-11-13 20:56:00+00:00,2025-11-13,2025-11-13 21:00:00+00:00,660646,value_area_bounce,-1,27.009285714287085,24999.460000000003,24989.1525,24940.7775,25021.4025,25131.059209296498,25144.563852153642,25117.554566439354,False,False,False,-7273.545434880065
1,2025-11-14 14:30:00+00:00,2025-11-14,2025-11-14 21:00:00+00:00,661640,value_area_bounce,-1,18.482142857142858,24621.24,24654.036875,24640.755625,24680.599375,24641.323333333334,24650.564404761906,24632.08226190476,False,False,False,-13293.105754212294
1,2025-11-14 15:00:00+00:00,2025-11-14,2025-11-14 21:00:00+00:00,661670,value_area_bounce,-1,34.497142857143054,24854.49,24872.96625,24686.427083333336,24872.96625,24755.31269663294,24772.561268061512,24738.064125204368,False,False,False,-6610.305970562589
1,2025-11-14 15:04:00+00:00,2025-11-14,2025-11-14 21:00:00+00:00,661674,value_area_bounce,-1,34.768571428571576,24835.49,24858.617083333334,24700.776250000003,24872.96625,24765.94856675352,24783.332852467804,24748.564281039235,False,False,False,-6806.6574858103995
1,2025-11-14 15:06:00+00:00,2025-11-14,2025-11-14 21:00:00+00:00,661676,opening_range_breakout,1,35.95571428571436,24906.99,24858.617083333334,24715.12541666667,24872.96625,24771.443089119548,24789.420946262406,24753.46523197669,False,False,False,13267.288967862856
1,2025-11-14 15:11:00+00:00,2025-11-14,2025-11-14 21:00:00+00:00,661681,value_area_bounce,-1,40.06999999999971,24831.49,24855.799166666668,24721.59416666667,24885.6225,24781.680328956496,24801.715328956496,24761.645328956496,False,False,False,-11602.630068017468
1,2025-11-14 16:45:00+00:00,2025-11-14,2025-11-14 21:00:00+00:00,661775,value_area_bounce,-1,18.829285714285497,25120.11,25047.25041666667,24997.62541666667,25138.229583333334,24913.096340951677,24922.51098380882,24903.681698094533,False,False,False,-5916.5994474906365
1,2025-11-14 17:46:00+00:00,2025-11-14,2025-11-14 21:00:00+00:00,661836,value_area_bounce,-1,20.157857142857342,25161.74,25168.031875,25156.073541666665,25185.969375,24967.926801632242,24978.00573020367,24957.847873060815,False,False,False,-167.3374685372546
1,2025-11-14 18:12:00+00:00,2025-11-14,2025-11-14 21:00:00+00:00,661862,value_area_bounce,1,24.767857142857142,25128.11,25171.106041666666,25109.932291666668,25198.294375,24981.098936607115,24993.482865178543,24968.715008035688,False,False,False,4667.098137170237
1,2025-11-14 18:51:00+00:00,2025-11-14,2025-11-14 21:00:00+00:00,661901,value_area_bounce,1,19.268571428571573,25085.36,25088.86,25043.526666666665,25105.86,24990.204626752507,24999.838912466792,24980.570341038223,False,False,False,5938.296075581998
1,2025-11-14 19:48:00+00:00,2025-11-14,2025-11-14 21:00:00+00:00,661958,value_area_bounce,-1,16.116428571428646,25130.24,25124.213958333334,25085.130625,25138.870208333334,25003.079977489942,25011.138191775655,24995.02176320423,False,False,False,-901.1667778589608
1,2025-11-14 20:45:00+00:00,2025-11-14,2025-11-14 21:00:00+00:00,662015,value_area_bounce,1,17.108571428571718,25049.49,25055.51625,25030.932916666665,25123.120416666665,25011.779108527928,25020.333394242214,25003.22482281364,False,False,False,551.7559995790616
1,2025-11-14 20:53:00+00:00,2025-11-14,2025-11-14 21:00:00+00:00,662023,value_area_bounce,1,20.35428571428591,25033.61,25064.880833333336,25013.839166666665,25086.755833333336,25011.965433496094,25022.14257635324,25001.78829063895,False,False,False,1647.1350457702097
1,2025-11-14 20:59:00+00:00,2025-11-14,2025-11-14 21:00:00+00:00,662029,value_area_bounce,1,20.872142857143054,25029.86,25067.005833333336,25011.130833333336,25067.005833333336,25012.026091136097,25022.46216256467,25001.590019707524,False,False,False,4239.796821842747
1,2025-11-17 15:11:00+00:00,2025-11-17,2025-11-17 21:00:00+00:00,663046,value_area_bounce,1,33.8342857142847,25061.53,25092.753125000003,25030.488541666666,25179.92354166667,25079.89896551795,25096.816108375093,25062.981822660808,False,False,False,4190.064964396585
1,2025-11-17 17:19:00+00:00,2025-11-17,2025-11-17 21:00:00+00:00,663174,value_area_bounce,1,15.604999999999304,25076.03,25110.905,25067.155,25117.155,25043.817057482003,25051.619557482,25036.014557482005,False,False,False,3428.945195324559
1,2025-11-17 18:51:00+00:00,2025-11-17,2025-11-17 21:00:00+00:00,663266,value_area_bounce,-1,20.954285714286275,24916.28,24908.237083333333,24900.205416666668,24924.300416666665,25024.059510936113,25034.536653793257,25013.58236807897,False,False,False,-7422.12541480493
1,2025-11-17 19:11:00+00:00,2025-11-17,2025-11-17 21:00:00+00:00,663286,value_area_bounce,1,21.13428571428553,24829.28,24903.56125,24828.74875,24953.43625,25012.161250553716,25022.72839341086,25001.594107696572,False,False,False,6324.400061316499
1,2025-11-17 19:36:00+00:00,2025-11-17,2025-11-17 21:00:00+00:00,663311,value_area_bounce,1,19.519285714286006,24773.78,24793.315000000002,24764.205,24832.128333333334,24997.08840965121,25006.84805250835,24987.328766794068,False,False,False,634.2430052744946
1,2025-11-17 20:20:00+00:00,2025-11-17,2025-11-17 21:00:00+00:00,663355,value_area_bounce,1,23.75928571428553,24711.4,24712.134375,24693.040625,24737.592708333337,24965.3407199174,24977.220362774544,24953.461077060256,False,False,False,3451.6847605489957
1,2025-11-17 20:22:00+00:00,2025-11-17,2025-11-17 21:00:00+00:00,663357,value_area_bounce,1,24.169999999999813,24706.28,24716.134375,24691.498958333337,24735.842708333337,24963.979736540445,24976.064736540444,24951.894736540446,False,False,False,1236.2788808768896
1,2025-11-17 20:32:00+00:00,2025-11-17,2025-11-17 21:00:00+00:00,663367,value_area_bounce,-1,21.686428571429133,24716.28,24715.660625,24696.675208333334,24730.848958333332,24958.03700492705,24968.880219212762,24947.193790641337,False,False,False,-3593.038879147818
1,2025-11-18 14:32:00+00:00,2025-11-18,2025-11-18 21:00:00+00:00,664387,value_area_bounce,1,31.857142857142858,24728.41,24669.445625,24652.467291666668,24686.423958333333,24661.48480682819,24677.413378256762,24645.556235399617,False,False,False,4824.177055716198
1,2025-11-18 14:34:00+00:00,2025-11-18,2025-11-18 21:00:00+00:00,664389,value_area_bounce,-1,38.19642857142857,24678.03,24665.561666666665,24651.635,24686.451666666668,24679.993127196383,24699.091341482097,24660.89491291067,False,False,False,-12214.301318144066
1,2025-11-18 14:35:00+00:00,2025-11-18,2025-11-18 21:00:00+00:00,664390,value_area_bounce,-1,40.732142857142854,24666.41,24665.561666666665,24651.635,24693.415,24678.66081202031,24699.02688344888,24658.294740591737,False,False,False,-20911.41624792615
1,2025-11-18 14:38:00+00:00,2025-11-18,2025-11-18 21:00:00+00:00,664393,value_area_bounce,-1,47.13357142857136,24684.03,24686.451666666668,24651.635,24693.415,24683.636224029444,24707.20300974373,24660.069438315157,False,False,False,-5900.785042368382
1,2025-11-18 14:39:00+00:00,2025-11-18,2025-11-18 21:00:00+00:00,664394,value_area_bounce,-1,47.481428571428424,24672.91,24686.451666666668,24658.59833333333,24693.415,24683.663778738282,24707.404493023998,24659.923064452567,False,False,False,-5309.516377346116
1,2025-11-18 14:40:00+00:00,2025-11-18,2025-11-18 21:00:00+00:00,664395,value_area_bounce,1,48.177857142857,24672.53,24686.451666666668,24665.561666666665,24693.415,24682.008141896607,24706.097070468037,24657.919213325178,False,False,False,9212.558878120788
1,2025-11-18 14:41:00+00:00,2025-11-18,2025-11-18 21:00:00+00:00,664396,value_area_bounce,-1,51.92428571428536,24638.41,24686.451666666668,24665.561666666665,24693.415,24679.716102720384,24705.678245577525,24653.753959863243,False,False,False,-12203.413416196105
1,2025-11-18 15:01:00+00:00,2025-11-18,2025-11-18 21:00:00+00:00,664416,opening_range_breakout,-1,40.115714285713956,24432.28,24691.489374999997,24555.051874999997,24705.133125,24603.510248610633,24623.56810575349,24583.452391467777,False,False,False,-10591.905905986208
1,2025-11-18 15:20:00+00:00,2025-11-18,2025-11-18 21:00:00+00:00,664435,value_area_bounce,1,44.59785714285707,24494.41,24473.499791666665,24473.499791666665,24691.179375,24546.00061197635,24568.299540547778,24523.70168340492,False,False,False,10271.092766218433
1,2025-11-18 15:33:00+00:00,2025-11-18,2025-11-18 21:00:00+00:00,664448,value_area_bounce,-1,49.24357142857116,24480.78,24499.462499999998,24409.594166666666,24525.139166666668,24536.106489412166,24560.72827512645,24511.484703697883,False,False,False,-6405.762041140503
1,2025-11-18 17:38:00+00:00,2025-11-18,2025-11-18 21:00:00+00:00,664573,value_area_bounce,1,30.02214285714217,24550.78,24565.226875,24523.691458333335,24606.762291666666,24513.726893494135,24528.737964922708,24498.715822065562,False,False,False,16098.007715092828
1,2025-11-18 17:46:00+00:00,2025-11-18,2025-11-18 21:00:00+00:00,664581,value_area_bounce,-1,35.68071428571394,24602.66,24563.649375,24503.431875000002,24613.830625,24517.35969754769,24535.200054690547,24499.519340404833,False,False,False,-5785.958228440698
1,2025-11-18 18:40:00+00:00,2025-11-18,2025-11-18 21:00:00+00:00,664635,value_area_bounce,1,29.502142857142513,24732.78,24697.06958333333,24683.357083333336,24710.78208333333,24541.161725464477,24555.912796893048,24526.410654035906,False,False,False,7922.257153684464
1,2025-11-18 18:43:00+00:00,2025-11-18,2025-11-18 21:00:00+00:00,664638,value_area_bounce,1,29.0378571428568,24695.41,24685.957083333335,24681.81125,24710.832083333335,24542.53958796469,24557.05851653612,24528.02065939326,False,False,False,4146.314254536046
1,2025-11-18 18:48:00+00:00,2025-11-18,2025-11-18 21:00:00+00:00,664643,value_area_bounce,-1,29.346428571428728,24679.78,24684.039375,24684.039375,24706.276875000003,24544.43171130119,24559.104925586904,24529.758497015475,False,False,False,-7811.695617508794
1,2025-11-18 18:49:00+00:00,2025-11-18,2025-11-18 21:00:00+00:00,664644,value_area_bounce,1,29.747857142857224,24704.41,24684.039375,24684.039375,24706.276875000003,24544.831245539135,24559.705174110564,24529.957316967706,False,False,False,612.8122562805684
1,2025-11-18 18:55:00+00:00,2025-11-18,2025-11-18 21:00:00+00:00,664650,value_area_bounce,-1,27.34785714285707,24671.16,24684.684583333335,24684.684583333335,24711.103750000002,24547.068419178,24560.742347749427,24533.39449060657,False,False,False,-5912.984511889748
1,2025-11-18 19:15:00+00:00,2025-11-18,2025-11-18 21:00:00+00:00,664670,value_area_bounce,-1,25.83142857142775,24669.53,24685.56125,24652.78375,24699.60875,24552.77711775513,24565.692832040844,24539.861403469415,False,False,False,-3367.018885349059
1,2025-11-18 19:44:00+00:00,2025-11-18,2025-11-18 21:00:00+00:00,664699,value_area_bounce,-1,25.861428571427886,24672.66,24664.415208333332,24648.883958333332,24685.123541666668,24559.306394216735,24572.23710850245,24546.37567993102,False,False,False,-8402.364794010276
1,2025-11-18 20:50:00+00:00,2025-11-18,2025-11-18 21:00:00+00:00,664765,value_area_bounce,1,25.55571428571316,24608.66,24654.90625,24604.57041666667,24676.478750000002,24569.22224184485,24582.000098987708,24556.444384701994,False,False,False,6302.912091576182
1,2025-11-19 14:40:00+00:00,2025-11-19,2025-11-19 21:00:00+00:00,665775,value_area_bounce,-1,33.60357142857122,24604.22,24611.822500000002,24546.7575,24611.822500000002,24574.97465560887,24591.776441323153,24558.172869894584,False,False,False,-6246.523832871375
1,2025-11-19 16:30:00+00:00,2025-11-19,2025-11-19 21:00:00+00:00,665885,value_area_bounce,1,27.70642857142801,24657.72,24655.67916666667,24633.755833333336,24732.410833333335,24735.644004212834,24749.49721849855,24721.79078992712,False,False,False,16205.093885081786
1,2025-11-19 17:40:00+00:00,2025-11-19,2025-11-19 21:00:00+00:00,665955,value_area_bounce,1,27.730000000000082,24465.34,24564.97,24458.97,24573.803333333337,24683.496531246416,24697.361531246417,24669.631531246414,False,False,False,173.2664355845518
1,2025-11-19 17:41:00+00:00,2025-11-19,2025-11-19 21:00:00+00:00,665956,value_area_bounce,1,29.622857142857224,24508.59,24563.950625000005,24456.785625000004,24572.881041666667,24682.366938140123,24697.178366711552,24667.555509568694,False,False,False,8116.265578022112
1,2025-11-19 17:50:00+00:00,2025-11-19,2025-11-19 21:00:00+00:00,665965,value_area_bounce,1,33.698571428571086,24553.84,24563.950625000005,24537.159375000003,24572.881041666667,24675.397352224725,24692.24663793901,24658.54806651044,False,False,False,7325.948844339705
1,2025-11-19 18:41:00+00:00,2025-11-19,2025-11-19 21:00:00+00:00,666016,value_area_bounce,-1,27.117857142856728,24589.34,24573.417500000003,24562.927499999998,24604.8875,24659.144712404264,24672.70364097569,24645.585783832837,False,False,False,-3433.572301223767
1,2025-11-19 19:09:00+00:00,2025-11-19,2025-11-19 21:00:00+00:00,666044,value_area_bounce,-1,22.57714285714272,24589.72,24557.682500000003,24557.682500000003,24604.8875,24654.044569491354,24665.333140919927,24642.75599806278,False,False,False,-2300.264695974256
1,2025-11-19 19:13:00+00:00,2025-11-19,2025-11-19 21:00:00+00:00,666048,value_area_bounce,-1,24.85357142857122,24589.47,24557.682500000003,24541.947500000002,24594.3975,24653.142310362535,24665.56909607682,24640.71552464825,False,False,False,-7479.629451597066
1,2025-11-19 19:15:00+00:00,2025-11-19,2025-11-19 21:00:00+00:00,666050,value_area_bounce,-1,23.615714285714212,24589.22,24594.3975,24562.927499999998,24615.377500000002,24652.81077008727,24664.618627230127,24641.002912944416,False,False,False,-2679.7667259486952
1,2025-11-19 19:58:00+00:00,2025-11-19,2025-11-19 21:00:00+00:00,666093,value_area_bounce,-1,23.11928571428559,24576.97,24531.301875,24509.780208333334,24585.106041666666,24643.00959252355,24654.569235380695,24631.449949666407,False,False,False,-1450.5061791626244
1,2025-11-19 20:45:00+00:00,2025-11-19,2025-11-19 21:00:00+00:00,666140,value_area_bounce,-1,24.731428571428427,24668.72,24607.764375000002,24575.209375000002,24705.429375,24645.910031114956,24658.27574540067,24633.54431682924,False,False,False,-4071.0457985400403
1,2025-11-19 20:50:00+00:00,2025-11-19,2025-11-19 21:00:00+00:00,666145,value_area_bounce,1,27.399285714285725,24661.09,24708.3825,24638.677499999998,24739.362500000003,24646.06055392498,24659.760196782125,24632.360911067837,False,False,False,3039.5497540349397
1,2025-11-19 20:51:00+00:00,2025-11-19,2025-11-19 21:00:00+00:00,666146,value_area_bounce,1,26.11357142857144,24676.97,24708.3825,24654.167500000003,24739.362500000003,24646.12085186071,24659.177637574994,24633.064066146424,False,False,False,4556.050181751296
1,2025-11-20 14:30:00+00:00,2025-11-20,2025-11-20 21:00:00+00:00,667145,value_area_bounce,-1,19.812857142857474,25116.140000000003,25166.540416666667,25138.359583333335,25174.592083333333,25129.11333333334,25139.01976190477,25119.206904761908,False,False,False,-8751.054946632703
1,2025-11-20 14:35:00+00:00,2025-11-20,2025-11-20 21:00:00+00:00,667150,value_area_bounce,-1,30.36285714285727,25133.26,25127.65166666667,25089.918333333335,25160.66833333333,25126.993412073163,25142.17484064459,25111.811983501735,False,False,False,-3825.3052746405137
1,2025-11-20 14:44:00+00:00,2025-11-20,2025-11-20 21:00:00+00:00,667159,value_area_bounce,-1,43.52928571428596,25147.76,25139.160833333335,25120.99416666667,25157.327500000003,25130.63800090263,25152.40264375977,25108.873358045486,False,False,False,-11492.265900778835
1,2025-11-20 14:46:00+00:00,2025-11-20,2025-11-20 21:00:00+00:00,667161,value_area_bounce,1,42.60142857142949,25142.51,25140.186875000003,25127.343125000003,25178.718125000003,25131.080188063042,25152.380902348756,25109.77947377733,False,False,False,9464.676036375462
1,2025-11-20 15:48:00+00:00,2025-11-20,2025-11-20 21:00:00+00:00,667223,value_area_bounce,-1,22.384285714286047,25176.51,25134.25979166667,25096.07229166667,25210.63479166667,25164.010588575235,25175.20273143238,25152.81844571809,False,False,False,-5528.262022086628
1,2025-11-20 16:47:00+00:00,2025-11-20,2025-11-20 21:00:00+00:00,667282,value_area_bounce,1,48.10142857142949,24685.76,24863.04125,24677.22875,24904.332916666666,25041.960902201958,25066.01161648767,25017.910187916244,False,False,False,14293.111749118452
1,2025-11-20 16:50:00+00:00,2025-11-20,2025-11-20 21:00:00+00:00,667285,value_area_bounce,1,49.35071428571454,24693.51,24859.093125000003,24665.655625000003,24897.780625000003,25030.465210551203,25055.14056769406,25005.789853408347,False,False,False,14236.55096823327
1,2025-11-20 16:51:00+00:00,2025-11-20,2025-11-20 21:00:00+00:00,667286,value_area_bounce,1,50.98500000000058,24728.26,24682.173333333336,24663.960000000003,24882.52,25027.183319413285,25052.675819413285,25001.690819413285,False,False,False,31695.721429375735
1,2025-11-20 17:30:00+00:00,2025-11-20,2025-11-20 21:00:00+00:00,667325,value_area_bounce,1,54.58285714285739,24414.890000000003,24683.178333333337,24395.128333333334,24721.585000000003,24851.526697931942,24878.81812650337,24824.235269360513,False,False,False,7252.006296086933
1,2025-11-20 19:30:00+00:00,2025-11-20,2025-11-20 21:00:00+00:00,667445,value_area_bounce,-1,39.87999999999946,24243.01,24189.306875,24174.369375,24249.056875,24648.18444240869,24668.124442408687,24628.24444240869,False,False,False,-1609.0731338883097
1,2025-11-20 19:33:00+00:00,2025-11-20,2025-11-20 21:00:00+00:00,667448,value_area_bounce,-1,36.338571428570766,24215.51,24213.8225,24179.03083333333,24241.65583333333,24644.470414717263,24662.639700431548,24626.30112900298,False,False,False,-19325.938080486496
1,2025-11-20 19:35:00+00:00,2025-11-20,2025-11-20 21:00:00+00:00,667450,value_area_bounce,-1,35.463571428570766,24230.51,24213.8225,24179.03083333333,24241.65583333333,24642.055914369626,24659.78770008391,24624.324128655342,False,False,False,-5319.542747684318
1,2025-11-20 19:36:00+00:00,2025-11-20,2025-11-20 21:00:00+00:00,667451,value_area_bounce,-1,35.409999999999336,24228.140000000003,24213.8225,24185.989166666666,24241.65583333333,24640.861245540797,24658.566245540795,24623.1562455408,False,False,False,-6370.659717219582
1,2025-11-20 20:02:00+00:00,2025-11-20,2025-11-20 21:00:00+00:00,667477,value_area_bounce,-1,33.97285714285681,24231.51,24216.624375000003,24194.530625000003,24253.44729166667,24617.402425244833,24634.38885381626,24600.415996673404,False,False,False,-7574.9436402314805
1,2025-11-20 20:04:00+00:00,2025-11-20,2025-11-20 21:00:00+00:00,667479,value_area_bounce,-1,34.875,24228.51,24242.15,24215.67,24255.39,24615.4275193096,24632.8650193096,24597.9900193096,False,False,False,-13798.588116889001
1,2025-11-20 20:14:00+00:00,2025-11-20,2025-11-20 21:00:00+00:00,667489,value_area_bounce,1,32.45499999999759,24234.01,24245.94729166667,24216.207708333335,24251.895208333335,24608.13830519176,24624.365805191755,24591.91080519176,False,False,False,4454.998858108014
1,2025-11-21 14:30:00+00:00,2025-11-21,2025-11-21 21:00:00+00:00,668525,value_area_bounce,1,21.519285714284965,24186.730000000003,24177.912708333337,24137.441875000004,24186.006875,24173.10666666667,24183.86630952381,24162.34702380953,False,False,False,5061.566950047387
1,2025-11-21 14:31:00+00:00,2025-11-21,2025-11-21 21:00:00+00:00,668526,value_area_bounce,-1,25.33142857142801,24140.230000000003,24172.803125000002,24159.786875,24207.513125,24166.43345244727,24179.099166732984,24153.767738161554,False,False,False,-8659.980212002743
1,2025-11-21 14:32:00+00:00,2025-11-21,2025-11-21 21:00:00+00:00,668527,value_area_bounce,1,31.089999999999627,24184.61,24172.803125000002,24159.786875,24207.513125,24168.67457994328,24184.219579943277,24153.12957994328,False,False,False,635.5570624858728
1,2025-11-21 14:36:00+00:00,2025-11-21,2025-11-21 21:00:00+00:00,668531,value_area_bounce,1,45.77642857142876,24191.980000000003,24175.417291666665,24140.052708333336,24175.417291666665,24162.50737566969,24185.395589955406,24139.619161383976,False,False,False,24977.19464129023
1,2025-11-21 14:38:00+00:00,2025-11-21,2025-11-21 21:00:00+00:00,668533,value_area_bounce,-1,52.42857142857143,24117.11,24175.417291666665,24140.052708333336,24175.417291666665,24162.838708815816,24189.052994530102,24136.62442310153,False,False,False,-9516.55603589477
1,2025-11-21 14:42:00+00:00,2025-11-21,2025-11-21 21:00:00+00:00,668537,value_area_bounce,-1,63.19357142857137,24144.230000000003,24173.511875000004,24141.854375000003,24189.340625,24158.865581300448,24190.462367014734,24127.268795586162,False,False,False,-3931.8267154514215
1,2025-11-21 14:52:00+00:00,2025-11-21,2025-11-21 21:00:00+00:00,668547,value_area_bounce,1,53.29785714285702,24177.61,24170.04875,24132.886250000003,24170.04875,24145.445580161606,24172.094508733033,24118.79665159018,False,False,False,30800.07129882464
1,2025-11-21 14:57:00+00:00,2025-11-21,2025-11-21 21:00:00+00:00,668552,value_area_bounce,1,53.73857142857118,24140.480000000003,24142.391458333335,24134.19854166667,24175.163125000003,24149.981661981885,24176.85094769617,24123.1123762676,False,False,False,1644.5399731837106
1,2025-11-21 15:00:00+00:00,2025-11-21,2025-11-21 21:00:00+00:00,668555,value_area_bounce,-1,52.33142857142801,24096.230000000003,24142.391458333335,24134.19854166667,24175.163125000003,24148.800103647864,24174.96581793358,24122.63438936215,False,False,True,-15733.976724349966
1,2025-11-21 15:05:00+00:00,2025-11-21,2025-11-21 21:00:00+00:00,668560,value_area_bounce,1,48.83142857142801,24122.230000000003,24139.100000000002,24120.52666666667,24176.246666666666,24139.498542246005,24163.91425653172,24115.08282796029,False,False,False,10982.942166112256
1,2025-11-21 15:06:00+00:00,2025-11-21,2025-11-21 21:00:00+00:00,668561,value_area_bounce,1,48.62571428571391,24148.230000000003,24139.100000000002,24120.52666666667,24176.246666666666,24139.491476738916,24163.804333881773,24115.17861959606,False,False,False,23232.306590709086
1,2025-11-21 15:23:00+00:00,2025-11-21,2025-11-21 21:00:00+00:00,668578,value_area_bounce,1,51.2449999999995,24066.86,24140.761875000004,24061.828125,24185.866875,24111.093142741145,24136.715642741146,24085.470642741144,False,False,False,1406.3284499345405
1,2025-11-21 15:24:00+00:00,2025-11-21,2025-11-21 21:00:00+00:00,668579,value_area_bounce,1,52.59357142857074,24101.61,24140.761875000004,24061.828125,24185.866875,24110.403838170074,24136.70062388436,24084.107052455787,False,False,False,14227.453022165244
1,2025-11-21 15:56:00+00:00,2025-11-21,2025-11-21 21:00:00+00:00,668611,value_area_bounce,1,46.97785714285783,24025.480000000003,23971.125,23971.125,24070.085,24060.904125331934,24084.39305390336,24037.415196760507,False,False,False,35092.3397644738
1,2025-11-21 16:20:00+00:00,2025-11-21,2025-11-21 21:00:00+00:00,668635,value_area_bounce,1,40.437142857143044,24003.730000000003,23988.698750000003,23944.073750000003,24025.886250000003,24042.99241043209,24063.210981860662,24022.773839003516,False,False,False,7998.568759321355
1,2025-11-21 18:21:00+00:00,2025-11-21,2025-11-21 21:00:00+00:00,668756,value_area_bounce,1,26.0,24214.36,24331.910208333335,24208.319375,24340.738125000003,24110.009080341395,24123.009080341395,24097.009080341395,False,False,False,12507.295360016735
1,2025-11-21 18:25:00+00:00,2025-11-21,2025-11-21 21:00:00+00:00,668760,value_area_bounce,1,26.36571428571447,24201.480000000003,24331.910208333335,24199.491458333334,24340.738125000003,24110.854774681186,24124.03763182404,24097.67191753833,False,False,False,1449.4263679276
1,2025-11-21 20:46:00+00:00,2025-11-21,2025-11-21 21:00:00+00:00,668901,value_area_bounce,1,27.948571428571864,24364.11,24396.24354166667,24354.258125,24426.233125000002,24188.20618058657,24202.180466300855,24174.231894872286,False,False,False,2741.7786131993375
1,2025-11-21 20:48:00+00:00,2025-11-21,2025-11-21 21:00:00+00:00,668903,value_area_bounce,1,25.797142857143108,24365.480000000003,24408.239375,24354.258125,24426.233125000002,24188.799911089915,24201.698482518485,24175.901339661345,False,False,False,12050.742439103964
1,2025-11-24 14:46:00+00:00,2025-11-24,2025-11-24 21:00:00+00:00,669906,value_area_bounce,1,39.252142857144854,24586.5,24586.146041666667,24566.916875000003,24643.833541666667,24592.151453250808,24611.77752467938,24572.525381822237,False,False,False,4743.7796906695
1,2025-11-24 14:47:00+00:00,2025-11-24,2025-11-24 21:00:00+00:00,669907,value_area_bounce,1,41.10928571428771,24626.0,24586.146041666667,24566.916875000003,24643.833541666667,24593.210144646142,24613.764787503285,24572.655501789,False,False,False,10775.46672982023
1,2025-11-24 14:56:00+00:00,2025-11-24,2025-11-24 21:00:00+00:00,669916,value_area_bounce,1,42.85928571428615,24598.370000000003,24585.687083333334,24568.385416666668,24637.592083333337,24589.329713267955,24610.759356125098,24567.90007041081,False,False,False,1646.9657126967213
1,2025-11-24 16:50:00+00:00,2025-11-24,2025-11-24 21:00:00+00:00,670030,value_area_bounce,-1,12.732142857142858,24813.75,24814.828125,24796.453125,24819.421875,24665.568525542985,24671.934596971558,24659.202454114413,False,False,False,-5409.1589130560915
1,2025-11-24 16:51:00+00:00,2025-11-24,2025-11-24 21:00:00+00:00,670031,value_area_bounce,-1,13.0,24811.25,24820.588541666664,24795.026041666664,24820.588541666664,24666.044438183762,24672.544438183762,24659.544438183762,False,False,False,-5119.519744741063
1,2025-11-24 17:07:00+00:00,2025-11-24,2025-11-24 21:00:00+00:00,670047,value_area_bounce,1,14.946428571428571,24797.370000000003,24800.983958333334,24784.32104166667,24815.266458333335,24672.62882989546,24680.102044181174,24665.155615609747,False,False,False,1214.401590399478
1,2025-11-24 17:15:00+00:00,2025-11-24,2025-11-24 21:00:00+00:00,670055,value_area_bounce,1,13.991428571428385,24798.120000000003,24819.147083333333,24791.47291666667,24821.662916666668,24675.067963942565,24682.063678228278,24668.072249656852,False,False,False,2801.3236604109406
1,2025-11-24 18:42:00+00:00,2025-11-24,2025-11-24 21:00:00+00:00,670142,value_area_bounce,1,11.545714285713725,24876.370000000003,24877.947916666668,24871.05125,24888.292916666665,24699.75463061353,24705.527487756386,24693.981773470674,False,False,False,987.4525628274837
1,2025-11-24 18:54:00+00:00,2025-11-24,2025-11-24 21:00:00+00:00,670154,value_area_bounce,1,8.892857142857142,24883.620000000003,24878.859375,24875.556875000002,24888.766875,24702.493788662672,24706.9402172341,24698.047360091245,False,False,False,4081.5488488941382
1,2025-11-24 18:55:00+00:00,2025-11-24,2025-11-24 21:00:00+00:00,670155,value_area_bounce,1,8.767857142857142,24880.620000000003,24878.859375,24875.556875000002,24887.115625,24702.744697926042,24707.12862649747,24698.360769354615,False,False,False,3200.3488488941384
1,2025-11-24 18:57:00+00:00,2025-11-24,2025-11-24 21:00:00+00:00,670157,value_area_bounce,1,8.92928571428534,24875.75,24878.859375,24875.556875000002,24887.115625,24703.28857333475,24707.753216191893,24698.823930477607,False,False,False,2347.8035214034126
1,2025-11-24 19:00:00+00:00,2025-11-24,2025-11-24 21:00:00+00:00,670160,value_area_bounce,1,9.144285714284965,24879.5,24875.556875000002,24872.254375000004,24883.813125,24704.014245940893,24708.586388798034,24699.44210308375,False,False,False,75.57553729911638
1,2025-11-24 19:36:00+00:00,2025-11-24,2025-11-24 21:00:00+00:00,670196,value_area_bounce,1,10.64214285714323,24858.620000000003,24878.885625000003,24850.070625,24890.891875,24711.61923933552,24716.94031076409,24706.29816790695,False,False,False,2642.58410342755
1,2025-11-24 19:38:00+00:00,2025-11-24,2025-11-24 21:00:00+00:00,670198,value_area_bounce,1,11.731428571428946,24877.370000000003,24888.25625,24876.09375,24900.41875,24712.143700053726,24718.00941433944,24706.27798576801,False,False,False,6462.118112197865
1,2025-11-24 19:40:00+00:00,2025-11-24,2025-11-24 21:00:00+00:00,670200,value_area_bounce,1,11.669285714285902,24881.370000000003,24888.25625,24876.09375,24900.41875,24712.63106706353,24718.46570992067,24706.796424206386,False,False,False,5588.735159374704
1,2025-11-24 19:54:00+00:00,2025-11-24,2025-11-24 21:00:00+00:00,670214,value_area_bounce,1,11.052857142857517,24855.620000000003,24860.09375,24854.46875,24888.21875,24715.73092143409,24721.25735000552,24710.20449286266,False,False,False,837.7212986691072
1,2025-11-24 19:57:00+00:00,2025-11-24,2025-11-24 21:00:00+00:00,670217,value_area_bounce,1,12.22214285714342,24862.870000000003,24862.90625,24851.65625,24888.21875,24716.640542295863,24722.751613724435,24710.529470867292,False,False,False,299.73139232120775
1,2025-11-24 20:46:00+00:00,2025-11-24,2025-11-24 21:00:00+00:00,670266,value_area_bounce,-1,8.812857142856956,24901.870000000003,24883.526041666668,24883.526041666668,24902.300625000003,24726.946260825887,24731.352689397318,24722.539832254457,False,False,False,-1168.8535901063542
1,2025-11-24 20:48:00+00:00,2025-11-24,2025-11-24 21:00:00+00:00,670268,value_area_bounce,-1,8.419999999999813,24897.870000000003,24890.620000000003,24883.120000000003,24900.620000000003,24727.428928253597,24731.638928253597,24723.2189282536,False,False,False,-3101.9319048737752
1,2025-11-24 20:50:00+00:00,2025-11-24,2025-11-24 21:00:00+00:00,670270,value_area_bounce,-1,10.227142857142358,24877.5,24892.302291666667,24883.010625000003,24899.271041666667,24728.44237861136,24733.55595003993,24723.32880718279,False,False,False,-7827.657717497239
1,2025-11-24 20:51:00+00:00,2025-11-24,2025-11-24 21:00:00+00:00,670271,value_area_bounce,-1,11.047857142857017,24883.370000000003,24892.276250000003,24881.755416666667,24898.588750000003,24728.88393402172,24734.407862593147,24723.360005450293,False,False,False,-7521.703443582525
1,2025-11-24 20:57:00+00:00,2025-11-24,2025-11-24 21:00:00+00:00,670277,value_area_bounce,-1,17.702857142856892,24891.5,24884.276250000003,24881.463750000003,24901.151250000003,24732.26902834207,24741.1204569135,24723.41759977064,False,False,False,-3965.4258638313254
1,2025-11-24 20:58:00+00:00,2025-11-24,2025-11-24 21:00:00+00:00,670278,value_area_bounce,-1,17.90857142857099,24894.370000000003,24898.338750000003,24881.463750000003,24903.963750000003,24732.691026716024,24741.645312430308,24723.73674100174,False,False,False,-8986.528661378094
1,2025-11-24 20:59:00+00:00,2025-11-24,2025-11-24 21:00:00+00:00,670279,value_area_bounce,-1,19.557142857142544,24881.370000000003,24898.338750000003,24881.463750000003,24901.151250000003,24733.705584400548,24743.48415582912,24723.927012971977,False,False,False,-17429.264401689074
1,2025-11-25 14:39:00+00:00,2025-11-25,2025-11-25 21:00:00+00:00,671279,value_area_bounce,-1,24.82714285714272,24783.84,24789.782708333336,24785.72229166667,24806.024375,24794.585863336986,24806.99943476556,24782.172291908413,False,False,False,-4024.2348934208717
1,2025-11-25 14:52:00+00:00,2025-11-25,2025-11-25 21:00:00+00:00,671292,value_area_bounce,1,37.93214285714281,24666.22,24801.173125,24648.829375,24824.610625,24715.338146540227,24734.3042179688,24696.372075111656,False,False,False,11742.730078259976
1,2025-11-25 14:53:00+00:00,2025-11-25,2025-11-25 21:00:00+00:00,671293,value_area_bounce,1,37.959285714285734,24666.47,24786.037708333337,24658.964791666665,24820.693958333337,24712.969813682856,24731.94945654,24693.990170825713,False,False,False,26125.084094591875
1,2025-11-25 14:54:00+00:00,2025-11-25,2025-11-25 21:00:00+00:00,671294,value_area_bounce,1,37.137857142857165,24693.59,24786.037708333337,24658.964791666665,24820.693958333337,24711.797011645354,24730.365940216783,24693.228083073926,False,False,False,39652.41769451248
1,2025-11-25 15:05:00+00:00,2025-11-25,2025-11-25 21:00:00+00:00,671305,value_area_bounce,1,40.82285714285744,24677.72,24786.037708333337,24658.964791666665,24809.141875,24705.289263794606,24725.700692366034,24684.87783522318,False,False,False,3604.0870135380765
1,2025-11-25 15:06:00+00:00,2025-11-25,2025-11-25 21:00:00+00:00,671306,value_area_bounce,1,40.36714285714307,24683.47,24786.037708333337,24658.964791666665,24809.141875,24704.295238136972,24724.478809565542,24684.111666708402,False,False,False,9428.086968187265
1,2025-11-25 15:35:00+00:00,2025-11-25,2025-11-25 21:00:00+00:00,671335,value_area_bounce,-1,33.534999999999854,24718.97,24695.016875,24657.391875,24723.235625,24703.58593417157,24720.35343417157,24686.818434171568,False,False,False,-11511.220802539929
1,2025-11-25 18:11:00+00:00,2025-11-25,2025-11-25 21:00:00+00:00,671491,value_area_bounce,1,12.63071428571415,24948.72,24953.949166666665,24939.115833333337,24979.9075,24756.506917093186,24762.82227423604,24750.19155995033,False,False,False,3420.217474854739
1,2025-11-25 18:37:00+00:00,2025-11-25,2025-11-25 21:00:00+00:00,671517,value_area_bounce,-1,8.867857142857506,24953.84,24943.861458333333,24924.904791666668,24962.818125,24763.515674335296,24767.949602906727,24759.081745763866,False,False,False,-484.6670818703226
1,2025-11-25 19:03:00+00:00,2025-11-25,2025-11-25 21:00:00+00:00,671543,value_area_bounce,-1,8.839285714285714,24962.59,24961.569375,24946.226875,24974.35479166667,24769.49831917792,24773.917962035062,24765.07867632078,False,False,False,-2494.674487854985
1,2025-11-25 19:06:00+00:00,2025-11-25,2025-11-25 21:00:00+00:00,671546,value_area_bounce,-1,9.509285714285786,24966.97,24959.012291666666,24946.226875,24974.35479166667,24770.314614699415,24775.06925755656,24765.55997184227,False,False,False,-861.202103274914
1,2025-11-25 20:59:00+00:00,2025-11-25,2025-11-25 21:00:00+00:00,671659,value_area_bounce,-1,14.024285714285725,25026.34,25028.553541666668,24972.428541666668,25042.584791666668,24796.702688485737,24803.71483134288,24789.690545628593,False,False,False,-6299.314185657073
1,2025-11-26 14:37:00+00:00,2025-11-26,2025-11-26 21:00:00+00:00,672657,value_area_bounce,-1,21.54357142857121,25167.38,25200.87125,25158.072083333333,25200.87125,25190.5818193557,25201.353605069984,25179.810033641414,False,False,False,-5467.055218798206
1,2025-11-26 15:05:00+00:00,2025-11-26,2025-11-26 21:00:00+00:00,672685,opening_range_breakout,-1,27.78714285714315,25102.38,25194.708125,25152.489375,25200.739375,25169.571090480116,25183.46466190869,25155.677519051544,False,False,False,-7085.878822093433
1,2025-11-26 15:08:00+00:00,2025-11-26,2025-11-26 21:00:00+00:00,672688,value_area_bounce,1,27.857857142857288,25160.75,25194.708125,25152.489375,25206.770625,25166.518594351124,25180.447522922554,25152.589665779695,False,False,False,8095.627238717429
1,2025-11-26 17:14:00+00:00,2025-11-26,2025-11-26 21:00:00+00:00,672814,value_area_bounce,1,11.890714285714369,25274.25,25280.432083333333,25272.119583333333,25299.82791666667,25182.53484244351,25188.480199586367,25176.589485300654,False,False,False,2.0367747756772587
1,2025-11-26 18:30:00+00:00,2025-11-26,2025-11-26 21:00:00+00:00,672890,value_area_bounce,-1,12.035714285714286,25288.63,25263.915,25230.885000000002,25293.275,25200.76404082622,25206.78189796908,25194.74618368336,False,False,False,-2250.0043476911924
1,2025-11-26 19:35:00+00:00,2025-11-26,2025-11-26 21:00:00+00:00,672955,value_area_bounce,-1,8.036428571428717,25271.5,25258.556458333333,25247.118125,25278.573541666665,25208.368675206624,25212.38688949234,25204.35046092091,False,False,False,-2352.5333602935198
1,2025-11-26 19:43:00+00:00,2025-11-26,2025-11-26 21:00:00+00:00,672963,value_area_bounce,-1,10.820714285714141,25266.38,25256.7225,25254.2275,25279.177499999998,25209.231133239682,25214.64149038254,25203.820776096825,False,False,False,-2725.382895955702
1,2025-11-26 20:06:00+00:00,2025-11-26,2025-11-26 21:00:00+00:00,672986,value_area_bounce,-1,7.758571428571356,25276.25,25278.072708333333,25266.165208333332,25284.026458333334,25211.021731351833,25214.90101706612,25207.142445637546,False,False,False,-233.80197753736252
1,2025-11-26 20:42:00+00:00,2025-11-26,2025-11-26 21:00:00+00:00,673022,value_area_bounce,1,7.39142857142828,25287.0,25279.790833333333,25277.9625,25301.730833333335,25214.25101048906,25217.946724774774,25210.555296203347,False,False,False,355.80424400601555
1,2025-11-28 14:30:00+00:00,2025-11-28,2025-11-28 18:00:00+00:00,674535,value_area_bounce,1,8.295714285714764,25318.0,25334.363750000004,25315.78875,25341.793750000004,25314.383333333335,25318.53119047619,25310.23547619048,False,False,False,908.028638888337
1,2025-11-28 14:39:00+00:00,2025-11-28,2025-11-28 18:00:00+00:00,674544,value_area_bounce,-1,15.132142857143792,25327.95,25313.79625,25304.59875,25335.257083333334,25335.15217335813,25342.7182447867,25327.586101929555,False,False,False,-1083.8483321987944
1,2025-11-28 14:40:00+00:00,2025-11-28,2025-11-28 18:00:00+00:00,674545,value_area_bounce,-1,16.73571428571527,25303.83,25313.79625,25304.59875,25335.257083333334,25333.08887297039,25341.45673011325,25324.721015827534,False,False,False,-1582.7954311893168
1,2025-11-28 14:46:00+00:00,2025-11-28,2025-11-28 18:00:00+00:00,674551,value_area_bounce,1,19.816428571429633,25317.25,25315.241875,25303.950624999998,25334.060625,25325.138852015734,25335.04706630145,25315.23063773002,False,False,False,1303.5216139150957
1,2025-11-28 15:25:00+00:00,2025-11-28,2025-11-28 18:00:00+00:00,674590,value_area_bounce,-1,10.607142857143117,25332.08,25334.060625,25315.241875,25341.588125000002,25329.047830370346,25334.35140179892,25323.744258941773,False,False,False,-1319.5367548602044
1,2025-11-28 15:28:00+00:00,2025-11-28,2025-11-28 18:00:00+00:00,674593,value_area_bounce,1,10.171428571428676,25322.95,25322.100833333334,25322.100833333334,25342.370833333334,25328.430079149144,25333.515793434857,25323.34436486343,False,False,False,211.7195646381167
1,2025-11-28 15:29:00+00:00,2025-11-28,2025-11-28 18:00:00+00:00,674594,value_area_bounce,1,10.305000000000032,25320.33,25334.984375,25314.290625,25334.984375,25328.191536808397,25333.344036808398,25323.039036808397,False,False,False,527.9721701911708
1,2025-11-28 15:38:00+00:00,2025-11-28,2025-11-28 18:00:00+00:00,674603,value_area_bounce,-1,11.071428571428571,25330.58,25320.258125,25316.143958333334,25336.71479166667,25328.47012834016,25334.005842625873,25322.934414054445,False,False,False,-288.85156688417135
1,2025-11-28 16:33:00+00:00,2025-11-28,2025-11-28 18:00:00+00:00,674658,value_area_bounce,1,12.392142857142712,25353.7,25381.090625,25349.809375,25383.934375,25343.838262787325,25350.034334215896,25337.642191358755,False,False,False,2905.490009089176
1,2025-11-28 16:35:00+00:00,2025-11-28,2025-11-28 18:00:00+00:00,674660,value_area_bounce,1,11.901428571428498,25358.83,25381.090625,25352.653125,25383.934375,25344.104912510247,25350.055626795962,25338.154198224533,False,False,False,3153.996967248046
1,2025-11-28 17:35:00+00:00,2025-11-28,2025-11-28 18:00:00+00:00,674720,value_area_bounce,1,9.295000000000073,25375.7,25379.35625,25369.48125,25385.939583333333,25353.148959225342,25357.79645922534,25348.501459225343,False,False,False,1679.4568707304134
1,2025-12-01 14:31:00+00:00,2025-12-01,2025-12-01 21:00:00+00:00,675692,value_area_bounce,-1,13.392142857142712,25210.97,25233.178125,25213.05479166667,25233.178125,25228.35629967218,25235.05237110075,25221.66022824361,False,False,False,-2757.5961165644703
1,2025-12-01 14:32:00+00:00,2025-12-01,2025-12-01 21:00:00+00:00,675693,value_area_bounce,1,15.106428571428426,25223.47,25223.116458333334,25213.05479166667,25233.178125,25224.400443875787,25231.953658161503,25216.847229590072,False,False,False,2363.018315717615
1,2025-12-01 14:33:00+00:00,2025-12-01,2025-12-01 21:00:00+00:00,675694,value_area_bounce,1,17.47214285714264,25243.72,25217.533333333333,25214.82,25233.813333333335,25227.09397405287,25235.83004548144,25218.3579026243,False,False,False,6556.996776337925
1,2025-12-01 14:39:00+00:00,2025-12-01,2025-12-01 21:00:00+00:00,675700,value_area_bounce,-1,24.6514285714285,25220.72,25252.9075,25217.490833333337,25256.449166666665,25242.110454665704,25254.43616895142,25229.78474037999,False,False,False,-5108.919485299199
1,2025-12-01 14:45:00+00:00,2025-12-01,2025-12-01 21:00:00+00:00,675706,value_area_bounce,1,32.15785714285708,25238.47,25235.876875,25208.344375,25249.643125000002,25230.831080944736,25246.910009516163,25214.75215237331,False,False,False,16174.39065827562
1,2025-12-01 15:15:00+00:00,2025-12-01,2025-12-01 21:00:00+00:00,675736,value_area_bounce,-1,21.492142857143076,25301.72,25270.24125,25173.077083333334,25307.612083333333,25271.845362301876,25282.591433730446,25261.099290873306,False,False,False,-4535.914894989727
1,2025-12-01 19:00:00+00:00,2025-12-01,2025-12-01 21:00:00+00:00,675961,value_area_bounce,-1,6.9028571428573615,25432.09,25429.631041666667,25423.192708333336,25436.069375,25322.853111206652,25326.30453977808,25319.401682635224,False,False,False,-1813.1285177311102
1,2025-12-01 19:34:00+00:00,2025-12-01,2025-12-01 21:00:00+00:00,675995,value_area_bounce,1,14.062142857142785,25345.84,25410.47,25331.136666666665,25410.47,25326.586110385575,25333.617181814145,25319.555038957005,False,False,False,1755.002884444439
1,2025-12-01 20:00:00+00:00,2025-12-01,2025-12-01 21:00:00+00:00,676021,value_area_bounce,1,12.713571428571283,25341.59,25338.596458333333,25330.732291666667,25366.121041666665,25327.76256887871,25334.119354592993,25321.405783164424,False,False,False,1620.5704399352521
1,2025-12-01 20:01:00+00:00,2025-12-01,2025-12-01 21:00:00+00:00,676022,value_area_bounce,1,12.276428571428498,25341.09,25338.596458333333,25330.732291666667,25366.121041666665,25327.7920729416,25333.930287227315,25321.653858655885,False,False,False,3700.9924537378392
1,2025-12-01 20:50:00+00:00,2025-12-01,2025-12-01 21:00:00+00:00,676071,value_area_bounce,-1,9.991428571428644,25366.84,25368.822916666668,25350.61625,25371.09875,25330.27850570648,25335.274219992192,25325.282791420766,False,False,False,-4481.824477576698
1,2025-12-01 20:51:00+00:00,2025-12-01,2025-12-01 21:00:00+00:00,676072,value_area_bounce,-1,10.634285714285786,25357.84,25369.194166666668,25351.5275,25369.194166666668,25330.352215499926,25335.66935835707,25325.035072642782,False,False,False,-3764.379881133218
1,2025-12-01 20:59:00+00:00,2025-12-01,2025-12-01 21:00:00+00:00,676080,value_area_bounce,1,15.302857142856997,25361.84,25352.241041666668,25349.913125,25368.536458333336,25330.7222034505,25338.37363202193,25323.07077487907,False,False,False,11096.669896517391
1,2025-12-02 15:40:00+00:00,2025-12-02,2025-12-02 21:00:00+00:00,677141,value_area_bounce,1,23.795000000000332,25554.890000000003,25599.786041666666,25538.161041666666,25610.056875,25549.276429913316,25561.173929913315,25537.378929913317,False,False,False,7302.154250863311
1,2025-12-02 16:20:00+00:00,2025-12-02,2025-12-02 21:00:00+00:00,677181,value_area_bounce,1,24.79357142857043,25500.01,25526.827500000003,25494.535833333335,25584.952500000003,25554.14544108881,25566.542226803096,25541.748655374526,False,False,False,5895.86407094039
1,2025-12-02 16:37:00+00:00,2025-12-02,2025-12-02 21:00:00+00:00,677198,value_area_bounce,1,24.872142857143313,25448.01,25617.444375000003,25436.727291666666,25628.07479166667,25534.327843486793,25546.763914915366,25521.89177205822,False,False,False,10720.968981121061
1,2025-12-02 18:06:00+00:00,2025-12-02,2025-12-02 21:00:00+00:00,677287,value_area_bounce,1,18.09642857142691,25531.26,25562.20625,25520.332916666666,25577.90875,25526.04237583893,25535.090590124644,25516.994161553215,False,False,False,5426.397038879966
1,2025-12-02 18:16:00+00:00,2025-12-02,2025-12-02 21:00:00+00:00,677297,value_area_bounce,1,13.865714285713953,25521.01,25562.20625,25509.864583333336,25577.90875,25525.7826233266,25532.715480469455,25518.849766183743,False,False,False,3451.338773914905
1,2025-12-02 18:57:00+00:00,2025-12-02,2025-12-02 21:00:00+00:00,677338,value_area_bounce,-1,11.760000000000998,25529.76,25513.66604166667,25508.895208333335,25530.363958333335,25525.517547406227,25531.397547406228,25519.637547406226,False,False,False,-504.5390485526882
1,2025-12-02 20:44:00+00:00,2025-12-02,2025-12-02 21:00:00+00:00,677445,value_area_bounce,1,9.269285714287046,25584.76,25589.10875,25584.06125,25597.52125,25531.799129257433,25536.43377211458,25527.16448640029,False,False,False,3202.8003612611674
1,2025-12-02 20:50:00+00:00,2025-12-02,2025-12-02 21:00:00+00:00,677451,value_area_bounce,-1,10.350000000001662,25580.76,25589.10875,25579.01375,25592.47375,25532.33894271915,25537.51394271915,25527.16394271915,False,False,False,-4151.239562183748
1,2025-12-03 14:34:00+00:00,2025-12-03,2025-12-03 21:00:00+00:00,678455,value_area_bounce,-1,28.180714285714203,25437.980000000003,25422.126041666663,25391.032291666663,25473.948958333334,25463.51300010845,25477.603357251308,25449.422642965594,False,False,False,-6372.762583996013
1,2025-12-03 14:37:00+00:00,2025-12-03,2025-12-03 21:00:00+00:00,678458,value_area_bounce,-1,31.701428571428032,25459.85,25453.219791666663,25422.126041666663,25484.313541666663,25462.344815358498,25478.19552964421,25446.494101072785,False,False,False,-8308.306931991177
1,2025-12-03 14:42:00+00:00,2025-12-03,2025-12-03 21:00:00+00:00,678463,value_area_bounce,-1,37.91571428571375,25446.1,25453.219791666663,25422.126041666663,25473.948958333334,25457.460096507923,25476.41795365078,25438.502239365065,False,False,False,-14545.188980831794
1,2025-12-03 14:46:00+00:00,2025-12-03,2025-12-03 21:00:00+00:00,678467,value_area_bounce,1,32.73714285714232,25463.1,25448.583124999997,25438.931875000002,25487.188125,25456.44282391563,25472.8113953442,25440.07425248706,False,False,False,4346.612685954121
1,2025-12-03 14:54:00+00:00,2025-12-03,2025-12-03 21:00:00+00:00,678475,value_area_bounce,1,29.546428571428155,25454.6,25451.558125000003,25434.416875000003,25474.413125,25451.001706331062,25465.774920616775,25436.22849204535,False,False,False,9604.432411230151
1,2025-12-03 19:35:00+00:00,2025-12-03,2025-12-03 21:00:00+00:00,678756,value_area_bounce,1,6.3842857142860465,25616.480000000003,25608.37583333334,25608.37583333334,25614.209166666667,25510.942483131857,25514.134625989,25507.750340274713,False,False,False,1382.0652743844578
1,2025-12-03 20:05:00+00:00,2025-12-03,2025-12-03 21:00:00+00:00,678786,value_area_bounce,-1,5.086428571429029,25624.85,25608.87583333334,25604.25083333334,25625.834166666667,25513.75402357739,25516.297237863102,25511.210809291675,False,False,False,-1640.972943258688
1,2025-12-03 20:45:00+00:00,2025-12-03,2025-12-03 21:00:00+00:00,678826,value_area_bounce,-1,5.687857142857475,25641.6,25637.353125,25635.200625000005,25643.810625000006,25517.936595306295,25520.780523877725,25515.092666734865,False,False,False,-239.29815222595062
1,2025-12-04 14:40:00+00:00,2025-12-04,2025-12-04 21:00:00+00:00,679841,value_area_bounce,1,33.533571428570475,25603.42,25581.285208333335,25573.728125,25664.413125,25591.828780973963,25608.595566688247,25575.06199525968,False,False,False,19910.66053033859
1,2025-12-04 14:43:00+00:00,2025-12-04,2025-12-04 21:00:00+00:00,679844,value_area_bounce,1,39.44428571428476,25575.17,25581.285208333335,25551.056875000002,25626.627708333333,25587.570754672455,25607.292897529598,25567.848611815312,False,False,False,4667.4506195920685
1,2025-12-04 14:54:00+00:00,2025-12-04,2025-12-04 21:00:00+00:00,679855,value_area_bounce,1,27.17499999999979,25550.550000000003,25558.613958333335,25543.49979166667,25596.399375,25575.42575933963,25589.01325933963,25561.838259339627,False,False,False,6679.3323297926445
1,2025-12-04 14:55:00+00:00,2025-12-04,2025-12-04 21:00:00+00:00,679856,value_area_bounce,1,25.987142857142317,25559.050000000003,25558.613958333335,25543.49979166667,25588.842291666668,25574.91404696817,25587.90761839674,25561.9204755396,False,False,False,4200.966977497945
1,2025-12-04 15:50:00+00:00,2025-12-04,2025-12-04 21:00:00+00:00,679911,value_area_bounce,-1,15.97214285714186,25547.17,25528.56125,25523.61875,25568.10125,25559.475758491313,25567.461829919885,25551.48968706274,False,False,False,-5172.169511084221
1,2025-12-04 16:34:00+00:00,2025-12-04,2025-12-04 21:00:00+00:00,679955,value_area_bounce,-1,12.540714285713745,25542.67,25539.57083333333,25507.040833333333,25555.83583333333,25552.247941632326,25558.518298775183,25545.97758448947,False,False,False,-2182.851268878835
1,2025-12-04 18:33:00+00:00,2025-12-04,2025-12-04 21:00:00+00:00,680074,value_area_bounce,-1,6.875,25585.17,25580.41375,25566.00875,25585.215416666666,25557.597014756968,25561.034514756968,25554.159514756968,False,False,False,-113.80456294610121
1,2025-12-04 18:50:00+00:00,2025-12-04,2025-12-04 21:00:00+00:00,680091,value_area_bounce,1,8.40214285714319,25567.800000000003,25580.41375,25563.607916666668,25587.61625,25557.981288276464,25562.182359705035,25553.780216847892,False,False,False,297.78288735796934
1,2025-12-04 19:26:00+00:00,2025-12-04,2025-12-04 21:00:00+00:00,680127,value_area_bounce,1,18.5,25499.550000000003,25567.800000000003,25496.300000000003,25584.300000000003,25555.238548701873,25564.488548701873,25545.988548701873,False,False,False,3006.4210781579477
1,2025-12-04 19:27:00+00:00,2025-12-04,2025-12-04 21:00:00+00:00,680128,value_area_bounce,1,18.892857142857142,25513.92,25567.800000000003,25496.300000000003,25584.300000000003,25555.061099643295,25564.507528214723,25545.614671071868,False,False,False,10057.129411491282
1,2025-12-04 19:30:00+00:00,2025-12-04,2025-12-04 21:00:00+00:00,680131,value_area_bounce,1,20.204999999999668,25503.550000000003,25566.518750000003,25495.831250000003,25577.393750000003,25554.529255436693,25564.631755436694,25544.426755436692,False,False,False,6087.425116040991
1,2025-12-05 14:35:00+00:00,2025-12-05,2025-12-05 21:00:00+00:00,681216,value_area_bounce,-1,17.536428571428196,25714.13,25729.345624999998,25591.482708333333,25737.455208333333,25716.63807337592,25725.406287661637,25707.869859090206,False,False,False,-3778.697539785947
1,2025-12-05 14:44:00+00:00,2025-12-05,2025-12-05 21:00:00+00:00,681225,value_area_bounce,1,25.464999999999627,25675.26,25732.04125,25667.72875,25732.04125,25701.08029403917,25713.812794039168,25688.34779403917,False,False,False,7339.851100207608
1,2025-12-05 15:47:00+00:00,2025-12-05,2025-12-05 21:00:00+00:00,681288,value_area_bounce,1,13.724285714285154,25791.13,25818.980624999997,25785.770624999997,25823.131875,25750.354478055797,25757.21662091294,25743.492335198654,False,False,False,128.28627372632127
1,2025-12-05 16:17:00+00:00,2025-12-05,2025-12-05 21:00:00+00:00,681318,value_area_bounce,1,17.381428571429883,25673.63,25703.307083333333,25660.682083333333,25774.34875,25738.723512950048,25747.414227235764,25730.03279866433,False,False,False,3656.265478312635
1,2025-12-05 16:19:00+00:00,2025-12-05,2025-12-05 21:00:00+00:00,681320,value_area_bounce,1,18.480000000001123,25662.63,25700.302916666667,25656.647916666665,25773.06125,25737.309571582722,25746.549571582724,25728.06957158272,False,False,False,5127.530208466125
1,2025-12-05 16:20:00+00:00,2025-12-05,2025-12-05 21:00:00+00:00,681321,value_area_bounce,1,18.997857142858265,25671.88,25698.020625,25653.583125,25757.270625,25736.56324356189,25746.06217213332,25727.06431499046,False,False,False,6801.172476124664
1,2025-12-05 17:01:00+00:00,2025-12-05,2025-12-05 21:00:00+00:00,681362,value_area_bounce,-1,14.59785714285733,25683.26,25665.78625,25633.84875,25684.03625,25720.12494866277,25727.4238772342,25712.826020091343,False,False,False,-1506.6216838503392
1,2025-12-05 18:42:00+00:00,2025-12-05,2025-12-05 21:00:00+00:00,681463,value_area_bounce,-1,8.946428571428571,25698.38,25696.900625000002,25682.433125,25704.134375,25710.76201535722,25715.235229642934,25706.288801071507,False,False,False,-2945.1191006374384
1,2025-12-05 19:01:00+00:00,2025-12-05,2025-12-05 21:00:00+00:00,681482,value_area_bounce,1,7.1699999999998125,25689.38,25696.900625000002,25682.433125,25706.545625,25710.3100900133,25713.8950900133,25706.7250900133,False,False,False,44.626262626252355
1,2025-12-05 19:50:00+00:00,2025-12-05,2025-12-05 21:00:00+00:00,681531,value_area_bounce,1,6.90214285714267,25686.63,25689.301875,25681.333125,25694.083125,25708.60279033155,25712.053861760123,25705.15171890298,False,False,False,1811.905723906229
1,2025-12-05 20:01:00+00:00,2025-12-05,2025-12-05 21:00:00+00:00,681542,value_area_bounce,-1,6.902857142856582,25696.63,25688.78625,25682.03625,25698.91125,25708.456615761737,25711.908044333166,25705.00518719031,False,False,False,-1447.626436781619
1,2025-12-05 20:32:00+00:00,2025-12-05,2025-12-05 21:00:00+00:00,681573,value_area_bounce,1,7.080714285714099,25691.88,25690.47375,25682.03625,25698.91125,25707.776952349643,25711.3173094925,25704.236595206785,False,False,False,613.0137596062642
1,2025-12-05 20:53:00+00:00,2025-12-05,2025-12-05 21:00:00+00:00,681594,value_area_bounce,1,11.660000000000375,25680.88,25689.008958333332,25678.780625,25696.680208333335,25706.519882341607,25712.34988234161,25700.689882341605,False,False,False,466.11743536570407
1,2025-12-05 20:57:00+00:00,2025-12-05,2025-12-05 21:00:00+00:00,681598,value_area_bounce,1,13.552857142857517,25684.88,25689.008958333332,25673.666458333333,25694.123125000002,25706.184698692334,25712.961127263763,25699.408270120904,False,False,False,41.01792832314959
1,2025-12-05 20:59:00+00:00,2025-12-05,2025-12-05 21:00:00+00:00,681600,value_area_bounce,-1,14.34714285714342,25692.26,25686.451875,25673.666458333333,25694.123125000002,25706.073143021742,25713.246714450313,25698.89957159317,False,False,False,-2304.301774026328
